,W-0,R-0,R-1,R-2,R-3,R-4,
128508519665,24687,10674,8443,11180,11560,11388,
128510019665,18878,15812,3416,5205,7025,9275,
128511019665,26230,12123,3178,4830,7106,8993,
128512019665,246569,23142,3207,16445,7117,8929,
128513019665,26749,12146,2967,4945,6963,8998,
128513519665,42305,12456,3018,5015,6866,9214,
128514019665,18947,12446,14044,5066,7068,8989,
128514519665,31658,12784,3176,15665,6823,9078,
128515019665,41902,12428,2972,5068,6947,8936,
128515519665,16773,12395,14097,5011,7016,8825,
128517019665,181970,12397,4821,5079,6930,8992,
128518019665,39589,12046,3014,5211,7540,8890,
128518519665,26971,15063,14904,28030,18065,14488,
128519019665,70416,11892,3016,4962,6978,8957,
128519519665,45885,12521,3141,5162,6938,8967,
128520019665,19953,12517,14122,5080,7412,8857,
128520519665,29916,12418,3327,5107,6975,9039,
128521019665,33096,12209,3122,4961,6850,8784,
128522019665,12162,12529,3459,4999,7145,9331,
128522519665,20315,12056,2920,6892,7212,8982,
128523019665,29513,12241,14028,4884,6883,9090,
128523519665,39179,12186,2896,5072,6933,8893,
128524519665,23811,12395,3019,4980,6896,9131,
128525519665,8732,12532,2903,5117,6938,8984,
128526019665,12037,12779,3012,4947,6953,9007,
128528019665,15096,12827,14233,5167,7065,9124,
128528519665,23330,12155,14330,5081,6954,8971,
128529019665,33691,12049,2920,4936,6986,9159,
128529519665,182316,12540,3028,5212,7236,9140,
128530019665,17644,12473,2910,4844,6969,8867,
128532519665,13477,13582,3076,15738,17565,9094,
128533519665,36988,12253,2852,4953,6795,8796,
128534019665,80662,12068,2878,4949,6992,9393,
128534519665,38649,11975,2990,4915,7018,9300,
128535019665,144986,12002,2937,4953,6871,8832,
128535519665,54564,12136,3642,5180,7330,8920,
128536519665,18612,12121,2990,4878,6918,8934,
128537019665,33191,12098,3245,4786,6895,9080,
128537519665,36508,12397,13951,5264,6879,8921,
128539519665,45973,23188,3580,15811,7024,19622,
128540019665,38728,12619,2997,5013,6899,10445,
128541519665,34312,12379,3074,5000,6927,8920,
128542019665,173612,12115,14400,5166,28549,9021,
128542519665,27903,11960,2846,4754,6729,8835,
128543019665,36546,12425,2935,5031,6853,9230,
128544019665,15301,12129,3711,5211,6884,9164,
128545519665,91053,66437,46438,48596,50230,52551,
128546019665,120867,44891,2738,26641,6990,8848,
128546519665,161273,11928,14719,26960,6909,8753,
128547519665,22504,11940,3090,4896,6869,8860,
128549019665,17709,12392,3140,5272,6927,9010,
128550019665,43811,12586,15028,4987,6944,9043,
128551519665,27843,12187,2968,5114,7227,9002,
128552019665,14244,12111,3044,5085,7062,8993,
128553019665,21121,34839,25383,16001,6922,8952,
128553519665,19290,12024,3083,4979,6978,8949,
128555019665,35937,13594,13989,4894,6884,8905,
128555519665,137598,12331,3114,4824,6902,9004,
128556019665,20485,12111,2875,4866,6894,8868,
128556519665,35572,11894,2893,4867,6830,8841,
128558519665,21643,11983,3386,5021,6965,8958,
128560519665,50018,23120,35474,4903,17906,33562,
128561019665,33870,12150,3895,4863,6822,8969,
128562519665,21718,12250,2972,4861,6709,9141,
128564019665,61680,12099,2947,4789,6942,8839,
128566519665,40816,11875,3848,5103,7037,9073,
128567019665,156978,12091,3090,4997,6964,8998,
128568019665,20749,11870,2725,4739,6989,8717,
128568519665,25015,12563,2961,4906,6806,8819,
128569019665,23175,11857,2884,4819,6848,8821,
128570019665,48630,11738,2820,5330,6884,8706,
128572519665,300000,12069,15008,4949,17802,8776,
128573019665,68670,12277,3758,5070,6925,8868,
128574019665,45245,12151,3065,5045,7020,8880,
128574519665,48757,12044,13752,5034,7018,8872,
128575019665,136158,12136,2868,5138,6909,8901,
128575519665,19909,11910,3544,5001,6759,8907,
128577519665,25215,23021,13728,91506,17565,19546,
128578519665,21652,11837,2797,4764,6859,8766,
128581019665,32688,12101,2873,4804,6809,8902,
128582019665,17065,11888,14197,15748,6974,8910,
128582519665,43542,12090,3123,4960,6984,9005,
128585019665,22259,12105,3185,4788,6963,8931,
128585519665,66221,12103,13906,15766,17702,19549,
128586519665,49577,11986,2774,4912,7016,8881,
128589019665,38705,13182,14074,15894,6817,8784,
128590519665,37537,11882,2865,4771,6826,9023,
128591019665,42907,11737,2846,4730,6749,8817,
128591519665,45744,11639,3011,5027,7221,8734,
128592019665,36714,12167,3116,4977,17638,19666,
128592519665,17170,12242,2996,4968,7130,8989,
128593019665,32552,12072,3197,5421,6895,8938,
128593519665,50797,22694,3007,15920,7032,19988,
128595019665,50614,11932,2809,4722,6788,9063,
128595519665,21635,11862,2865,4790,6856,8763,
128596019665,36965,12054,2837,4870,6826,8825,
128598519665,37606,11857,2801,15917,17774,20071,
128599019665,21174,11690,2761,4772,6821,9126,
128600019665,17549,12287,14372,5030,6987,10012,
128601019665,36023,11709,2938,4857,6846,8806,
128601519665,22332,23455,13805,4818,6795,19533,
128602019665,22111,12089,2733,4814,6757,8790,
128602519665,31619,12138,3041,15607,17563,8850,
128605019665,17499,12085,2797,4735,6869,8789,
128607019665,14541,11982,2745,5063,6775,8937,
128607519665,47401,12140,24836,5114,6899,19677,
128608019665,29478,241041,240825,254252,255940,290326,
128608519665,27423,23472,67784,27529,6982,19695,
128609019665,127832,12315,25553,5187,6967,8926,
128609519665,87322,23232,25024,26823,18109,19832,
128611019665,50641,12308,3281,5166,7031,8904,
128612019665,11107,12368,2958,4782,6918,8878,
128612519665,28181,11710,3112,4839,6755,8999,
128613019665,43694,12027,2990,4897,6718,8756,
128613519665,24423,12789,3069,4966,7036,9134,
128615019665,13968,12143,3043,5120,7015,8854,
128615519665,166579,12372,3084,5104,6742,8755,
128616519665,22858,12066,13618,4881,6934,8858,
128618519665,42664,11974,2886,4759,6769,8773,
128619519665,38536,12301,6599,6516,6969,8901,
128620519665,17533,11941,2978,4883,6967,8875,
128621519665,23724,11907,2833,4880,6735,9213,
128622019665,22542,11633,2774,4863,6776,8780,
128623519665,21047,12215,2937,4826,7077,8803,
128626019665,7511,33589,2882,4921,28820,9220,
128627019665,37149,11890,3215,4920,6756,8864,
128629519665,31877,22713,2789,26207,6723,30838,
128630019665,82192,12333,3083,4922,17711,8874,
128630519665,44941,11874,3048,4914,7058,8991,
128631019665,31784,12040,2901,15715,17783,19989,
128632519665,70657,12669,3113,5196,7250,19631,
128633019665,151874,14237,14083,4974,7283,8873,
128633519665,70414,11779,3010,4992,6901,8894,
128635519665,61059,11933,2817,4781,6783,8853,
128637019665,9118,11969,2926,4803,6776,8814,
128637519665,29498,12013,2975,15641,17487,8862,
128638019665,56833,12183,3121,4861,6719,8852,
128638519665,25436,12271,13991,5087,6764,8922,
128639019665,29821,11901,2873,5228,6719,9245,
128639519665,55524,11880,3024,4867,6862,8825,
128640019665,26514,11922,2787,4797,6890,8785,
128641519665,24937,11626,2844,5151,6877,8748,
128642519665,48318,12308,3073,5022,7011,8839,
128643019665,40603,22670,2779,26461,6839,19779,
128643519665,49523,11770,13673,15550,7114,8732,
128644019665,16188,11731,2815,4771,17623,9087,
128645019665,13435,12458,13816,4913,6846,9332,
128646019665,10988,11754,2839,26698,6805,8871,
128647019665,29259,12023,2852,4816,6785,8771,
128647519665,19416,11991,13799,4864,6721,8813,
128648019665,13827,11999,3047,4727,6813,8862,
128650519665,46651,12105,2813,4864,6841,8778,
128652519665,55732,12665,2874,4791,6946,8740,
128654019665,40539,12636,14126,5030,6867,8868,
128656019665,26174,11956,3239,4807,6868,8847,
128656519665,76048,23128,37034,15784,6952,41467,
128657519665,51685,11852,2855,4744,6753,8800,
128658519665,38694,23000,24517,15528,6893,19568,
128659019665,19578,12129,3426,4921,7146,9231,
128659519665,40072,11909,3000,4861,7038,8857,
128662019665,13857,12082,3147,4840,6836,8897,
128663019665,29195,12401,3008,5116,7030,9151,
128664519665,27983,11987,2889,4799,18003,19804,
128667019665,42440,12039,13951,4998,6874,8837,
128668519665,15310,34547,2852,4808,56658,56650,
128670019665,87755,25445,46982,38545,41987,21619,
128671519665,42149,11918,13501,4746,6811,8814,
128673019665,26276,12017,24962,4855,7102,19630,
128673519665,36196,11533,2853,4751,6737,8818,
128674019665,39813,23491,14543,5039,28479,19510,
128674519665,46693,22627,14099,4905,28682,41088,
128675019665,140064,44727,2837,4910,6793,8849,
128676019665,279126,12293,2962,16159,17859,19697,
128676519665,300000,89813,90265,103965,82511,84242,
128677019665,300000,12443,25279,5247,51471,20255,
128678019665,285170,45850,14148,15928,6961,8909,
128680019665,30158,12063,13717,4952,6780,8859,
128681019665,49652,23098,3164,26707,6924,9751,
128684019665,38984,12504,2729,4828,6788,8843,
128684519665,35571,11959,3121,5020,6914,8805,
128685519665,26035,12069,13847,5027,6878,9022,
128687019665,21535,12030,2904,4759,6776,8798,
128687519665,36755,12014,2916,4864,6815,8790,
128688019665,40723,11807,13585,4891,6944,8762,
128688519665,38983,12041,13629,4802,6840,8877,
128689519665,258747,11983,2888,4733,6756,8948,
128690519665,300000,12460,3134,4970,7081,9016,
128691019665,63088,14765,2897,4877,7288,8927,
128692019665,20156,12004,2966,5087,6707,8709,
128693519665,46985,11936,13586,5140,6823,8730,
128694019665,155293,14728,2956,4816,6727,8806,
128695019665,40515,11688,2864,4755,6773,8799,
128695519665,48558,11751,2967,5165,7078,8750,
128696019665,46639,12418,14072,5017,6960,8927,
128696519665,38598,11967,2808,4971,6768,8850,
128698519665,24776,11777,2935,4797,6839,8770,
128699019665,141569,12004,2946,4902,6786,9041,
128700519665,41296,11670,2868,4726,6902,8742,
128701019665,21946,11925,3153,4885,6934,8852,
128701519665,12533,12170,14487,6502,7022,8921,
128703519665,52056,11945,3080,4845,6879,8903,
128704519665,19812,12139,2860,4929,6889,8690,
128708519665,43215,12041,2785,4729,6938,8994,
128709019665,14598,11819,13962,5019,7048,8995,
128710019665,19063,12169,3006,5012,6770,9085,
128710519665,25028,11971,3089,4938,6790,8789,
128711519665,12582,11788,2794,4718,6825,8816,
128712019665,20242,11944,24180,4796,28528,19517,
128712519665,35303,11679,2829,4696,6737,8734,
128713519665,19776,11809,2972,4890,6953,8875,
128714019665,35317,12525,2976,5083,7066,8838,
128715519665,34095,12037,2818,4974,6843,8966,
128716019665,43516,11921,13806,5639,6868,8919,
128717519665,300000,11726,2990,4819,6820,8726,
128718019665,115399,17526,17199,17016,18146,8822,
128718519665,147919,34427,15202,5580,17987,9063,
128719519665,300000,34439,35502,48606,50548,52297,
128720519665,300000,12032,13713,15698,6984,19860,
128722019665,16005,11787,2793,4913,6920,8795,
128723019665,18906,12053,24461,15629,17464,8891,
128725019665,12908,11937,2958,4832,6734,8804,
128725519665,10738,11637,13553,4720,6701,8803,
128726019665,25898,12511,3112,4782,6698,9004,
128726519665,124197,12465,3038,5234,6953,8821,
128727519665,26432,12005,2885,4771,6766,8847,
128728019665,37890,12228,2813,80703,6785,52270,
128728519665,14240,34266,14433,4998,39486,9187,
128729019665,19511,12057,3223,16177,6783,9281,
128729519665,64252,12089,2986,5102,6936,9015,
128730019665,122565,12126,2851,4760,6782,8717,
128732019665,26460,11835,13661,15615,17584,8841,
128733019665,46648,11983,4034,5103,6778,8779,
128734519665,41157,12085,13735,4772,8518,8873,
128737019665,14974,11730,2917,4716,6772,8772,
128737519665,30095,12167,14004,15422,7003,8767,
128738019665,119139,11937,2982,4783,6953,9097,
128739519665,228884,45466,24991,26909,18069,52965,
128740019665,34632,12018,3110,5251,7126,8973,
128741019665,41650,11926,2920,4767,6856,9037,
128742019665,21586,12027,3093,4820,6818,8725,
128742519665,47938,11934,13907,4776,6843,9248,
128743019665,52284,23409,13839,15769,17484,19785,
128743519665,25393,23329,25530,15944,18308,19862,
128744019665,119662,12465,25119,26645,6843,20155,
128744519665,18256,11935,2748,4749,6723,8849,
128745019665,155667,12125,13684,15965,17665,19605,
128745519665,66625,11987,2969,4854,6793,8893,
128746019665,14490,11961,14057,15889,17985,9105,
128746519665,40287,12012,3812,5119,6899,8856,
128747519665,25281,12115,2998,5061,6818,8762,
128748019665,12159,12005,3176,4998,7159,8935,
128748519665,39188,12020,2948,5020,6986,9012,
128749519665,30115,12109,2947,4858,6925,9001,
128750019665,40322,12184,2798,4823,6926,9028,
128751019665,41834,11871,3617,5312,6851,8795,
128751519665,35450,11946,13689,4926,6867,8813,
128752019665,30890,12011,13620,5285,7129,8889,
128752519665,38063,12011,2771,16456,6911,9473,
128753519665,16186,12241,2969,5093,6908,8849,
128754019665,42849,12002,2820,4710,7157,8807,
128754519665,35527,11797,2948,4917,6878,8782,
128755019665,150470,11773,2900,5085,6832,8812,
128757519665,41589,11906,2896,4772,6756,8737,
128758019665,22965,12029,2845,4854,6914,8746,
128760019665,133565,12089,3161,5454,6868,8882,
128762519665,16502,12300,2788,4731,50221,8821,
128766019665,95033,12027,3164,5015,6956,9035,
128766519665,95072,12092,3061,4910,6860,8780,
128768019665,40053,12404,2941,4814,6953,9044,
128768519665,36663,12137,2844,4927,6837,8869,
128769019665,24044,12468,2842,5089,6822,8869,
128770519665,59549,12371,13853,4947,6839,8995,
128771019665,11947,12135,2964,4799,6783,8868,
128772019665,34062,12170,2826,5135,6881,9062,
128773019665,22139,12069,3061,5209,7005,9008,
128773519665,43821,12089,2762,4837,6781,8733,
128774019665,36393,12128,13800,4764,17677,19673,
128774519665,40187,11952,5851,6454,7501,8677,
128776019665,12142,11902,13606,4961,18630,9125,
128777019665,17080,12242,2984,4883,6765,8863,
128777519665,35947,11923,3081,4863,6818,8848,
128778519665,27131,12085,14012,4924,7163,8863,
128779519665,40643,11691,2811,4859,6821,9127,
128780019665,21736,11949,2820,4979,6726,8806,
128780519665,8558,11817,2790,4929,6739,8917,
128783519665,38637,11809,2933,4729,6676,9256,
128784519665,30710,12655,13890,15804,7009,9064,
128786019665,29671,12040,2755,4812,7010,8862,
128787019665,30929,11838,14127,4735,6878,8838,
128788019665,34978,11880,3111,4799,6875,8806,
128789519665,28849,12066,2870,4774,6766,8753,
128790019665,9103,11751,2810,4774,6922,8749,
128790519665,97262,11658,13830,15864,7138,8995,
128793019665,117885,12392,2864,4988,6965,9089,
128793519665,53616,12193,2844,4713,6726,9060,
128795019665,21879,11920,2810,4808,6897,8723,
128795519665,59970,11933,13582,4824,6800,8766,
128796019665,45284,22720,13957,15483,17594,19522,
128797519665,11038,11893,13605,17501,6995,8926,
128798019665,13736,12079,2992,5280,6812,8946,
128798519665,40299,11927,2712,4905,6807,8693,
128799519665,12850,12270,3092,5217,6944,9013,
128802519665,17089,12039,3063,16280,6811,8783,
128803019665,21619,14892,15228,15559,18096,9053,
128804019665,11075,55113,2981,4896,17876,8813,
128804519665,25676,12119,2872,4795,6720,8766,
128806019665,30575,11958,2960,4756,7005,8915,
128807019665,32157,11837,2874,4761,6747,8791,
128808519665,19501,12036,3025,4931,6835,8931,
128809019665,34731,12102,14262,4921,6862,8745,
128809519665,49885,11747,2926,4771,6769,8739,
128812019665,33640,11992,2886,4916,6925,8771,
128813019665,92045,12443,3028,16328,18332,8956,
128813519665,27092,11917,2947,5254,6983,8920,
128814519665,279874,12085,2972,4856,6893,8939,
128817519665,19724,11769,3108,4718,6724,8858,
128818019665,35768,11776,2817,4961,6752,8623,
128819019665,80099,11795,13450,15436,17647,8869,
128820519665,23817,11935,13672,4789,6822,8898,
128822519665,37622,11846,13621,4781,6883,9006,
128823019665,24124,12051,2947,4845,6825,9085,
128824519665,44660,11653,13532,4844,7176,9143,
128825519665,82748,12171,3106,5200,6928,8854,
128826019665,48395,12096,2975,4848,6783,8820,
128827019665,32580,12667,3117,5000,6881,8937,
128829019665,45293,11756,2778,4739,6916,8798,
128829519665,40511,12739,13577,4793,6801,8708,
128831019665,23772,11877,2747,4713,6820,8720,
128831519665,12393,11848,2788,4749,6759,8838,
128832519665,31588,12377,2788,5016,6745,8720,
128834019665,42519,22738,13843,15699,6758,8790,
128835019665,147630,12008,2758,4896,7202,8784,
128837019665,70135,11965,24478,26896,30309,8858,
128837519665,34493,11785,2894,4776,6817,8951,
128838019665,43470,12121,3003,4914,6979,8947,
128839019665,51672,22651,13906,15629,17546,19523,
128841519665,14893,12227,2960,4801,6694,8882,
128847519665,103437,45092,68313,48116,71855,63738,
128848019665,32120,11924,2941,4746,6899,8732,
128849019665,15136,11854,3103,4837,6916,8897,
128849519665,43568,12315,2992,4848,7024,8856,
128852519665,25818,12203,3207,5013,7017,8873,
128854019665,37564,12237,13709,15964,17967,8732,
128854519665,20503,16535,16573,16229,6933,9871,
128855019665,138868,12131,2933,5219,17511,8890,
128855519665,90547,11684,3183,6584,7925,8849,
128856019665,48455,11885,2842,4722,6934,8741,
128856519665,23083,12296,3002,4888,7066,8832,
128859019665,40853,11911,24200,15478,6771,8660,
128861019665,33312,12321,13810,4916,6988,8984,
128861519665,8451,12123,3154,4783,6909,8983,
128862519665,44604,11960,2912,4774,6836,8767,
128863019665,42501,11871,14229,15522,17440,19457,
128863519665,16399,11735,13564,4792,17434,19602,
128864019665,49308,22920,3086,15730,7102,41818,
128864519665,43734,5185,27057,4980,17848,9444,
128865519665,33601,44546,13655,37311,17801,9074,
128866019665,19901,11945,2887,4798,6726,8803,
128866519665,45332,11818,3119,4949,7181,8856,
128867519665,29552,11891,2989,4934,6753,8741,
128868019665,39204,12282,3226,4866,6976,8843,
128868519665,80908,12446,3049,5100,7213,9437,
128870519665,20164,11600,2842,4897,6929,8765,
128872019665,37195,12448,2845,4893,6729,8733,
128872519665,32328,11591,2771,4693,6788,8731,
128873519665,46124,11911,2933,15699,6759,8718,
128874019665,38863,11777,2881,4744,6809,8792,
128875519665,36585,11965,13436,15438,6911,8944,
128876519665,26498,12142,13965,5307,6787,8846,
128878019665,39822,12419,14001,5260,7175,8960,
128879019665,52583,12717,3214,5062,7037,9027,
128879519665,50238,11878,2822,4809,6950,8751,
128880019665,33961,12270,2850,4888,6768,9033,
128882519665,60780,11885,2865,4734,6844,9107,
128883019665,23579,11568,13593,4823,6812,8870,
128884019665,49987,12482,14053,15636,17650,19771,
128884519665,36201,11736,2925,4937,6790,8731,
128886019665,47144,12279,14068,4868,6911,8822,
128887019665,38222,22664,2875,4836,6972,19794,
128889019665,46420,11913,2871,4885,6912,8971,
128892519665,16244,12028,3039,4751,7180,8875,
128895019665,15276,11690,3017,4875,17725,8742,
128895519665,8692,11795,24828,4896,6944,19751,
128896019665,39921,11607,2719,26415,7837,30486,
128897019665,37205,11789,13971,4944,7010,8947,
128898019665,44312,23068,24606,16921,17986,19488,
128899019665,33791,12159,2837,5008,7053,8890,
128899519665,14771,12599,3108,5108,6929,9316,
128900019665,12904,11980,3149,5029,7096,9031,
128901019665,31399,11999,13507,4765,7122,8963,
128901519665,12255,12073,3041,4930,6775,8813,
128902019665,32748,12153,3010,5084,6777,8921,
128902519665,166989,11805,2806,4876,6839,8716,
128903519665,14577,11883,2930,4839,6823,8860,
128905519665,11704,66462,13512,15490,6820,19580,
128906519665,36442,11895,13813,4994,7226,8959,
128909519665,18891,14499,2979,4890,6930,8891,
128911019665,163714,12061,2905,5119,6721,8776,
128911519665,24387,11826,2929,4998,7025,8797,
128912519665,11010,12065,2812,4893,6752,8904,
128913519665,26863,11932,2905,4717,6724,8881,
128914019665,47809,11646,3011,4868,7630,9128,
128914519665,66240,11986,2960,4773,7077,8963,
128915019665,43211,12118,2851,4653,6992,8923,
128915519665,16260,12124,13733,15609,18278,20031,
128916019665,34621,12201,14469,5579,6970,8718,
128916519665,32075,11770,13608,4940,6807,8742,
128917019665,37173,11669,2828,4758,6776,8753,
128918519665,48698,11758,2882,4870,6771,9198,
128920519665,39495,12077,3061,5164,6999,8776,
128921519665,23665,12016,2757,4785,6751,8707,
128922019665,55523,12410,13619,5007,6749,8821,
128923519665,26855,11776,2934,4813,6790,9279,
128926519665,33977,12021,2955,4866,6709,8730,
128930019665,42386,12299,13822,4808,6770,19706,
128930519665,22965,12540,3295,5064,7060,9115,
128931019665,44262,12049,3151,4909,6803,8697,
128931519665,24910,22878,14447,15761,6735,19691,
128932019665,45663,11954,2784,4941,6759,8823,
128933019665,29616,12050,13582,4862,6831,8736,
128935019665,197162,12686,2841,4685,6882,8730,
128935519665,18947,12251,2921,4932,6953,9061,
128937019665,42197,11922,2889,4809,6747,8937,
128937519665,50913,12555,13905,5300,6760,8804,
128938019665,31637,12377,2928,4958,6855,8895,
128938519665,12604,12251,2929,5407,6708,8800,
128939519665,19780,12464,3328,5179,6786,8910,
128940019665,60741,11924,3050,5604,6743,8881,
128940519665,31990,23005,14107,16020,6760,8760,
128941519665,53253,11663,3116,4924,6747,8998,
128943519665,30508,11964,2816,4715,6868,8775,
128945019665,233104,12080,13639,15461,6859,8864,
128945519665,74561,11521,2814,4814,7122,9070,
128946519665,42630,12211,24393,4842,6739,19615,
128947019665,15637,12018,2716,4802,6935,8833,
128948019665,52734,12550,2876,4844,6970,8898,
128949019665,25175,11939,2865,4751,6765,8829,
128950019665,9983,11993,3009,5071,6994,8865,
128950519665,31735,11744,2748,4680,6711,8691,
128951519665,20861,12168,2943,5038,6764,8857,
128952019665,49896,11910,2863,16000,6834,20813,
128952519665,44209,11828,2843,4846,6972,8989,
128953519665,56505,12559,13530,4895,6752,8862,
128954519665,23845,13676,14185,15975,7157,9117,
128956019665,23289,11996,2821,4775,6828,8787,
128956519665,41992,12546,2800,4737,6949,12252,
128957019665,52043,11985,2777,4854,6999,9044,
128957519665,44148,12115,14453,4914,7019,9028,
128958019665,25219,12042,2715,4909,6863,9057,
128958519665,23553,11793,2884,5000,6706,8728,
128959019665,29841,12157,3225,4935,6795,8811,
128959519665,24873,11972,2929,5027,6950,9185,
128960019665,27544,12254,13846,4901,6729,8911,
128960519665,13602,11979,2901,15451,17702,19552,
128961519665,20667,11927,2829,4760,6815,8838,
128963519665,34636,11910,2946,4842,6731,8815,
128966019665,86583,12042,2996,4945,7176,9200,
128966519665,166423,34082,35516,26879,30330,31217,
128967019665,19713,11802,2955,4852,7032,8994,
128968019665,300000,257197,244840,248232,246692,249310,
128968519665,300000,67408,79397,91491,61290,97033,
128970019665,300000,12083,2983,4842,6769,8832,
128970519665,300000,55629,3017,4645,28422,19776,
128971019665,214880,11453,13822,15858,17602,8793,
128972019665,25740,11774,2715,4626,17679,8811,
128972519665,37183,11707,14254,4755,6785,8756,
128975019665,44030,12017,13649,4837,7375,9047,
128976519665,21575,35438,13860,4841,6836,41503,
128977519665,52504,11589,13536,4777,17578,8845,
128978019665,62234,12430,3023,5134,7153,19960,

