,W-0,R-0,R-1,R-2,R-3,R-4,
142211423147,12931,14433,6512,6976,14599,15241,
142212923147,4076,4256,3795,5241,7182,9090,
142213923147,2785,12690,14181,4992,19017,9012,
142214923147,8184,12009,2902,4927,6902,9030,
142215923147,3702,12377,3126,4952,6981,9033,
142216423147,3636,12529,3106,4973,6994,8953,
142216923147,300000,386631,386245,389346,387002,381998,
142217423147,4089,12597,14575,4993,18093,9036,
142217923147,3198,11851,3052,4800,7169,9032,
142218423147,2674,12066,3595,5055,7059,8962,
142219923147,52968,12121,3032,5059,7150,9041,
142220923147,3644,12281,3162,4848,6967,8946,
142221423147,3687,12450,3035,5187,7107,8925,
142221923147,3889,12780,3515,5148,6999,8827,
142222423147,9155,11885,13908,15805,18010,9281,
142222923147,2767,12209,3281,5139,7073,9127,
142223423147,3240,12367,3026,4946,6932,9068,
142223923147,3570,12134,3120,5049,7030,9011,
142224923147,3934,11993,3032,4841,6936,8963,
142225423147,4577,12192,13943,4997,7388,8999,
142225923147,3914,12440,2905,5670,6962,9088,
142226423147,2760,12366,3028,5030,6900,9019,
142227423147,2631,12092,3073,4935,6954,9083,
142228423147,4994,23406,24908,4804,17941,20033,
142228923147,4629,12028,3204,4892,7027,9011,
142230923147,3700,12048,3025,4947,6924,9005,
142231423147,3477,11999,3102,4956,6956,9050,
142231923147,3454,12201,2851,48571,6814,52711,
142232423147,4714,12193,13671,5089,6889,8976,
142232923147,2926,12219,3176,4914,18269,20040,
142235423147,4471,12083,3351,5708,7016,8942,
142236423147,3811,12402,3064,4888,6980,8846,
142236923147,3663,12255,3107,5056,7463,8880,
142237423147,3025,12030,2803,4894,7006,8963,
142237923147,15364,12071,3308,16177,17939,8895,
142238423147,3026,12036,3079,4958,6787,8778,
142239423147,3609,11797,13915,4980,17738,9064,
142239923147,3912,12813,14637,5211,7116,8820,
142240423147,2493,12077,2998,4966,6832,8830,
142242423147,3661,12085,13691,4901,6805,9006,
142242923147,4678,12187,13986,5042,7071,8945,
142244423147,7151,33649,16099,16500,18181,19794,
142244923147,4041,13923,3086,5501,6925,9136,
142245423147,3707,12153,2908,6122,7085,8810,
142245923147,4132,12061,3124,5241,7021,9018,
142246923147,3918,12432,3163,4829,6985,9022,
142248423147,3934,12214,3065,5056,7134,9045,
142248923147,3135,12115,2922,4977,7003,8816,
142249423147,3545,11993,3072,4982,7058,9152,
142250423147,3939,12360,46751,5451,40173,19710,
142251923147,2517,11929,2919,4836,7044,8794,
142252923147,3655,12250,3222,16032,7096,9184,
142254423147,3417,11975,2952,4790,7004,8974,
142254923147,5229,12390,14016,16398,7044,9228,
142255923147,4030,12089,3245,5007,6981,8947,
142256423147,3459,12026,13651,5368,6767,8801,
142257923147,3690,11953,3111,5027,6964,8825,
142258423147,4112,11909,3281,4953,6823,8839,
142258923147,24965,12037,2929,4843,6802,8903,
142259423147,5814,12085,14424,4814,6796,8924,
142261423147,3565,12480,3065,4984,7029,8967,
142263423147,4050,11794,3029,5034,6983,9015,
142263923147,3771,12345,14072,5103,6985,9106,
142265423147,4477,12028,13611,4744,6970,8791,
142266923147,4067,12238,14148,15845,7033,9036,
142269423147,3094,12009,2912,5002,6929,8963,
142269923147,3595,12263,2963,4978,7072,8908,
142270923147,15179,12154,3121,4803,6844,8807,
142271423147,3844,12012,3461,5206,6825,8822,
142271923147,3520,11960,2989,4907,6797,9168,
142272923147,3525,12329,3075,4758,6899,8795,
142275423147,4115,11789,13675,4925,6933,8899,
142275923147,3309,11989,3091,4812,6846,8751,
142276923147,2995,12040,3070,4832,6928,8819,
142277423147,5545,11803,2816,4968,7135,8829,
142277923147,2491,11968,5321,5747,6719,8790,
142278423147,14413,12177,3059,4790,6754,9059,
142280423147,3668,11975,2973,4899,6774,8820,
142281423147,11819,22777,2818,4843,6949,21507,
142283923147,65001,12562,13663,4915,6833,8810,
142284923147,3763,12131,3069,4917,6968,8831,
142285423147,3497,11965,3005,5062,6746,8849,
142287923147,3391,12465,2924,5077,6780,8938,
142288423147,3402,11968,13642,4998,6847,9027,
142289423147,2529,22702,14056,4813,17639,8834,
142291923147,3971,12536,3021,5031,7156,8945,
142293423147,3655,11962,2813,4972,6839,8823,
142293923147,3678,11697,2978,4810,6804,8702,
142294423147,3608,22785,26159,4960,17892,8975,
142294923147,2506,12002,2975,4907,6912,8826,
142295423147,3797,11971,2929,4902,6982,8997,
142295923147,3552,11954,2799,4766,6916,8736,
142296423147,3564,12226,3017,4903,6929,9092,
142297923147,3736,11943,2839,4771,6757,8842,
142298423147,3682,12408,2986,4776,6989,8748,
142298923147,2634,11851,3046,4996,6908,8761,
142301423147,3509,11975,2933,5157,6851,8757,
142301923147,3572,12179,2786,4801,6942,9078,
142302923147,9187,12155,3114,4905,6930,9292,
142303923147,3601,12037,13785,4797,6800,8830,
142304423147,7761,12177,14043,27024,7464,9173,
142304923147,2677,12067,2982,5013,7004,8736,
142305423147,3915,12163,14062,4849,6938,8955,
142307923147,46668,33611,2740,4761,18171,19476,
142309923147,3599,12190,2904,4824,6938,9453,
142310423147,9671,12061,3040,5035,6757,8814,
142310923147,3645,11823,3046,4830,6706,8936,
142311423147,2500,11826,2804,4772,6783,8769,
142311923147,2541,11619,2977,4890,6807,8767,
142312423147,3680,11995,3063,4907,7157,8955,
142313923147,2691,11784,2936,4742,6950,8787,
142314923147,3565,12002,3058,5008,7082,9071,
142315423147,3478,12040,3010,4809,6909,8963,
142315923147,3535,11796,3107,4791,6812,8941,
142316423147,3711,12122,3216,27209,29086,31143,
142317923147,5682,11910,13808,5000,6765,8767,
142318423147,5767,22909,24600,15720,17924,8960,
142319423147,32129,11833,3022,4773,6921,8960,
142321423147,3615,12132,13682,5041,6969,8812,
142322423147,4528,12126,3602,5037,6945,9154,
142323423147,3621,12113,2970,5195,6772,8894,
142324423147,3415,12034,2851,4904,6839,8719,
142324923147,3896,11958,3067,4780,6773,8791,
142326423147,3386,11681,2977,4725,6822,8761,
142328923147,2447,11814,2907,4907,6839,8998,
142329923147,3660,11964,3009,5049,6969,8977,
142332423147,3213,11946,3020,4825,6773,8717,
142332923147,5257,12024,13694,4902,6825,19548,
142333423147,3288,11631,2781,4889,6846,8722,
142333923147,3405,11926,2994,15790,6780,8789,
142335423147,3790,12351,3037,5014,7010,8913,
142335923147,4722,12154,13885,4956,6744,8685,
142336423147,4000,12277,13695,4850,7083,8943,
142338423147,5241,12075,13825,4961,28622,19841,
142339923147,3577,11942,2774,4835,6965,8796,
142340423147,9145,12368,3163,5010,6948,8954,
142340923147,3465,22957,3091,15501,7022,63420,
142341423147,2785,12011,2941,5029,6897,8688,
142341923147,2490,11516,2999,4833,6759,8701,
142342423147,10205,12106,3277,5065,7008,8913,
142342923147,5429,11788,6651,5957,6830,8926,
142344423147,3405,11830,3020,4804,6984,8734,
142345423147,7065,11785,14317,4817,6910,8883,
142345923147,2588,11657,2889,4894,6830,8918,
142346423147,3385,11911,2984,15611,18164,8931,
142346923147,3714,22924,13598,4796,18064,8972,
142347923147,3605,22649,13829,15650,6725,19625,
142348923147,3516,12053,3013,4964,7025,8821,
142349923147,3983,11958,3129,4944,7111,8839,
142350423147,147830,12030,13761,4931,6954,8900,
142350923147,10537,12032,3045,5078,7059,8931,
142353423147,2750,12240,3012,4944,6897,8935,
142355423147,117047,12051,13691,15735,7012,8950,
142356923147,3573,12040,13822,5022,6918,8937,
142358923147,4619,11476,3706,4991,6896,8817,
142359423147,3643,11930,3401,4995,7106,8850,
142360423147,2479,11717,3031,4770,6912,8736,
142361423147,3670,11792,2963,4800,6797,8851,
142361923147,2611,11832,3079,4894,6968,8833,
142362423147,5556,14852,15213,15679,6751,8814,
142364923147,4800,11752,13822,5125,7210,8940,
142365923147,3675,12044,3111,4791,6909,8952,
142367423147,4141,12036,3042,5051,7027,8838,
142369923147,8003,23223,14021,26950,6902,20095,
142371423147,4778,12045,3036,5284,6924,9019,
142372923147,3415,12104,2986,4828,7027,9292,
142374423147,3616,12061,3036,5178,7056,9141,
142375923147,2611,12000,3066,4799,6911,8752,
142376423147,3656,12290,3148,5043,6954,8700,
142376923147,3687,12062,2742,4761,6752,8720,
142377423147,3428,12361,3074,4996,7522,9021,
142377923147,3561,11999,3078,4765,6826,8678,
142378923147,24457,23106,24638,26506,28459,30214,
142379423147,3653,12439,14064,5022,7005,19834,
142379923147,3430,11823,2937,4782,6832,8801,
142380923147,3583,12102,2960,5168,6757,8760,
142382923147,2491,12054,2783,4759,6963,8983,
142383923147,3645,12236,3053,4945,6986,9021,
142386923147,2630,11882,2961,26583,7027,8932,
142387423147,3761,11659,2964,4769,6745,8716,
142388423147,3628,11983,3219,4782,6922,8816,
142389923147,3764,12145,3011,4944,6930,8905,
142390423147,3618,12044,3191,4723,7012,8780,
142390923147,4094,12293,3045,5047,7060,9115,
142391423147,2502,11823,2971,5113,6757,8884,
142392423147,3503,11897,2955,5010,6973,8889,
142393423147,3420,11554,2766,4727,6926,8704,
142393923147,3494,12221,3307,5027,7055,9107,
142394923147,3784,12101,2841,5044,6901,8813,
142396423147,3820,11924,3029,4927,6997,8989,
142396923147,3464,11776,2944,4775,6740,8893,
142397923147,3477,12162,3066,4829,6900,8916,
142398423147,14414,11816,3008,4768,6802,8731,
142398923147,45000,44491,46438,48188,50071,52137,
142399423147,3694,12308,2897,5043,7382,9168,
142401423147,3662,23020,3051,5018,7025,9056,
142401923147,3746,12223,3242,4758,6721,8924,
142403423147,3534,12116,2793,4951,6766,8985,
142403923147,3455,12365,2951,5110,7081,8887,
142404423147,3382,12055,2978,4713,6822,8835,
142406423147,4173,11919,2966,5010,6823,8749,
142407423147,2458,11955,13844,15787,17548,9080,
142411423147,3690,12025,13680,4921,6929,8907,
142411923147,3638,11993,3035,4808,7008,8851,
142412923147,2678,11781,2879,4736,6771,8750,
142413423147,3709,11932,14244,4976,6932,19412,
142414423147,3571,12261,3102,4959,6949,8997,
142414923147,3454,11951,2987,4827,6740,19684,
142415423147,3564,12004,2833,5111,6996,8937,
142416423147,3483,12084,2826,4761,6682,8753,
142416923147,3481,12265,3048,5558,6721,8711,
142418423147,3454,12179,3118,4748,6761,9101,
142418923147,9108,12249,3001,4913,7043,9195,
142420423147,19665,11472,2818,4779,6829,8895,
142420923147,2485,11964,3038,4945,6801,8795,
142421423147,3709,12073,3476,4784,6935,8844,
142422423147,4167,14799,15816,5019,6974,8999,
142423423147,3342,12021,2926,4813,6799,8832,
142424923147,3520,11987,2998,4806,6750,9000,
142425923147,6714,11803,14358,15778,7101,19480,
142427923147,3423,11968,2816,4927,7694,8998,
142428423147,3320,12272,24641,15768,6831,8784,
142428923147,3553,12103,3071,4954,6928,8834,
142429423147,4136,12455,3103,5669,7278,8989,
142430423147,17655,23040,24615,26631,17780,19611,
142430923147,3775,11993,2833,4758,6838,8907,
142431423147,84291,12243,13621,15658,17701,9249,
142431923147,3630,12153,2917,4935,7141,9026,
142432423147,3606,11621,2967,4780,6920,8749,
142432923147,4513,12144,13502,4828,6922,8818,
142434923147,4375,11826,3341,4810,6799,8755,
142435923147,3459,12141,3030,4919,6881,8846,
142437423147,3478,11825,3041,4949,6968,8954,
142439923147,3961,13177,2814,15544,6912,19845,
142440423147,3528,11788,2822,4956,6786,8800,
142440923147,4971,11938,13838,4729,6807,8758,
142442423147,3149,11943,13955,4807,17565,8843,
142442923147,3387,11692,13437,4720,6848,8642,
142443923147,4275,12184,3385,4965,6803,8787,
142444923147,3492,11843,2882,4743,6778,11718,
142445423147,2691,11984,2846,4743,6851,8743,
142445923147,3499,12132,2836,5044,6843,8835,
142446423147,2788,12005,3013,4888,6954,8796,
142446923147,3348,11966,2826,4834,6913,8913,
142447423147,4141,12220,3047,4891,6807,8784,
142447923147,3653,11907,2913,4968,6934,8971,
142448423147,3931,11994,2776,37909,17600,8803,
142448923147,3535,12069,3040,4954,6999,8941,
142449423147,53199,11843,2932,4758,6990,9206,
142450423147,3323,11774,2792,4804,6976,8772,
142450923147,2549,12265,2993,4833,6661,8929,
142451423147,3647,11745,3012,15774,6787,8756,
142452423147,2498,12252,13837,15708,7120,8726,
142452923147,4320,12120,13752,15987,17561,19643,
142453923147,2493,11821,2970,4892,7571,9104,
142454423147,4500,11941,13834,4912,7133,8975,
142454923147,3565,11851,13488,4828,6793,8841,
142455423147,3776,11818,3064,5001,7175,8835,
142456423147,100993,12231,2986,5058,7060,8918,
142456923147,2592,11668,3132,4848,7006,8746,
142457423147,5058,11716,13658,15713,17470,19600,
142457923147,3377,11582,2903,4838,6922,8822,
142460423147,3522,11975,2945,4795,6981,8892,
142460923147,3787,11987,2972,4984,6900,8663,
142462923147,3564,11996,13603,15649,17708,19638,
142465423147,3324,11748,2933,4750,6750,8786,
142468923147,21644,22921,24510,26360,28289,52090,
142469423147,3706,12026,2946,15834,6803,8952,
142470923147,8477,12189,3240,4915,6821,9196,
142471423147,3487,11915,3067,4775,6954,8843,
142471923147,3532,12076,2981,5229,6918,9025,
142473423147,3379,22627,24459,15646,17497,30085,
142473923147,3841,11811,3310,4774,6906,8825,
142474923147,3526,12015,2975,4982,7008,8959,
142475923147,119684,11761,3000,4809,6750,8749,
142476423147,46120,12102,3339,5091,7161,9010,
142476923147,2684,11943,2951,4981,6927,8747,
142477423147,13444,12803,3006,5209,7138,8990,
142478923147,5075,12246,13975,5176,17654,19735,
142479923147,3716,12004,3467,5130,6748,8819,
142480423147,3351,22745,2780,15738,6843,8769,
142481423147,3388,11739,13748,4788,6996,8850,
142482423147,3386,11765,3050,15840,6973,8915,
142482923147,3641,12331,3041,5071,6818,8945,
142483423147,3326,22695,13615,5357,18708,19493,
142486423147,3616,12002,2835,15500,17889,20049,
142487423147,2670,12059,2969,4897,6832,8764,
142488923147,5438,12327,4812,37717,7318,30362,
142489923147,4996,12046,3428,4812,7059,8990,
142490923147,3663,11988,2913,4784,7192,8809,
142492423147,3899,11998,3033,4980,7027,8958,
142492923147,3612,11714,2904,5054,6810,9018,
142493423147,202617,12162,3108,15969,6974,8941,
142495923147,3996,11998,3013,4889,6910,9388,
142496423147,3456,22930,2820,15956,17576,8898,
142497923147,2850,12303,3276,5106,6811,9618,
142498423147,2712,11922,2997,4764,6729,8721,
142498923147,3731,12109,3240,4815,6984,9051,
142500423147,4644,11956,13443,5116,6893,8815,
142500923147,3527,12162,3082,4993,6843,8694,
142501423147,3998,12074,3066,4722,6799,19471,
142502423147,3571,12161,3074,5083,6959,8827,
142505423147,5105,11978,13969,16088,6942,30183,
142505923147,5080,11912,13950,4893,17748,19633,
142506923147,3590,12054,2994,4929,6786,8752,
142507423147,3507,12171,2919,15748,6839,8779,
142508923147,4636,12073,13796,4805,7015,8811,
142509923147,7085,11928,24572,4793,6910,30790,
142511423147,3509,11804,3023,5219,6903,8898,
142511923147,3371,11723,2892,4690,6705,8692,
142512423147,3332,23201,2948,4923,17958,8726,
142514923147,3401,11749,2773,4703,6689,8831,
142515923147,2810,12028,3115,4766,6725,9003,
142516423147,3445,11996,2925,4746,6741,8790,
142517423147,3666,11841,2903,4737,6817,8918,
142520423147,3736,11728,3072,4768,6794,8978,
142520923147,4533,12139,13706,4845,7047,8923,
142521923147,4147,12071,3073,5302,6760,8932,
142523423147,3822,12159,3129,4922,6977,8908,
142525423147,85150,89090,92352,96673,85786,86342,
142525923147,3681,12334,3166,5356,6748,8899,
142527423147,3335,12087,3072,4789,18133,8998,
142528423147,2413,11697,3057,4785,6795,8758,
142528923147,3633,22689,2848,15667,6821,19644,
142529923147,66943,67378,67896,70000,72349,74302,
142531923147,3652,11781,13676,4729,7072,8836,
142532423147,2612,12071,3363,4804,6739,8699,
142533923147,3565,12004,3037,4763,6969,8713,
142534423147,2414,11816,2904,4890,6772,8783,
142535423147,189320,11645,2916,4700,6784,8780,
142536923147,3721,12205,3274,5157,7021,8916,
142537923147,3596,12074,2977,5003,6998,9093,
142539923147,3705,11836,3109,4973,6823,8801,
142540423147,50665,12168,2843,5016,6948,8839,
142540923147,3510,11966,2843,4831,6721,8906,
142541923147,3974,11970,3153,4786,6840,8840,
142544423147,3502,12020,2973,4760,6741,8764,
142550423147,3532,11953,3060,4747,6821,8826,
142550923147,2679,11734,2963,4971,6778,9916,
142551923147,3317,12114,13850,5139,17550,19583,
142552423147,2429,11849,2898,4717,6784,8682,
142555423147,5056,11802,13601,4991,7013,8747,
142556923147,3652,12097,3156,4766,6888,8781,
142557423147,2501,11767,2912,5011,6959,8818,
142557923147,5351,12466,13912,4839,6924,8700,
142558423147,3340,33572,24723,4816,28248,8734,
142558923147,3171,11808,2959,4774,6929,8949,
142559423147,3422,12139,2980,5003,6752,8751,
142561923147,4017,12034,3698,5021,6829,8792,
142563923147,3834,12315,3004,5039,6842,8773,
142564423147,3360,11971,2895,4781,6964,8894,
142565423147,3527,12184,2751,4918,6716,9114,
142565923147,3828,11421,2722,4828,6692,8965,
142566423147,3447,11914,2970,4778,6756,8726,
142566923147,3610,12163,14196,16736,6920,8810,
142567423147,4578,12287,13974,4961,7384,8712,
142568423147,3573,11720,3184,4975,6840,8768,
142568923147,2535,11909,2801,4844,7014,8925,
142569423147,3486,11693,2953,4967,6954,9154,
142570423147,4109,12782,3044,4751,6697,8783,
142570923147,4750,12043,14552,5234,6780,8793,
142571423147,3627,12114,2989,15762,18763,8903,
142573423147,3609,12012,2819,4801,6908,9100,
142574923147,3454,12203,13628,4792,6850,8805,
142575423147,3988,12286,13822,15840,7019,8843,
142576423147,3284,11920,13621,4831,6706,19614,
142576923147,2669,11678,2850,4697,6718,8723,
142578423147,2589,11962,2893,4848,6956,8885,
142579423147,7550,11791,13652,15493,6924,8818,
142580923147,4630,12182,13590,15764,7063,8975,
142581923147,9629,11732,2995,4947,6990,8827,
142582423147,4399,12008,13443,4832,7005,8941,
142582923147,2621,11786,2999,4848,6978,8950,
142585423147,3566,12357,2971,4782,6715,8914,
142585923147,80656,12013,2929,5063,6722,8711,
142586923147,14581,11753,3090,4801,6961,9053,
142587423147,2555,11780,2969,4908,6730,8778,
142588923147,11572,33630,24787,15791,17726,30852,
142589923147,3582,11742,2921,4851,7019,8852,
142591923147,3706,11953,2833,4751,7027,9018,
142595423147,4032,12326,13928,15751,6946,19784,
142597923147,17226,23077,2941,26328,17923,8944,
142598423147,3267,11655,2792,4738,6769,8679,
142598923147,3724,12022,2933,4834,7123,8716,
142599923147,3330,12327,3072,4929,6809,8748,
142600923147,2559,11755,2752,4796,6848,8944,
142601923147,4485,11958,14155,4903,6914,8922,
142602423147,3478,12158,3153,5238,7249,8777,
142602923147,3493,12137,3053,5042,7468,8894,
142603923147,4560,12182,13751,4966,7090,8983,
142604423147,3508,11959,24740,37204,49568,8888,
142604923147,5449,12015,2932,4961,6784,8840,
142605423147,16105,11806,13914,4833,6796,8702,
142606423147,3714,11821,2754,4978,6987,9018,
142608423147,3226,12106,2778,4900,6768,8842,
142609423147,3550,11694,13917,5034,17746,9489,
142612423147,3534,12029,3013,4802,6887,11886,
142613923147,3728,11907,2930,4784,6731,8757,
142614423147,3612,12231,2989,4783,6971,9039,
142615423147,4043,12546,13579,4922,6823,8830,
142616423147,3414,11756,3154,4920,6699,8685,
142616923147,3620,11696,3087,5044,7080,8978,
142617423147,3401,12022,2826,4736,6726,9545,
142617923147,2554,12208,2915,4908,6897,8778,
142618423147,3820,12212,2980,4920,6765,8678,
142618923147,3647,11933,2975,4964,7007,8994,
142619423147,3531,12438,3141,4982,7051,8978,
142619923147,10168,12106,2924,5058,7067,8897,
142621423147,3606,11914,3003,4919,6827,8791,
142623423147,3522,12087,2832,4764,6949,8797,
142624423147,5357,11919,3290,4949,6808,8924,
142624923147,3644,12167,13719,15684,17887,19574,
142626423147,3493,11826,2981,5073,7035,8773,
142629423147,3937,12065,2923,5057,6794,8979,
142632923147,3635,12083,3102,4731,6887,8963,
142633423147,3616,12061,2913,4735,6991,8823,
142633923147,2505,12054,2844,4925,7052,9012,
142634423147,4534,12012,13932,4852,6735,8787,
142634923147,4565,12326,13987,5012,7055,8800,
142635923147,3649,12251,2893,4940,6992,9101,
142637923147,3757,11944,3012,4943,6851,8738,
142638423147,2575,11827,2962,5085,6818,8708,
142639923147,3213,12564,2956,4844,6746,9261,
142640423147,3519,12044,2905,4773,6825,8800,
142640923147,3528,12094,2779,4977,6904,8961,
142641423147,8090,11665,13569,15675,7015,8835,
142642423147,3699,22784,13615,4774,17778,30904,
142642923147,4408,11729,2983,5028,7021,8923,
142643423147,3601,12295,3027,5057,6987,9047,
142644423147,3553,11803,2986,4885,6903,8812,
142646423147,3580,11964,3200,4936,6947,8911,
142647923147,3649,11928,13999,4944,7037,8926,
142648423147,3465,33955,3196,37578,39532,8847,
142649423147,2563,11931,13787,15497,17505,8783,
142649923147,4730,11918,3187,5077,7102,8777,
142650923147,3702,12156,2979,5024,6783,8990,
142651923147,2532,11800,2961,5021,6810,9045,
142652923147,3517,11741,2941,4822,7041,8935,
142653423147,3237,11558,2820,5007,6795,8653,
142654423147,3369,11952,3003,4715,6765,8756,
142654923147,3534,11828,3055,5024,6926,8794,
142655423147,124951,44211,56747,5048,17588,8957,
142656423147,12792,12055,2903,4963,6812,8712,
142657423147,3625,23027,13720,4964,29581,8944,
142658923147,9803,11965,13686,15605,17629,8987,
142659423147,3708,11966,2960,4668,6978,8754,
142659923147,3774,23077,14187,16066,7010,8900,
142660423147,3492,12064,2978,4826,6958,8917,
142660923147,2939,12135,3156,4987,6978,8835,
142661423147,3362,11972,3021,4785,6979,8737,
142661923147,2596,12003,2975,4975,6784,9005,
142662423147,3473,12045,2952,4980,6768,8936,
142662923147,3552,11955,3090,4894,6944,8892,
142663423147,4010,12292,2916,4810,6931,8914,
142664423147,17178,22976,2891,16071,6846,19566,
142666423147,3499,12272,2820,4751,17687,41350,
142668923147,2599,11732,3043,4806,6775,8997,
142669423147,3748,12086,2961,4740,7310,9033,
142669923147,3567,12141,2899,4777,6686,19664,
142670923147,3453,11901,2905,4781,6925,8753,
142671423147,3603,11613,13606,4789,6906,8810,
142672923147,3493,22725,2911,16083,29652,8945,
142673423147,3596,23159,2901,15584,6652,19711,
142673923147,3555,12582,3104,4720,6797,8939,
142674923147,3557,11849,2998,5094,7075,8904,
142675423147,4740,12561,13510,4953,7018,8722,
142677923147,5949,12432,13824,5162,6833,8664,
142679423147,4529,11971,13928,4719,6731,8717,
142680423147,5100,12020,2790,4826,6851,8756,
142680923147,2642,12116,3028,4904,7234,8834,

