,W-0,R-0,R-1,R-2,R-3,R-4,
113627760184,1,1,1,1,1,1,
113629260184,1,1,1,1,1,1,
113630260184,1,2,1,1,1,1,
113631260184,1,1,1,1,1,1,
113632260184,1,1,1,1,1,1,
113632760184,1,2,2,2,1,1,
113633260184,1,2,1,1,1,1,
113633760184,1,2,1,1,1,1,
113634260184,1,2,1,1,1,1,
113634760184,1,2,1,1,1,1,
113636260184,1,2,2,1,1,1,
113637260184,1,2,1,1,1,1,
113637760184,1,2,1,1,1,1,
113638260184,1,2,1,1,1,1,
113638760184,1,2,1,1,1,1,
113639260184,1,2,2,1,1,1,
113639760184,1,2,2,1,1,1,
113640260184,1,2,1,1,1,1,
113641260184,1,1,1,1,1,1,
113641760184,1,2,1,2,1,1,
113642260184,1,2,1,1,1,1,
113642760184,1,2,2,1,1,1,
113643760184,1,2,1,1,1,1,
113644760184,1,1,2,1,1,1,
113645260184,1,2,1,1,1,1,
113647260184,1,2,1,1,1,1,
113647760184,1,2,1,1,1,1,
113648260184,1,2,1,1,1,1,
113648760184,1,1,1,1,1,1,
113649260184,1,2,2,1,1,1,
113651760184,1,2,1,1,1,1,
113652760184,1,2,1,1,1,2,
113653260184,1,2,1,1,1,1,
113653760184,1,2,1,1,1,1,
113654260184,1,1,2,1,1,1,
113654760184,1,2,1,1,1,1,
113655760184,1,2,1,1,2,1,
113656260184,1,2,1,1,1,1,
113656760184,1,2,1,2,2,2,
113658760184,1,2,1,2,1,1,
113659260184,1,2,1,1,1,1,
113660760184,1,2,1,1,1,1,
113661260184,1,2,1,2,1,1,
113661760184,1,2,2,2,2,2,
113662260184,1,2,2,2,1,1,
113663260184,1,1,1,1,1,1,
113664760184,1,2,1,1,1,1,
113665260184,1,2,2,1,2,1,
113665760184,1,2,1,1,1,1,
113666760184,1,1,1,1,1,1,
113668260184,1,2,1,1,1,1,
113669260184,1,1,2,1,1,1,
113670760184,1,1,1,1,1,1,
113671260184,1,2,1,1,1,1,
113672260184,1,2,2,1,2,1,
113672760184,1,2,1,1,1,1,
113674260184,1,2,1,1,1,1,
113674760184,1,2,1,1,1,1,
113675260184,1,2,1,1,1,1,
113675760184,1,2,2,1,1,1,
113677760184,1,2,1,1,1,1,
113679760184,1,2,1,1,1,1,
113680260184,1,2,1,1,1,1,
113681760184,1,1,1,1,1,1,
113683260184,1,2,1,1,1,1,
113685760184,1,2,1,1,1,1,
113686260184,1,1,1,1,1,1,
113687260184,1,2,1,1,1,2,
113687760184,1,2,1,1,1,1,
113688260184,1,2,1,2,2,2,
113689260184,1,2,1,1,1,1,
113691760184,1,2,2,2,1,1,
113692260184,1,2,2,1,2,1,
113693260184,1,2,2,2,2,2,
113693760184,1,2,1,2,2,2,
113694260184,1,2,2,2,2,2,
113694760184,1,1,1,1,1,1,
113696760184,1,1,1,1,1,1,
113697760184,1,2,2,1,1,1,
113700260184,1,2,1,2,1,2,
113701260184,1,2,1,1,1,1,
113701760184,1,2,1,1,1,1,
113704260184,1,2,2,2,2,1,
113704760184,1,2,1,1,1,1,
113705760184,1,2,1,1,1,1,
113708260184,1,2,1,1,1,1,
113709760184,1,1,1,1,1,1,
113710260184,1,2,2,1,1,1,
113710760184,1,2,1,1,1,1,
113711260184,1,1,1,1,1,1,
113711760184,1,2,1,1,1,1,
113712260184,1,2,1,2,2,1,
113712760184,1,2,2,1,1,1,
113714260184,1,1,2,1,1,1,
113714760184,1,1,1,1,1,1,
113715260184,1,2,1,1,1,1,
113717760184,1,1,1,1,1,1,
113718260184,1,1,2,1,2,1,
113719260184,1,2,1,1,1,1,
113720260184,1,2,1,1,1,1,
113720760184,1,1,1,1,1,1,
113721260184,1,2,2,1,1,1,
113721760184,1,1,1,1,1,1,
113724260184,1,2,1,1,1,1,
113726260184,1,2,1,1,1,1,
113726760184,1,1,2,1,1,1,
113727260184,1,2,1,1,1,1,
113727760184,1,2,1,1,1,1,
113728260184,1,2,2,1,1,1,
113728760184,1,1,2,1,1,1,
113730260184,1,2,2,1,1,1,
113731260184,1,1,1,2,1,1,
113731760184,1,2,1,1,1,1,
113732260184,1,2,1,1,1,1,
113732760184,1,2,1,1,1,1,
113734260184,1,2,1,1,1,1,
113734760184,1,1,2,2,1,1,
113735760184,1,2,1,1,1,1,
113737760184,1,2,1,1,1,1,
113738760184,1,2,1,1,1,1,
113739760184,1,2,1,1,1,1,
113740760184,1,2,1,1,1,1,
113741260184,1,2,1,1,1,1,
113742760184,1,2,1,1,1,2,
113745260184,1,2,1,1,1,1,
113746260184,1,2,1,1,1,1,
113748760184,1,1,1,1,1,1,
113749260184,1,1,1,1,1,1,
113749760184,1,1,1,1,1,1,
113750260184,1,1,1,1,1,1,
113751760184,1,2,1,1,1,1,
113752260184,1,2,1,1,2,1,
113752760184,1,2,1,1,2,1,
113754760184,1,2,2,1,1,1,
113756260184,1,1,2,1,1,1,
113756760184,1,2,1,1,1,1,
113757260184,1,1,1,1,1,1,
113757760184,1,2,1,1,1,1,
113758260184,1,2,1,1,2,1,
113758760184,1,2,2,1,1,1,
113759260184,1,2,2,1,1,1,
113760760184,1,2,1,1,1,1,
113761760184,1,2,1,1,2,2,
113762260184,1,2,1,1,1,1,
113762760184,1,2,1,1,1,1,
113763260184,1,2,2,1,1,1,
113764260184,1,2,1,1,1,1,
113765260184,1,2,1,1,1,1,
113766260184,1,1,1,1,1,1,
113766760184,1,2,1,1,1,1,
113767260184,1,2,1,1,1,1,
113769760184,1,1,1,1,1,1,
113771760184,1,2,2,1,1,1,
113773260184,1,2,2,1,1,1,
113775260184,1,1,1,1,1,1,
113775760184,1,2,1,1,1,2,
113776760184,1,2,2,1,1,1,
113777760184,1,2,2,1,1,1,
113778260184,1,2,1,1,1,1,
113778760184,1,2,1,1,1,1,
113781260184,1,2,1,1,1,1,
113782260184,1,2,2,1,1,1,
113783760184,1,2,2,1,1,1,
113786260184,1,2,1,1,2,2,
113787760184,1,2,1,1,1,1,
113789260184,1,2,1,1,1,1,
113790760184,1,2,1,1,1,1,
113792260184,1,2,1,1,1,1,
113792760184,1,2,1,1,1,1,
113793260184,1,2,2,1,2,1,
113793760184,1,1,2,1,1,1,
113794260184,1,1,1,1,1,1,
113795260184,1,2,1,1,1,1,
113795760184,1,2,1,1,1,1,
113796260184,1,1,1,2,1,2,
113797260184,1,2,1,1,1,1,
113799260184,1,2,1,1,1,1,
113800260184,1,1,1,2,2,2,
113803260184,1,2,1,1,1,1,
113803760184,1,1,1,2,2,1,
113804760184,1,2,1,2,2,1,
113806260184,1,2,1,1,1,1,
113806760184,1,2,2,1,1,1,
113807260184,1,2,2,1,2,1,
113807760184,1,2,2,2,2,2,
113808760184,1,2,1,2,1,1,
113809760184,1,2,1,1,1,1,
113810260184,1,2,1,1,1,1,
113811260184,1,2,1,1,1,1,
113812760184,1,1,1,1,1,1,
113813260184,1,2,1,2,1,1,
113814260184,1,1,1,1,1,1,
113814760184,1,2,1,1,1,1,
113815260184,1,2,1,1,1,1,
113815760184,1,2,2,1,1,1,
113817760184,1,2,2,1,1,1,
113818260184,1,2,2,2,2,2,
113819760184,1,2,1,1,1,1,
113820260184,1,2,1,1,1,1,
113820760184,1,2,1,1,1,1,
113822760184,1,2,2,1,1,1,
113823760184,1,1,1,1,1,1,
113827760184,1,2,1,2,2,1,
113828260184,1,2,1,1,1,1,
113829260184,1,2,1,1,1,1,
113829760184,1,2,1,1,1,1,
113830760184,1,1,1,1,1,1,
113831260184,1,2,1,1,1,1,
113831760184,1,2,1,1,1,1,
113832760184,1,2,1,1,1,1,
113833260184,1,2,1,1,1,1,
113834760184,1,1,1,1,1,1,
113835260184,1,2,1,1,1,1,
113836760184,1,2,1,1,1,1,
113837260184,1,2,1,1,1,1,
113837760184,1,2,1,1,1,1,
113838760184,1,2,2,1,1,1,
113839760184,1,1,2,2,1,1,
113841260184,1,2,2,1,1,1,
113842260184,1,1,1,1,1,1,
113844260184,1,2,1,1,1,1,
113844760184,1,2,2,1,1,1,
113845260184,1,2,1,1,1,1,
113845760184,1,2,1,1,1,1,
113846760184,1,1,1,1,1,1,
113847260184,1,1,1,1,1,1,
113847760184,1,2,1,1,2,1,
113848260184,1,2,1,2,1,1,
113848760184,1,2,1,1,1,1,
113849260184,1,1,1,1,1,1,
113851260184,1,1,1,2,1,1,
113852260184,1,1,2,1,1,1,
113853760184,1,2,1,1,1,1,
113856260184,1,2,2,2,2,2,
113856760184,1,2,1,1,1,1,
113857260184,1,2,1,1,1,1,
113858760184,1,2,1,1,1,1,
113859260184,1,2,1,1,1,1,
113860260184,1,1,1,1,1,1,
113861260184,1,1,1,1,1,1,
113861760184,1,2,2,1,1,1,
113862260184,1,2,1,1,1,1,
113862760184,1,2,2,1,1,1,
113863260184,1,2,2,1,1,1,
113863760184,1,1,1,1,1,1,
113864260184,1,2,2,1,1,1,
113864760184,1,2,1,1,1,1,
113865260184,1,2,1,1,1,1,
113865760184,1,2,1,1,1,1,
113866760184,1,2,1,1,1,1,
113867260184,1,2,1,1,1,1,
113867760184,1,1,1,1,1,1,
113868760184,1,2,1,1,1,1,
113869260184,1,2,1,1,1,1,
113870260184,1,2,1,1,1,1,
113870760184,1,2,1,1,1,1,
113871260184,1,2,1,1,2,2,
113871760184,1,2,1,1,1,1,
113872760184,1,2,1,1,1,1,
113873260184,1,2,1,1,1,1,
113873760184,1,2,1,1,1,1,
113874260184,1,2,2,1,1,1,
113876760184,1,2,1,1,1,1,
113877260184,1,2,1,1,1,1,
113879260184,1,2,1,1,1,1,
113881760184,1,2,1,2,1,1,
113885260184,1,2,1,1,1,1,
113885760184,1,1,1,1,1,1,
113887260184,1,2,2,2,1,1,
113887760184,1,2,2,2,2,2,
113888260184,1,2,2,1,1,1,
113889760184,1,2,2,1,1,1,
113890260184,1,2,1,1,1,1,
113891260184,1,2,1,1,1,1,
113892260184,1,2,2,1,1,1,
113892760184,1,2,1,1,1,1,
113893260184,1,1,1,1,1,1,
113893760184,1,1,1,1,1,1,
113895260184,1,1,1,1,1,1,
113896260184,1,2,1,1,2,1,
113896760184,1,2,1,1,1,1,
113897760184,1,2,1,1,1,1,
113898760184,1,2,1,1,1,1,
113899260184,1,2,1,1,1,1,
113899760184,1,1,1,1,1,1,
113902760184,1,2,1,1,1,1,
113903760184,1,2,1,1,1,1,
113905260184,1,2,1,1,1,1,
113906260184,1,2,1,1,1,1,
113907260184,1,2,1,1,1,1,
113908760184,1,2,1,1,1,1,
113909260184,1,2,2,2,2,2,
113909760184,1,2,2,1,1,1,
113912260184,1,2,1,2,1,1,
113912760184,1,1,1,1,1,1,
113914260184,1,1,2,1,1,1,
113914760184,1,2,1,1,1,1,
113915260184,1,2,2,1,1,1,
113916760184,1,2,2,1,1,1,
113917260184,1,2,1,1,1,1,
113917760184,1,2,1,2,1,1,
113918760184,1,2,2,1,1,1,
113921760184,1,1,2,1,1,1,
113922260184,1,2,2,1,1,2,
113923260184,1,2,2,1,1,1,
113923760184,1,2,2,2,1,1,
113925260184,1,1,1,1,1,1,
113926260184,1,2,1,1,1,2,
113927760184,1,2,2,1,1,1,
113928260184,1,2,2,1,1,1,
113928760184,1,2,1,2,2,1,
113931260184,1,2,1,1,1,1,
113932260184,1,1,2,1,1,1,
113932760184,1,2,1,1,1,1,
113933760184,1,2,1,2,1,2,
113936760184,1,2,2,1,1,1,
113937260184,1,1,1,1,1,1,
113938260184,1,2,1,1,1,1,
113939760184,1,1,1,1,1,1,
113941760184,1,2,2,1,1,1,
113942260184,1,2,1,1,1,1,
113943760184,1,2,1,2,2,1,
113944760184,1,2,1,2,1,1,
113945260184,1,2,1,1,1,1,
113946260184,1,1,1,1,1,1,
113948260184,1,2,1,1,1,1,
113948760184,1,1,1,1,1,1,
113950260184,1,2,1,1,1,1,
113950760184,1,2,1,1,1,1,
113951760184,1,1,1,1,2,1,
113953260184,1,2,2,1,1,1,
113954260184,1,2,1,1,1,1,
113956260184,1,2,1,1,1,1,
113956760184,1,2,1,2,2,2,
113957260184,1,2,1,1,1,1,
113958260184,1,2,2,2,2,2,
113960760184,1,1,1,1,1,1,
113966760184,1,1,1,1,1,2,
113967260184,1,2,1,1,1,1,
113968260184,1,2,2,1,1,1,
113968760184,1,1,2,1,1,1,
113971760184,1,2,1,1,1,1,
113973260184,1,1,1,1,1,1,
113973760184,1,2,2,2,2,2,
113974260184,1,1,1,1,1,1,
113974760184,1,2,1,1,1,1,
113975260184,1,2,1,1,1,1,
113975760184,1,2,1,1,1,1,
113978260184,1,1,2,2,1,1,
113980260184,1,2,2,1,1,1,
113980760184,1,2,2,2,2,2,
113981760184,1,1,1,1,1,1,
113982260184,1,2,1,1,1,1,
113982760184,1,2,1,1,1,1,
113983260184,1,1,2,1,1,1,
113983760184,1,2,1,1,1,1,
113984760184,1,2,1,1,1,1,
113985260184,1,2,1,1,1,1,
113985760184,1,2,1,1,1,1,
113986760184,1,2,1,2,1,1,
113987260184,1,2,1,1,1,1,
113987760184,1,2,1,1,1,1,
113989760184,1,2,1,1,1,1,
113991260184,1,2,2,1,1,2,
113991760184,1,2,1,1,1,1,
113992760184,1,2,1,1,1,1,
113993260184,1,2,1,1,1,1,
113994760184,1,2,1,1,1,1,
113995760184,1,2,1,1,1,1,
113997260184,1,2,1,1,1,1,
113998260184,1,2,1,1,1,1,
113998760184,1,1,1,1,1,1,
113999260184,1,1,1,1,1,1,
114001760184,1,2,1,1,1,1,
114002260184,1,2,2,1,1,1,
114003260184,1,1,1,1,1,1,
114003760184,1,2,1,1,1,1,
114005260184,1,2,1,1,1,1,
114006260184,1,2,1,1,1,1,
114008260184,1,1,1,1,1,1,
114011760184,1,2,1,1,1,1,
114014260184,1,1,1,1,1,1,
114014760184,1,2,1,1,1,1,
114015260184,1,2,1,1,1,1,
114016260184,1,2,1,1,1,1,
114017260184,1,1,1,1,1,1,
114018260184,1,1,1,1,1,1,
114018760184,1,1,1,1,1,1,
114019260184,1,2,1,1,1,1,
114020260184,1,1,1,1,1,1,
114020760184,1,2,1,1,1,1,
114021260184,1,1,1,1,1,1,
114021760184,1,2,1,1,1,1,
114022760184,1,1,1,2,1,1,
114024760184,1,2,2,1,2,1,
114025760184,1,2,1,1,1,1,
114028760184,1,2,1,1,1,1,
114030260184,1,1,1,1,1,1,
114030760184,1,2,1,1,1,1,
114031760184,1,2,1,1,2,1,
114032760184,1,2,1,1,1,1,
114033260184,1,2,1,1,1,1,
114033760184,1,2,2,1,1,1,
114034260184,1,2,2,1,1,1,
114034760184,1,2,1,1,1,1,
114035260184,1,2,1,1,1,1,
114035760184,1,2,1,1,1,1,
114036260184,1,2,1,1,1,1,
114037760184,1,2,1,1,1,1,
114039760184,1,2,1,1,1,1,
114040760184,1,2,1,2,1,2,
114041260184,1,2,2,1,1,1,
114042760184,1,2,1,1,1,1,
114045760184,1,2,1,1,1,1,
114049260184,1,2,1,1,1,1,
114049760184,1,2,2,1,1,1,
114050260184,1,1,1,1,1,1,
114050760184,1,2,1,1,1,1,
114051260184,1,1,1,1,2,1,
114052260184,1,2,2,1,1,1,
114054260184,1,2,1,1,1,2,
114054760184,1,2,1,1,1,1,
114056260184,1,2,1,1,1,1,
114056760184,1,2,1,1,1,1,
114057260184,1,2,1,1,1,1,
114057760184,1,1,2,2,1,1,
114058760184,1,2,2,1,1,1,
114059260184,1,2,2,2,1,1,
114059760184,1,1,2,1,1,1,
114060760184,1,2,1,1,1,1,
114062760184,1,1,1,1,1,1,
114064260184,1,2,1,1,1,1,
114064760184,1,1,1,1,1,1,
114065760184,1,2,1,1,1,1,
114066260184,1,2,1,1,1,1,
114067260184,1,2,1,1,1,1,
114068260184,1,2,2,1,1,1,
114069260184,1,2,1,1,1,1,
114069760184,1,2,1,1,1,2,
114070760184,1,2,1,1,1,1,
114071260184,1,2,1,1,1,1,
114071760184,1,1,2,1,1,2,
114072760184,1,2,2,2,1,1,
114073760184,1,2,2,1,1,1,
114075260184,1,1,1,1,1,1,
114075760184,1,2,1,1,1,1,
114076260184,1,2,1,1,1,1,
114076760184,1,2,1,1,1,1,
114077260184,1,2,2,1,1,1,
114077760184,1,2,2,1,1,1,
114078260184,1,1,1,1,1,1,
114078760184,1,2,1,1,1,1,
114079260184,1,2,1,1,1,1,
114079760184,1,1,1,1,1,1,
114080760184,1,1,1,1,1,1,
114082760184,1,2,2,2,1,1,
114085260184,1,2,1,1,1,1,
114085760184,1,2,1,1,1,1,
114086260184,1,2,2,1,1,1,
114087260184,1,1,1,1,1,1,
114087760184,1,2,1,1,1,1,
114089260184,1,2,1,1,1,1,
114089760184,1,2,2,1,1,1,
114090260184,1,2,2,1,1,1,
114091260184,1,2,1,1,1,1,
114091760184,1,2,1,2,1,1,
114094260184,1,2,1,1,1,1,
114095760184,1,2,1,1,1,1,
114096760184,1,2,2,2,2,2,
114097260184,1,1,1,1,2,1,

