,W-0,R-0,R-1,R-2,R-3,R-4,
116602154829,1,1,2,1,1,1,
116603654829,1,2,1,1,1,1,
116604654829,1,2,2,1,2,1,
116605654829,1,2,2,2,2,2,
116606654829,1,2,1,1,1,1,
116607154829,1,2,1,1,1,1,
116607654829,1,2,1,1,1,1,
116608154829,1,2,1,1,1,1,
116608654829,1,2,1,2,1,2,
116609154829,1,2,1,1,1,1,
116610654829,1,2,1,1,1,1,
116611654829,1,2,1,1,1,1,
116612154829,1,2,1,1,1,1,
116612654829,1,2,1,2,1,1,
116613154829,1,2,2,2,2,1,
116613654829,1,2,1,1,1,1,
116614154829,1,2,1,1,1,1,
116614654829,1,2,2,1,1,1,
116615654829,1,2,2,1,1,1,
116616154829,1,2,1,1,1,1,
116616654829,1,2,1,1,1,1,
116617154829,1,2,1,1,1,1,
116618154829,1,2,1,1,1,1,
116619154829,1,2,2,1,1,1,
116619654829,1,2,1,1,1,1,
116621654829,1,2,2,2,1,1,
116622154829,1,2,1,1,1,1,
116622654829,1,2,1,1,1,1,
116623154829,1,2,1,1,1,1,
116623654829,1,2,2,1,1,1,
116626154829,1,2,1,1,1,1,
116627154829,1,2,1,1,1,1,
116627654829,1,2,2,1,1,1,
116628154829,1,2,1,1,1,1,
116628654829,1,2,2,2,1,1,
116629154829,1,2,2,1,1,1,
116630154829,1,2,1,2,2,1,
116630654829,1,2,1,1,1,1,
116631154829,1,2,1,1,1,1,
116633154829,1,2,2,2,2,1,
116633654829,1,2,1,1,1,1,
116635154829,1,2,1,1,1,1,
116635654829,1,2,2,2,2,1,
116636154829,1,2,1,1,1,1,
116636654829,1,2,2,1,1,1,
116637654829,1,2,1,1,1,1,
116639154829,1,2,1,1,1,1,
116639654829,1,2,2,2,1,1,
116640154829,1,2,1,1,1,1,
116641154829,1,2,2,1,1,1,
116642654829,1,2,1,1,1,1,
116643654829,1,2,1,1,1,1,
116645154829,1,2,1,1,1,1,
116645654829,1,2,2,1,1,1,
116646654829,1,2,2,1,1,1,
116647154829,1,2,1,1,1,1,
116648654829,1,2,1,1,1,1,
116649154829,1,2,1,1,1,1,
116649654829,1,2,2,1,1,1,
116650154829,1,2,2,2,1,1,
116652154829,1,2,2,2,2,1,
116654154829,1,2,1,1,1,1,
116654654829,1,2,1,1,1,1,
116656154829,1,2,1,1,1,1,
116657654829,1,2,1,1,1,1,
116660154829,1,2,1,1,1,1,
116660654829,1,2,2,1,1,1,
116661654829,1,2,2,1,1,1,
116662154829,1,2,1,1,1,1,
116662654829,1,2,1,1,1,1,
116663654829,1,2,2,1,1,1,
116666154829,1,2,1,2,2,2,
116666654829,1,2,1,1,1,1,
116667654829,1,2,1,1,1,1,
116668154829,1,2,2,2,2,1,
116668654829,1,2,1,2,1,2,
116669154829,1,2,2,2,2,2,
116671154829,1,2,1,1,1,1,
116672154829,1,2,2,1,1,1,
116674654829,1,2,1,1,1,1,
116675654829,1,2,1,2,2,2,
116676154829,1,2,1,1,1,1,
116678654829,1,2,2,2,1,1,
116679154829,1,2,1,2,1,1,
116680154829,1,2,1,1,1,1,
116682654829,1,2,2,1,1,1,
116684154829,1,2,2,2,2,2,
116684654829,1,2,2,2,2,2,
116685154829,1,2,2,2,2,2,
116685654829,1,2,2,2,2,2,
116686154829,1,2,2,2,2,2,
116686654829,1,2,1,1,1,1,
116687154829,1,2,1,1,1,1,
116688654829,1,2,2,1,1,2,
116689154829,1,2,1,1,1,1,
116689654829,1,2,1,1,1,1,
116692154829,1,2,1,1,1,1,
116692654829,1,2,1,1,1,1,
116693654829,1,2,2,1,1,1,
116694654829,1,2,1,2,2,2,
116695154829,1,2,1,1,2,1,
116695654829,1,2,1,1,1,1,
116696154829,1,2,2,1,2,1,
116698654829,1,2,1,1,1,1,
116700654829,1,2,2,1,1,1,
116701154829,1,2,2,1,1,1,
116701654829,1,2,2,2,2,2,
116702154829,1,2,1,1,1,1,
116702654829,1,2,1,1,1,1,
116703154829,1,2,2,2,2,1,
116704654829,1,2,1,1,1,1,
116705654829,1,2,1,1,1,1,
116706154829,1,2,1,1,1,1,
116706654829,1,2,1,1,1,1,
116707154829,1,2,1,1,1,1,
116708654829,1,2,2,1,1,1,
116709154829,1,2,1,1,1,1,
116710154829,1,2,1,1,1,1,
116712154829,1,2,1,2,1,1,
116713154829,1,2,2,1,1,1,
116714154829,1,2,1,1,1,1,
116715154829,1,2,1,1,1,1,
116715654829,1,2,2,1,1,1,
116717154829,1,2,1,1,1,1,
116719654829,1,2,1,1,1,1,
116720654829,1,2,1,1,1,1,
116723154829,1,2,1,1,1,1,
116723654829,1,2,1,1,1,1,
116724154829,1,2,1,1,1,1,
116724654829,1,2,1,1,1,1,
116726154829,1,2,1,1,1,1,
116726654829,1,2,2,1,1,1,
116727154829,1,2,2,1,2,2,
116729154829,1,2,1,1,1,1,
116730654829,1,2,1,1,1,1,
116731154829,1,2,2,2,1,1,
116731654829,1,2,1,1,1,1,
116732154829,1,2,1,1,1,1,
116732654829,1,2,1,1,1,1,
116733154829,1,2,1,1,1,1,
116733654829,1,2,1,1,1,1,
116735154829,1,2,1,1,1,1,
116736154829,1,2,1,1,1,1,
116736654829,1,2,1,1,1,1,
116737154829,1,2,2,1,1,1,
116737654829,1,2,1,1,1,1,
116738654829,1,2,1,1,1,1,
116739654829,1,2,2,1,1,1,
116740654829,1,2,2,2,2,2,
116741154829,1,2,1,1,1,1,
116741654829,1,2,1,1,1,1,
116744154829,1,2,1,2,2,2,
116746154829,1,2,2,1,1,1,
116747654829,1,2,1,1,1,1,
116749654829,1,2,1,2,2,2,
116750154829,1,2,1,1,1,1,
116751154829,1,2,1,1,1,2,
116752154829,1,2,1,1,1,1,
116752654829,1,2,1,1,1,1,
116753154829,1,2,1,2,1,2,
116755654829,1,2,1,1,1,1,
116756654829,1,2,2,2,1,1,
116758154829,1,2,1,1,1,1,
116760654829,1,2,1,1,1,1,
116762154829,1,2,2,2,2,2,
116763654829,1,2,2,2,2,2,
116765154829,1,2,2,1,1,2,
116766654829,1,2,1,1,1,1,
116767154829,1,2,1,1,1,1,
116767654829,1,2,1,1,1,1,
116768154829,1,2,1,1,1,1,
116768654829,1,2,2,1,1,1,
116769654829,1,2,1,1,1,1,
116770154829,1,2,2,1,2,1,
116770654829,1,2,1,2,2,1,
116771654829,1,2,2,1,1,1,
116773654829,1,2,1,1,1,1,
116774654829,1,2,1,1,1,1,
116777654829,1,2,1,1,1,1,
116778154829,1,2,1,1,1,1,
116779154829,1,2,1,1,1,1,
116780654829,1,2,2,1,1,1,
116781154829,1,2,2,1,1,1,
116781654829,1,2,2,1,2,1,
116782154829,1,2,1,1,1,1,
116783154829,1,2,1,1,1,1,
116784154829,1,2,2,1,1,1,
116784654829,1,2,2,2,2,2,
116785654829,1,2,1,1,1,1,
116787154829,1,2,1,1,1,1,
116787654829,1,2,1,1,1,1,
116788654829,1,2,1,2,2,1,
116789154829,1,2,1,1,1,1,
116789654829,1,2,2,2,2,2,
116790154829,1,2,1,1,1,1,
116792154829,1,2,1,2,1,1,
116792654829,1,2,2,2,2,2,
116794154829,1,2,2,1,1,1,
116794654829,1,2,2,2,2,2,
116795154829,1,2,1,1,2,2,
116797154829,1,2,1,1,1,1,
116798154829,1,2,1,1,1,2,
116802154829,1,2,1,1,1,1,
116802654829,1,2,2,1,1,1,
116803654829,1,2,1,1,1,1,
116804154829,1,2,1,1,1,1,
116805154829,1,2,1,1,1,1,
116805654829,1,2,2,1,1,1,
116806154829,1,2,2,1,1,1,
116807154829,1,2,2,1,1,1,
116807654829,1,2,1,1,1,1,
116809154829,1,2,2,1,1,1,
116809654829,1,2,1,1,1,2,
116811154829,1,2,1,1,1,1,
116811654829,1,2,2,1,1,1,
116812154829,1,2,1,1,2,2,
116813154829,1,2,1,1,1,1,
116814154829,1,2,1,1,1,1,
116815654829,1,2,2,1,1,1,
116816654829,1,2,1,1,1,1,
116818654829,1,2,1,1,1,1,
116819154829,1,2,1,2,2,2,
116819654829,1,2,1,1,1,1,
116820154829,1,2,2,1,1,1,
116821154829,1,2,2,1,1,1,
116821654829,1,2,2,2,2,1,
116822154829,1,2,1,1,1,1,
116822654829,1,2,1,1,1,1,
116823154829,1,2,1,1,1,1,
116823654829,1,2,1,1,1,1,
116825654829,1,2,2,1,2,2,
116826654829,1,2,1,1,1,1,
116828154829,1,2,1,1,1,1,
116830654829,1,2,1,1,1,2,
116831154829,1,2,1,1,1,2,
116831654829,1,2,1,1,1,1,
116833154829,1,2,1,1,1,1,
116833654829,1,2,1,1,1,1,
116834654829,1,2,1,1,1,1,
116835654829,1,2,1,1,1,1,
116836154829,1,2,1,1,1,1,
116836654829,1,2,2,1,1,1,
116837154829,1,2,2,1,1,1,
116837654829,1,2,2,1,1,1,
116838154829,1,2,1,1,1,1,
116838654829,1,2,2,1,1,1,
116839154829,1,2,1,1,1,1,
116839654829,1,2,2,1,1,1,
116840154829,1,2,1,1,1,1,
116841154829,1,2,1,1,1,1,
116841654829,1,2,1,1,1,1,
116842154829,1,2,1,1,1,1,
116843154829,1,2,1,1,1,1,
116843654829,1,2,2,1,1,1,
116844654829,1,2,1,1,1,1,
116845154829,1,2,1,1,1,1,
116845654829,1,2,1,1,1,1,
116846154829,1,2,2,2,1,1,
116847154829,1,2,1,1,1,1,
116847654829,1,2,1,1,1,1,
116848154829,1,2,2,2,1,1,
116848654829,1,2,2,1,1,1,
116851154829,1,1,1,1,1,1,
116851654829,1,2,1,2,1,1,
116853654829,1,2,2,1,1,1,
116856154829,1,2,1,1,1,1,
116859654829,1,2,1,1,1,1,
116860154829,1,2,1,1,1,1,
116861654829,1,2,2,1,1,2,
116862154829,1,2,1,1,1,1,
116862654829,1,2,2,1,1,1,
116864154829,1,2,1,1,1,1,
116864654829,1,2,1,1,1,1,
116865654829,1,2,1,1,1,1,
116866654829,1,2,2,2,1,2,
116867154829,1,2,1,1,1,1,
116867654829,1,2,1,1,1,1,
116868154829,1,2,2,1,2,1,
116869654829,1,2,1,1,1,1,
116870654829,1,2,1,1,1,1,
116871154829,1,2,1,1,1,1,
116872154829,1,2,1,1,1,1,
116873154829,1,2,1,1,1,1,
116873654829,1,2,1,1,1,1,
116874154829,1,2,1,1,1,1,
116877154829,1,2,1,1,1,1,
116878154829,1,2,1,1,1,1,
116879654829,1,2,2,1,1,1,
116880654829,1,2,1,1,1,1,
116881654829,1,2,1,1,1,1,
116883154829,1,2,1,1,1,1,
116883654829,1,2,1,1,1,1,
116884154829,1,2,1,1,1,1,
116886654829,1,2,2,1,2,2,
116887154829,1,2,1,1,1,1,
116888654829,1,2,2,2,2,1,
116889154829,1,2,1,1,1,1,
116889654829,1,2,2,1,1,1,
116891154829,1,2,1,1,1,1,
116891654829,1,2,1,1,1,1,
116892154829,1,2,1,1,1,1,
116893154829,1,2,2,1,1,1,
116896154829,1,2,1,1,1,1,
116896654829,1,2,1,1,1,1,
116897654829,1,2,1,1,1,1,
116898154829,1,2,2,1,1,1,
116899654829,1,2,1,1,1,1,
116900654829,1,2,1,1,1,1,
116902154829,1,2,1,1,1,1,
116902654829,1,2,2,2,2,2,
116903154829,1,2,1,1,1,1,
116905654829,1,2,1,1,1,1,
116906654829,1,2,2,1,1,1,
116907154829,1,2,1,1,1,1,
116908154829,1,2,2,2,1,1,
116911154829,1,2,2,1,1,1,
116911654829,1,2,1,1,1,1,
116912654829,1,2,2,1,1,1,
116914154829,1,2,2,1,1,1,
116916154829,1,2,1,1,1,1,
116916654829,1,2,1,1,1,1,
116918154829,1,2,2,2,2,2,
116919154829,1,2,1,1,1,1,
116919654829,1,2,2,1,2,1,
116920654829,1,2,1,1,1,1,
116922654829,1,2,1,1,1,1,
116923154829,1,2,1,1,1,1,
116924654829,1,2,2,2,2,1,
116925154829,1,2,1,1,1,1,
116926154829,1,2,1,1,2,1,
116927654829,1,2,2,2,1,1,
116928654829,1,2,1,1,1,1,
116930654829,1,2,1,1,1,1,
116931154829,1,2,1,1,1,1,
116931654829,1,2,1,1,1,1,
116932654829,1,2,1,1,1,1,
116935154829,1,2,2,2,1,2,
116941154829,1,2,1,1,1,1,
116941654829,1,2,1,1,1,1,
116942654829,1,2,2,1,1,1,
116943154829,1,2,1,1,1,1,
116946154829,1,2,1,1,1,1,
116947654829,1,2,1,1,1,1,
116948154829,1,2,1,1,1,1,
116948654829,1,2,1,1,1,1,
116949154829,1,2,2,1,2,2,
116949654829,1,2,2,1,1,2,
116950154829,1,2,1,1,1,1,
116952654829,1,2,2,1,2,1,
116954654829,1,2,1,1,1,1,
116955154829,1,2,2,2,1,2,
116956154829,1,2,2,1,1,1,
116956654829,1,2,1,1,1,1,
116957154829,1,2,1,1,1,1,
116957654829,1,2,1,1,1,1,
116958154829,1,2,1,2,2,1,
116959154829,1,2,1,2,1,2,
116959654829,1,2,1,1,1,1,
116960154829,1,2,1,1,1,1,
116961154829,1,2,1,1,1,1,
116961654829,1,2,1,1,1,1,
116962154829,1,2,1,1,1,1,
116964154829,1,2,1,1,1,1,
116965654829,1,2,1,1,1,1,
116966154829,1,2,1,1,1,1,
116967154829,1,2,1,1,1,1,
116967654829,1,2,1,1,2,1,
116969154829,1,2,1,1,1,1,
116970154829,1,2,2,2,2,2,
116971654829,1,2,1,1,1,1,
116972654829,1,2,1,1,1,1,
116973154829,1,2,1,1,1,1,
116973654829,1,2,1,1,1,1,
116976154829,1,2,1,2,1,1,
116976654829,1,2,2,2,1,1,
116977654829,1,2,1,1,1,1,
116978154829,1,2,1,1,1,1,
116979654829,1,2,1,2,2,2,
116980654829,1,2,2,2,2,2,
116982654829,1,2,2,1,1,1,
116986154829,1,2,1,1,1,1,
116988654829,1,2,1,2,2,1,
116989154829,1,2,2,1,1,1,
116989654829,1,2,1,1,1,1,
116990654829,1,2,1,1,1,1,
116991654829,1,2,2,1,1,1,
116992654829,1,2,2,2,2,2,
116993154829,1,2,1,1,1,1,
116993654829,1,2,1,1,1,1,
116994654829,1,2,2,1,1,1,
116995154829,1,2,2,2,1,1,
116995654829,1,2,1,1,1,1,
116996154829,1,2,1,1,1,1,
116997154829,1,2,2,1,1,1,
116999154829,1,2,2,2,1,1,
117000154829,1,2,1,1,1,1,
117003154829,1,2,1,1,1,1,
117004654829,1,2,1,1,1,1,
117005154829,1,2,2,2,1,1,
117006154829,1,2,1,1,1,1,
117007154829,1,2,2,1,1,1,
117007654829,1,2,1,1,1,1,
117008154829,1,2,2,2,1,1,
117008654829,1,2,1,1,1,1,
117009154829,1,2,1,2,1,1,
117009654829,1,2,2,1,1,1,
117010154829,1,2,1,2,1,1,
117010654829,1,2,1,2,2,1,
117012154829,1,2,1,1,1,1,
117014154829,1,2,1,2,1,2,
117015154829,1,2,1,1,1,1,
117015654829,1,2,2,1,2,1,
117017154829,1,2,2,1,1,1,
117020154829,1,2,1,1,1,1,
117023654829,1,2,1,1,1,1,
117024154829,1,2,2,2,1,2,
117024654829,1,2,1,1,1,1,
117025154829,1,2,1,1,1,1,
117025654829,1,2,1,1,1,1,
117026654829,1,2,2,2,2,2,
117028654829,1,2,1,1,1,1,
117029154829,1,2,1,1,1,1,
117030654829,1,2,1,1,1,1,
117031154829,1,2,1,2,1,1,
117031654829,1,2,1,1,1,1,
117032154829,1,2,1,1,1,1,
117033154829,1,2,2,1,1,1,
117033654829,1,2,1,1,1,1,
117034154829,1,2,2,1,2,1,
117035154829,1,2,2,1,1,1,
117037154829,1,2,2,1,1,1,
117038654829,1,2,1,1,1,1,
117039154829,1,2,1,1,1,1,
117040154829,1,2,1,1,1,1,
117040654829,1,2,1,1,1,1,
117041654829,1,2,1,1,1,1,
117042654829,1,2,1,1,1,1,
117043654829,1,2,1,1,1,2,
117044154829,1,2,2,1,2,2,
117045154829,1,2,1,1,1,1,
117045654829,1,2,2,1,1,1,
117046154829,1,2,1,1,1,1,
117047154829,1,2,1,1,1,1,
117048154829,1,2,1,2,2,1,
117049654829,1,2,1,1,1,1,
117050154829,1,2,2,2,2,1,
117050654829,1,2,1,1,1,1,
117051154829,1,2,2,1,1,1,
117051654829,1,2,1,1,1,1,
117052154829,1,2,1,1,1,1,
117052654829,1,2,1,1,1,1,
117053154829,1,2,1,1,1,1,
117053654829,1,2,1,1,1,1,
117054154829,1,2,1,1,1,1,
117055154829,1,2,2,1,1,2,
117057154829,1,2,1,1,1,1,
117059654829,1,2,1,1,1,1,
117060154829,1,2,2,1,1,1,
117060654829,1,2,1,2,1,1,
117061654829,1,2,1,1,1,1,
117062154829,1,2,2,1,1,2,
117063654829,1,2,1,1,1,1,
117064154829,1,2,1,1,1,1,
117064654829,1,2,1,1,1,1,
117065654829,1,2,1,1,2,1,
117066154829,1,2,1,1,1,1,
117068654829,1,2,2,1,1,1,
117070154829,1,2,1,1,1,1,
117071154829,1,2,2,2,1,1,
117071654829,1,2,1,1,1,1,

