,W-0,R-0,R-1,R-2,R-3,R-4,
114818059309,1,2,1,1,1,1,
114819559309,1,1,1,1,1,1,
114820559309,1,1,1,1,1,1,
114821559309,1,1,1,1,1,1,
114822559309,1,1,1,1,1,1,
114823059309,1,1,1,1,1,1,
114823559309,1,1,1,1,1,1,
114824059309,1,1,1,1,1,1,
114824559309,1,2,1,1,1,1,
114825059309,1,1,1,1,1,1,
114826559309,1,1,1,1,1,1,
114827559309,1,1,1,1,1,1,
114828059309,1,2,1,1,1,1,
114828559309,1,1,1,1,1,1,
114829059309,1,1,1,1,1,1,
114829559309,1,1,1,1,1,1,
114830059309,1,1,1,1,1,1,
114830559309,1,1,1,1,1,1,
114831559309,1,2,1,1,1,1,
114832059309,1,1,1,1,1,1,
114832559309,1,1,1,1,1,1,
114833059309,1,1,1,1,1,1,
114834059309,1,1,1,1,1,1,
114835059309,1,1,1,1,1,1,
114835559309,1,1,1,1,1,1,
114837559309,1,1,1,1,1,1,
114838059309,1,1,1,1,1,1,
114838559309,1,2,1,1,1,1,
114839059309,1,2,1,1,1,1,
114839559309,1,1,1,1,1,1,
114842059309,1,1,1,1,1,1,
114843059309,1,2,1,1,1,1,
114843559309,1,2,1,1,1,1,
114844059309,1,2,1,1,1,1,
114844559309,1,1,1,1,1,1,
114845059309,1,2,1,1,1,1,
114846059309,1,1,1,1,1,1,
114846559309,1,1,1,1,1,1,
114847059309,1,2,1,1,1,1,
114849059309,1,1,1,1,1,1,
114849559309,1,1,1,1,1,1,
114851059309,1,1,1,1,1,1,
114851559309,1,2,1,1,1,1,
114852059309,1,1,1,1,1,1,
114852559309,1,1,1,1,1,1,
114853559309,1,1,1,1,1,1,
114855059309,1,2,1,1,1,1,
114855559309,1,1,1,1,1,1,
114856059309,1,1,1,1,1,1,
114857059309,1,1,1,1,1,1,
114858559309,1,1,1,1,1,1,
114859559309,1,1,1,1,1,1,
114861059309,1,1,1,1,1,1,
114861559309,1,2,1,1,1,1,
114862559309,1,2,1,1,1,1,
114863059309,1,1,1,1,1,1,
114864559309,1,1,1,1,1,1,
114865059309,1,1,1,1,1,1,
114865559309,1,1,1,1,1,1,
114866059309,1,1,1,1,1,1,
114868059309,1,2,1,1,1,1,
114870059309,1,1,1,1,1,1,
114870559309,1,1,1,1,1,1,
114872059309,1,1,1,1,1,1,
114873559309,1,2,1,1,1,1,
114876059309,1,1,1,1,1,1,
114876559309,1,2,2,1,1,1,
114877559309,1,1,1,1,1,1,
114878059309,1,1,1,1,1,1,
114878559309,1,1,1,1,1,1,
114879559309,1,2,1,1,1,1,
114882059309,1,1,1,1,1,1,
114882559309,1,1,1,1,1,1,
114883559309,1,1,1,1,1,1,
114884059309,1,1,1,1,1,1,
114884559309,1,1,1,1,1,1,
114885059309,1,1,1,1,1,1,
114887059309,1,1,1,1,1,1,
114888059309,1,1,1,1,1,1,
114890559309,1,2,1,1,1,1,
114891559309,1,1,1,1,1,1,
114892059309,1,1,1,1,1,1,
114894559309,1,1,1,1,1,1,
114895059309,1,2,1,1,1,1,
114896059309,1,1,1,1,1,1,
114898559309,1,1,1,1,1,1,
114900059309,1,1,1,1,1,1,
114900559309,1,2,1,1,1,1,
114901059309,1,1,1,1,1,1,
114901559309,1,1,1,1,1,1,
114902059309,1,1,1,1,1,1,
114902559309,1,1,1,1,1,1,
114903059309,1,1,1,1,1,1,
114904559309,1,1,1,1,1,1,
114905059309,1,1,1,1,1,1,
114905559309,1,2,1,1,1,1,
114908059309,1,2,1,1,1,1,
114908559309,1,1,1,1,1,1,
114909559309,1,1,1,1,1,1,
114910559309,1,1,1,1,1,1,
114911059309,1,1,1,1,1,1,
114911559309,1,1,1,1,1,1,
114912059309,1,1,1,1,1,1,
114914559309,1,1,1,1,1,1,
114916559309,1,1,1,1,1,1,
114917059309,1,1,1,1,1,1,
114917559309,1,1,1,1,1,1,
114918059309,1,1,1,1,1,1,
114918559309,1,1,1,1,1,1,
114919059309,1,1,1,1,1,1,
114920559309,1,1,1,1,1,1,
114921559309,1,1,1,1,1,1,
114922059309,1,1,1,1,1,1,
114922559309,1,1,1,1,1,1,
114923059309,1,1,1,1,1,1,
114924559309,1,1,1,1,1,1,
114925059309,1,1,1,1,1,1,
114926059309,1,1,1,1,1,1,
114928059309,1,1,1,1,1,1,
114929059309,1,1,1,1,1,1,
114930059309,1,1,1,1,1,1,
114931059309,1,1,1,1,1,1,
114931559309,1,2,1,1,1,1,
114933059309,1,1,1,1,1,1,
114935559309,1,2,1,1,1,1,
114936559309,1,1,1,1,1,1,
114939059309,1,1,1,1,1,1,
114939559309,1,1,1,1,1,1,
114940059309,1,2,1,1,1,1,
114940559309,1,1,1,1,1,1,
114942059309,1,1,1,1,1,1,
114942559309,1,1,1,1,1,1,
114943059309,1,2,1,1,1,1,
114945059309,1,1,1,1,1,1,
114946559309,1,1,1,1,1,1,
114947059309,1,1,1,1,1,1,
114947559309,1,1,1,1,1,1,
114948059309,1,1,1,1,1,1,
114948559309,1,1,1,1,1,1,
114949059309,1,1,1,1,1,1,
114949559309,1,1,1,1,1,1,
114951059309,1,1,1,1,1,1,
114952059309,1,1,1,1,1,1,
114952559309,1,1,1,1,1,1,
114953059309,1,2,1,1,1,1,
114953559309,1,2,1,1,1,1,
114954559309,1,1,1,1,1,1,
114955559309,1,1,1,1,1,1,
114956559309,1,1,1,1,1,1,
114957059309,1,1,1,1,1,1,
114957559309,1,1,1,1,1,1,
114960059309,1,1,1,1,1,1,
114962059309,1,1,1,1,1,1,
114963559309,1,2,1,1,1,1,
114965559309,1,1,1,1,1,1,
114966059309,1,1,1,1,1,1,
114967059309,1,1,1,1,1,1,
114968059309,1,1,1,1,1,1,
114968559309,1,2,1,1,1,1,
114969059309,1,1,1,1,1,1,
114971559309,1,1,1,1,1,1,
114972559309,1,1,1,1,1,1,
114974059309,1,1,1,1,1,1,
114976559309,1,1,1,1,1,1,
114978059309,1,1,1,1,1,1,
114979559309,1,1,1,1,1,1,
114981059309,1,1,1,1,1,1,
114982559309,1,1,1,1,1,1,
114983059309,1,1,1,1,1,1,
114983559309,1,1,1,1,1,1,
114984059309,1,2,1,1,1,1,
114984559309,1,1,1,1,1,1,
114985559309,1,2,1,1,1,1,
114986059309,1,1,1,1,1,1,
114986559309,1,1,1,1,1,1,
114987559309,1,1,1,1,1,1,
114989559309,1,2,1,1,1,1,
114990559309,1,1,1,1,1,1,
114993559309,1,2,1,1,1,1,
114994059309,1,1,1,1,1,1,
114995059309,1,1,1,1,1,1,
114996559309,1,1,1,1,1,1,
114997059309,1,1,1,1,1,1,
114997559309,1,2,1,1,1,1,
114998059309,1,2,1,1,1,1,
114999059309,1,2,1,1,1,1,
115000059309,1,2,2,2,2,2,
115000559309,1,1,1,1,1,1,
115001559309,1,1,1,1,1,1,
115003059309,1,1,1,1,1,1,
115003559309,1,1,1,1,1,1,
115004559309,1,1,1,1,1,1,
115005059309,1,1,1,1,1,1,
115005559309,1,1,1,1,1,1,
115006059309,1,1,1,1,1,1,
115008059309,1,1,1,1,1,1,
115008559309,1,1,1,1,1,1,
115010059309,1,1,1,1,1,1,
115010559309,1,1,1,1,1,1,
115011059309,1,1,1,1,1,1,
115013059309,1,1,1,1,1,1,
115014059309,1,1,1,1,1,1,
115018059309,1,1,1,1,1,1,
115018559309,1,1,1,1,1,1,
115019559309,1,1,1,1,1,1,
115020059309,1,1,1,1,1,1,
115021059309,1,1,1,1,1,1,
115021559309,1,1,1,1,1,1,
115022059309,1,1,1,1,1,1,
115023059309,1,1,1,1,1,1,
115023559309,1,1,1,1,1,1,
115025059309,1,1,1,1,1,1,
115025559309,1,1,1,1,1,1,
115027059309,1,2,1,1,1,1,
115027559309,1,2,1,1,1,1,
115028059309,1,1,1,1,1,1,
115029059309,1,2,1,1,1,1,
115030059309,1,1,1,1,1,1,
115031559309,1,1,1,1,1,1,
115032559309,1,1,1,1,1,1,
115034559309,1,1,1,1,1,1,
115035059309,1,1,1,1,1,1,
115035559309,1,1,1,1,1,1,
115036059309,1,1,1,1,1,1,
115037059309,1,2,1,1,1,1,
115037559309,1,2,1,1,1,1,
115038059309,1,1,1,1,1,1,
115038559309,1,1,1,1,1,1,
115039059309,1,2,1,1,1,1,
115039559309,1,1,1,1,1,1,
115041559309,1,1,1,1,1,1,
115042559309,1,1,1,1,1,1,
115044059309,1,2,1,1,1,1,
115046559309,1,1,1,1,1,1,
115047059309,1,1,1,1,1,1,
115047559309,1,1,1,1,1,1,
115049059309,1,1,1,1,1,1,
115049559309,1,1,1,1,1,1,
115050559309,1,1,1,1,1,1,
115051559309,1,1,1,1,1,1,
115052059309,1,1,1,1,1,1,
115052559309,1,2,1,1,1,1,
115053059309,1,1,1,1,1,1,
115053559309,1,2,1,1,1,1,
115054059309,1,1,1,1,1,1,
115054559309,1,1,1,1,1,1,
115055059309,1,2,1,1,1,1,
115055559309,1,1,1,1,1,1,
115056059309,1,1,1,1,1,1,
115057059309,1,2,1,1,1,1,
115057559309,1,1,1,1,1,1,
115058059309,1,1,1,1,1,1,
115059059309,1,1,1,1,1,1,
115059559309,1,1,1,1,1,1,
115060559309,1,1,1,1,1,1,
115061059309,1,1,1,1,1,1,
115061559309,1,1,1,1,1,1,
115062059309,1,1,1,1,1,1,
115063059309,1,1,1,1,1,1,
115063559309,1,1,1,1,1,1,
115064059309,1,1,1,1,1,1,
115064559309,1,1,1,1,1,1,
115067059309,1,1,1,1,1,1,
115067559309,1,1,1,1,1,1,
115069559309,1,2,1,1,1,1,
115072059309,1,2,1,1,1,1,
115075559309,1,1,1,1,1,1,
115076059309,1,1,1,1,1,1,
115077559309,1,1,1,1,1,1,
115078059309,1,1,1,1,1,1,
115078559309,1,2,1,1,1,1,
115080059309,1,1,1,1,1,1,
115080559309,1,1,1,1,1,1,
115081559309,1,1,1,1,1,1,
115082559309,1,1,1,1,1,1,
115083059309,1,1,1,1,1,1,
115083559309,1,1,1,1,1,1,
115084059309,1,1,1,1,1,1,
115085559309,1,1,1,1,1,1,
115086559309,1,1,1,1,1,1,
115087059309,1,2,1,1,1,1,
115088059309,1,1,1,1,1,1,
115089059309,1,1,1,1,1,1,
115089559309,1,1,1,1,1,1,
115090059309,1,1,1,1,1,1,
115093059309,1,1,1,1,1,1,
115094059309,1,1,1,1,1,1,
115095559309,1,1,1,1,1,1,
115096559309,1,1,1,1,1,1,
115097559309,1,1,1,1,1,1,
115099059309,1,1,1,1,1,1,
115099559309,1,1,1,1,1,1,
115100059309,1,1,1,1,1,1,
115102559309,1,1,1,1,1,1,
115103059309,1,1,1,1,1,1,
115104559309,1,1,1,1,1,1,
115105059309,1,1,1,1,1,1,
115105559309,1,1,1,1,1,1,
115107059309,1,1,1,1,1,1,
115107559309,1,1,1,1,1,1,
115108059309,1,1,1,1,1,1,
115109059309,1,1,1,1,1,1,
115112059309,1,1,1,1,1,1,
115112559309,1,1,1,1,1,1,
115113559309,1,1,1,1,1,1,
115114059309,1,1,1,1,1,1,
115115559309,1,1,1,1,1,1,
115116559309,1,1,1,1,1,1,
115118059309,1,1,1,1,1,1,
115118559309,1,1,1,1,1,1,
115119059309,1,2,1,1,1,1,
115121559309,1,1,1,1,1,1,
115122559309,1,1,1,1,1,1,
115123059309,1,1,1,1,1,1,
115124059309,1,1,1,1,1,1,
115127059309,1,1,1,1,1,1,
115127559309,1,1,1,1,1,1,
115128559309,1,1,1,1,1,1,
115130059309,1,1,1,1,1,1,
115132059309,1,1,1,1,1,1,
115132559309,1,1,1,1,1,1,
115134059309,1,1,1,1,1,1,
115135059309,1,1,1,1,1,1,
115135559309,1,2,1,1,1,1,
115136559309,1,2,1,1,1,1,
115138559309,1,1,1,1,1,1,
115139059309,1,1,1,1,1,1,
115140559309,1,1,1,1,1,1,
115141059309,1,1,1,1,1,1,
115142059309,1,2,1,1,1,1,
115143559309,1,1,1,1,1,1,
115144559309,1,1,1,1,1,1,
115146559309,1,1,1,1,1,1,
115147059309,1,1,1,1,1,1,
115147559309,1,1,1,1,1,1,
115148559309,1,1,1,1,1,1,
115151059309,1,2,1,1,1,1,
115157059309,1,1,1,1,1,1,
115157559309,1,2,1,1,1,1,
115158559309,1,1,1,1,1,1,
115159059309,1,1,1,1,1,1,
115162059309,1,2,1,1,1,1,
115163559309,1,1,1,1,1,1,
115164059309,1,2,1,1,1,1,
115164559309,1,2,1,1,1,1,
115165059309,1,1,1,1,1,1,
115165559309,1,1,1,1,1,1,
115166059309,1,2,1,1,1,1,
115168559309,1,1,1,1,1,1,
115170559309,1,2,1,1,1,1,
115171059309,1,1,1,1,1,1,
115172059309,1,2,1,1,1,1,
115172559309,1,1,1,1,1,1,
115173059309,1,1,1,1,1,1,
115173559309,1,1,1,1,1,1,
115174059309,1,1,1,1,1,1,
115175059309,1,1,1,1,1,1,
115175559309,1,1,1,1,1,1,
115176059309,1,1,1,1,1,1,
115177059309,1,1,1,1,1,1,
115177559309,1,1,1,1,1,1,
115178059309,1,1,1,1,1,1,
115180059309,1,1,1,1,1,1,
115181559309,1,2,1,1,1,1,
115182059309,1,1,1,1,1,1,
115183059309,1,1,1,1,1,1,
115183559309,1,1,1,1,1,1,
115185059309,1,1,1,1,1,1,
115186059309,1,2,1,1,1,1,
115187559309,1,1,1,1,1,1,
115188559309,1,1,1,1,1,1,
115189059309,1,1,1,1,1,1,
115189559309,1,2,1,1,1,1,
115192059309,1,2,1,1,1,1,
115192559309,1,1,1,1,1,1,
115193559309,1,1,1,1,1,1,
115194059309,1,1,1,1,1,1,
115195559309,1,1,1,1,1,1,
115196559309,1,1,1,1,1,1,
115198559309,1,1,1,1,1,1,
115202059309,1,2,1,1,1,1,
115204559309,1,1,1,1,1,1,
115205059309,1,1,1,1,1,1,
115205559309,1,2,1,1,1,1,
115206559309,1,1,1,1,1,1,
115207559309,1,1,1,1,1,1,
115208559309,1,2,1,1,1,1,
115209059309,1,1,1,1,1,1,
115209559309,1,1,1,1,1,1,
115210559309,1,1,1,1,1,1,
115211059309,1,1,1,1,1,1,
115211559309,1,1,1,1,1,1,
115212059309,1,1,1,1,1,1,
115213059309,1,1,1,1,1,1,
115215059309,1,1,1,1,1,1,
115216059309,1,1,1,1,1,1,
115219059309,1,1,1,1,1,1,
115220559309,1,2,1,1,1,1,
115221059309,1,1,1,1,1,1,
115222059309,1,1,1,1,1,1,
115223059309,1,2,1,1,1,1,
115223559309,1,1,1,1,1,1,
115224059309,1,1,1,1,1,1,
115224559309,1,1,1,1,1,1,
115225059309,1,1,1,1,1,1,
115225559309,1,2,1,1,1,1,
115226059309,1,1,1,1,1,1,
115226559309,1,1,1,1,1,1,
115228059309,1,2,1,1,1,1,
115230059309,1,1,1,1,1,1,
115231059309,1,1,1,1,1,1,
115231559309,1,1,1,1,1,1,
115233059309,1,2,1,1,1,1,
115236059309,1,1,1,1,1,1,
115239559309,1,1,1,1,1,1,
115240059309,1,1,1,1,1,1,
115240559309,1,2,2,2,2,1,
115241059309,1,2,1,1,1,1,
115241559309,1,1,1,1,1,1,
115242559309,1,1,1,1,1,1,
115244559309,1,1,1,1,1,1,
115245059309,1,1,1,1,1,1,
115246559309,1,1,1,1,1,1,
115247059309,1,2,1,1,1,1,
115247559309,1,1,1,1,1,1,
115248059309,1,1,1,1,1,1,
115249059309,1,1,1,1,1,1,
115249559309,1,2,1,1,1,1,
115250059309,1,1,1,1,1,1,
115251059309,1,1,1,1,1,1,
115253059309,1,2,1,1,1,1,
115254559309,1,1,1,1,1,1,
115255059309,1,1,1,1,1,1,
115256059309,1,1,1,1,1,1,
115256559309,1,1,1,1,1,1,
115257559309,1,1,1,1,1,1,
115258559309,1,1,1,1,1,1,
115259559309,1,1,1,1,1,1,
115260059309,1,1,1,1,1,1,
115261059309,1,2,1,1,1,1,
115261559309,1,1,1,1,1,1,
115262059309,1,1,1,1,1,1,
115263059309,1,1,1,1,1,1,
115264059309,1,1,1,1,1,1,
115265559309,1,1,1,1,1,1,
115266059309,1,1,1,1,1,1,
115266559309,1,1,1,1,1,1,
115267059309,1,1,1,1,1,1,
115267559309,1,2,1,1,1,1,
115268059309,1,1,1,1,1,1,
115268559309,1,1,1,1,1,1,
115269059309,1,1,1,1,1,1,
115269559309,1,1,1,1,1,1,
115270059309,1,1,1,1,1,1,
115271059309,1,2,1,1,1,1,
115273059309,1,2,1,1,1,1,
115275559309,1,1,1,1,1,1,
115276059309,1,1,1,1,1,1,
115276559309,1,1,1,1,1,1,
115277559309,1,2,1,1,1,1,
115278059309,1,1,1,1,1,1,
115279559309,1,1,1,1,1,1,
115280059309,1,1,1,1,1,1,
115280559309,1,1,1,1,1,1,
115281559309,1,2,1,1,1,1,
115282059309,1,1,1,1,1,1,
115284559309,1,1,1,1,1,1,
115286059309,1,1,1,1,1,1,
115287059309,1,1,1,1,1,1,
115287559309,1,1,1,1,1,1,

