,W-0,R-0,R-1,R-2,R-3,R-4,
126722168317,40625,20605,20324,11018,13005,13288,
126723668317,300000,12229,3023,4957,7110,9622,
126724668317,32292,1555,3032,5262,8457,9195,
126725668317,35084,1585,3142,4976,6951,10166,
126726668317,40078,1540,3032,5022,7069,9057,
126727168317,44156,2100,3264,5004,7652,9097,
126727668317,125174,53668,52739,53390,52348,52960,
126728168317,100911,1565,3057,5292,7035,9163,
126728668317,37757,12076,3192,5006,7148,9097,
126729168317,18961,1510,3243,4968,6956,9121,
126730668317,46678,11915,2974,4988,7061,9091,
126731668317,19458,1562,2917,5044,7020,9033,
126732168317,51507,1330,2955,4922,7015,9126,
126732668317,231943,1431,3124,5209,7056,9250,
126733168317,41549,1876,3159,4888,6868,9268,
126733668317,11612,1332,2986,5078,7013,9078,
126734168317,20442,11841,2918,4839,6879,9002,
126734668317,29946,1257,3015,4963,7048,9076,
126735668317,19611,1446,3012,5022,6942,9061,
126736168317,68576,1436,3158,4943,7667,9897,
126736668317,43962,1548,2892,4984,6860,8975,
126737168317,52555,1947,2933,4947,6929,9156,
126738168317,25576,1625,3141,4965,7139,9270,
126739168317,39051,11956,3065,4865,6976,9015,
126739668317,49214,1662,3068,5102,7074,9230,
126741668317,58071,13591,3202,4985,6919,9182,
126742168317,26738,1369,2961,5027,6860,9001,
126742668317,40315,1358,3457,4902,6994,9047,
126743168317,38970,1418,2993,4921,6987,9267,
126743668317,42379,1499,3088,4990,7269,9400,
126746168317,19277,12346,3214,4857,6842,9234,
126747168317,76647,1299,3185,4843,6848,8829,
126747668317,137993,11807,3006,4855,7040,9178,
126748168317,131402,12052,3197,5069,6965,8894,
126748668317,31923,1459,2873,5002,6888,8866,
126749168317,12040,1382,3132,4887,6888,8857,
126750168317,48143,1324,3088,4912,6923,8902,
126750668317,46979,1427,3564,4840,6910,8864,
126751168317,39365,1340,3076,4855,6811,8786,
126753168317,19186,3057,3467,4916,7098,9019,
126753668317,44296,12177,2839,4814,6900,8901,
126755168317,26639,1391,2899,4939,6907,9026,
126755668317,171050,1946,3239,4991,7058,9014,
126756168317,23384,12114,3155,4956,7092,8940,
126756668317,20980,11858,2886,4836,6825,8824,
126757668317,30780,13019,4135,5424,6950,9022,
126759168317,24400,1572,3070,5016,6933,9041,
126759668317,40015,1310,4022,4844,6838,8819,
126760168317,32457,11925,3081,4923,6937,8865,
126761168317,22356,1394,3000,5177,6962,8973,
126762668317,10322,1308,2813,4921,7060,8851,
126763668317,166382,1364,3008,4817,6871,8943,
126765168317,44179,1663,2952,4860,6891,8996,
126765668317,67395,1463,3052,5535,7126,9063,
126766668317,43799,1515,3053,4933,6919,8971,
126767168317,12558,1207,2959,4851,6818,8861,
126768668317,34840,1440,2912,4959,6911,8854,
126769168317,52631,12640,3095,5018,7014,8984,
126769668317,33547,1285,3080,4947,7099,8896,
126770168317,11445,11794,2991,4901,7391,8968,
126772168317,38063,1298,2978,4965,6970,8898,
126774168317,18765,12141,3080,4871,6889,8884,
126774668317,34421,11847,3146,4967,7329,8842,
126776168317,26342,1571,2892,4880,6805,8844,
126777668317,25447,1250,2856,4931,6845,8934,
126780168317,25935,11861,2925,4962,6940,8889,
126780668317,24567,11872,2913,4924,7851,8884,
126781668317,35100,1231,3066,4891,6832,8916,
126782168317,17917,1300,3491,4749,6841,8800,
126782668317,15581,12062,2899,4894,6901,8881,
126783668317,49209,1497,2902,4956,7338,8883,
126786168317,28966,1391,3199,4990,6958,8953,
126786668317,26899,1352,2871,4970,6901,8932,
126787668317,46321,1247,2891,5219,6908,8972,
126788168317,14602,1597,2952,5087,6859,8953,
126788668317,231396,1323,2844,4832,6879,8813,
126789168317,35989,12051,2913,4888,6936,9077,
126791168317,45985,11924,3357,5137,6951,8830,
126792168317,36470,1426,3279,5074,6883,8795,
126794668317,45400,1419,3074,5078,7337,9466,
126795668317,46091,12024,2985,4933,6888,9052,
126796168317,36579,1273,2968,4917,6987,8891,
126798668317,38109,11948,2993,4960,6893,8892,
126799168317,30381,1320,2998,4808,6952,8912,
126800168317,37635,12006,2961,4930,6871,9065,
126802668317,27601,1507,3008,4894,6910,8848,
126804168317,28399,1358,3007,4991,6988,8963,
126804668317,47099,1401,3066,5043,7543,8786,
126805168317,15958,1308,3014,4966,6812,8912,
126805668317,20075,1231,2985,4991,6838,8815,
126806168317,46036,1352,2942,4863,6804,8937,
126806668317,32422,1264,2890,4806,6978,8799,
126807168317,43040,1379,2999,5041,7188,9135,
126808668317,39132,2148,2910,5297,6804,8811,
126809168317,36488,1501,3170,5001,6945,9147,
126809668317,28858,1845,3072,4871,6842,9003,
126812168317,46955,1909,3066,5054,6971,8822,
126812668317,44974,5572,5258,5414,7090,9509,
126813668317,23400,11887,2966,4894,6860,8833,
126814668317,47595,1574,2983,5035,6989,9036,
126815168317,66007,1519,3017,5081,7129,8798,
126815668317,86642,12134,3251,4832,6908,8947,
126816168317,40185,1419,3201,4867,6894,8888,
126818668317,42169,1622,2993,4879,6813,8847,
126820668317,15790,12122,3060,5020,6826,8864,
126821168317,25231,2029,2960,5150,7005,8881,
126821668317,16274,1308,2861,4807,6823,8968,
126822168317,48475,1196,2880,4803,6853,9048,
126822668317,29654,1314,2874,4810,6826,8835,
126823168317,131527,1921,3045,5127,7137,9059,
126824668317,60594,1384,3039,4901,6797,8850,
126825668317,42262,11843,2904,4807,6806,8859,
126826168317,28481,1281,2865,4771,7004,8892,
126826668317,15652,12021,3009,5226,7037,9158,
126827168317,13136,1296,2822,4879,6840,8865,
126828668317,23402,1346,3113,5010,7029,9663,
126829168317,59495,17420,17633,17748,17951,18114,
126830168317,26464,1184,2865,4954,6862,8804,
126832168317,37199,11815,3175,5035,6934,8856,
126833168317,21848,12022,3033,5017,7123,8937,
126834168317,23390,11987,3026,5030,6762,8834,
126835168317,23276,11894,2978,4944,6832,8962,
126835668317,32160,11978,2954,4923,6898,8871,
126837168317,21482,1473,2816,4768,6949,8875,
126839668317,77929,21956,21823,13215,13385,22572,
126840668317,47346,1257,2958,4899,7024,8949,
126843168317,24545,1472,2912,4891,6947,9227,
126843668317,74429,1497,2982,5066,6893,8879,
126844168317,32126,1235,2737,4835,7044,8830,
126844668317,38617,1130,2927,4818,6831,8793,
126846168317,39092,11912,3282,4841,6824,8894,
126846668317,42074,1150,2975,4904,6800,8954,
126847168317,14541,12170,2960,4916,6903,9051,
126849168317,97910,12289,3169,5030,6985,8873,
126850668317,21266,1665,2998,4987,6878,8950,
126851168317,36488,1452,2969,5018,7318,8919,
126851668317,39895,1335,2990,4845,6970,8915,
126852168317,33433,1298,2871,4953,6861,8876,
126852668317,42607,1396,2950,4845,6805,8795,
126853168317,46064,1271,2963,5288,7438,8842,
126853668317,9861,1212,2895,4892,6788,8819,
126855168317,62067,11778,2888,4831,6833,8868,
126856168317,100911,11981,3343,4861,7052,8815,
126856668317,35656,13199,3072,4949,6923,8891,
126857168317,48226,11765,2954,4827,6913,8881,
126857668317,38119,1369,2962,4930,7012,8836,
126858668317,90961,12340,3044,5115,6967,9010,
126859668317,20018,11792,2887,4880,6874,8804,
126860668317,40844,1515,2968,4840,6845,8859,
126861168317,50312,1347,2990,4875,6804,8758,
126861668317,34241,1498,2789,4812,6897,8831,
126864168317,17433,2014,3026,4860,7017,8897,
126866168317,25970,1439,3025,4766,6902,9014,
126867668317,31395,1573,2845,4801,6964,8874,
126869668317,23010,1279,2994,4967,7122,8992,
126870168317,300000,1287,2915,4849,6932,8911,
126871168317,101666,1775,3247,4997,7051,9013,
126872168317,41395,3007,3111,4792,6803,8747,
126872668317,31275,11937,2751,4918,6791,8850,
126873168317,136152,1415,3121,5048,6905,8914,
126875668317,300000,377623,377349,377527,378414,378267,
126876668317,300000,12828,3185,5006,7109,8997,
126878168317,300000,261032,264498,264848,260578,258307,
126880668317,287305,1258,2991,5020,6924,8877,
126882168317,46360,2396,5282,5082,6890,9025,
126883668317,114514,12293,3111,5167,7188,9197,
126885168317,22941,1367,3012,5180,6814,8818,
126886668317,52020,8488,8561,9364,9212,8997,
126887168317,300000,12104,2958,4864,6918,8919,
126887668317,71757,1399,2966,4908,6866,8944,
126888168317,35741,11826,2958,4839,6899,8852,
126888668317,45248,1494,2942,4873,6777,8819,
126889668317,63556,19725,19046,18748,18907,19247,
126890168317,32167,1359,2879,4764,6891,8861,
126890668317,16855,1162,2883,4770,7007,8877,
126891668317,23041,11761,2963,4929,6976,8919,
126893668317,51775,1349,3230,5040,7029,9498,
126894668317,36032,1263,2872,4751,6792,8786,
126897668317,24921,1454,3189,4893,6879,8830,
126898168317,29183,1309,3127,4795,7084,8831,
126899168317,17576,12172,2957,5022,6906,8879,
126900668317,49843,5943,6396,6570,6962,8935,
126901168317,26008,1453,3019,4944,6920,8943,
126901668317,29330,11962,2826,4970,7009,9066,
126902168317,10514,1307,2976,4915,6969,8892,
126903168317,18852,1391,3147,5091,6917,8948,
126904168317,43646,1228,2898,4926,6807,8844,
126904668317,31008,1608,2991,4824,6907,8838,
126905668317,44833,1274,2996,4854,6842,8953,
126907168317,50930,11590,2797,4975,7070,9300,
126907668317,15191,1210,3006,4965,6963,8829,
126908668317,35116,1828,3245,5022,6800,8851,
126909168317,50334,1541,3015,5016,6851,8880,
126909668317,25470,1324,2862,4795,6823,9550,
126910168317,34911,1435,3023,4888,6841,9036,
126912168317,26104,11745,2824,4926,6811,8802,
126912668317,24251,1438,2875,4886,6847,8922,
126914168317,89285,1275,2819,4801,6862,8905,
126914668317,50943,11830,2945,4788,7198,9090,
126915168317,68168,1206,3055,4928,7243,8907,
126917168317,69393,12113,2943,4851,6907,9040,
126918168317,32102,11651,3015,4803,6868,8927,
126922168317,15252,1374,3042,5005,6828,8759,
126922668317,32235,1479,3054,4872,6815,8949,
126923668317,26869,11814,3035,4974,7379,8978,
126924168317,42945,1243,2876,4851,6814,8837,
126925168317,32680,1432,3051,4943,6880,8901,
126925668317,104985,1287,2973,4807,6772,8762,
126926168317,33627,1297,2845,4878,7077,8810,
126927168317,16107,1648,2913,4806,6900,8929,
126927668317,11015,11917,2894,4840,6784,8825,
126929168317,40527,1438,2992,4905,6876,8885,
126929668317,26565,1331,2863,4802,6800,8854,
126931168317,14305,11604,2999,4894,6823,8850,
126931668317,35204,1239,2834,4958,6850,8967,
126932168317,136395,1593,2896,4867,6846,8999,
126933168317,12021,1296,4499,4927,6885,8809,
126934168317,13587,1392,3024,5028,7015,8843,
126935668317,160589,1380,3043,5012,6850,8805,
126936668317,20981,1414,2903,4749,6785,8930,
126938668317,98878,1504,3256,5146,7075,9067,
126939168317,33865,12285,2984,4944,7004,8820,
126939668317,34103,1578,2813,4894,7007,8856,
126940168317,93615,95670,3032,4860,99021,98615,
126941168317,35209,1362,2875,4864,6824,8785,
126941668317,21942,1553,3080,4950,6900,8979,
126942168317,187413,2474,2977,5004,6856,8876,
126942668317,34986,1266,2818,4762,6829,8833,
126943168317,53981,1377,3052,4980,6839,9148,
126943668317,38549,1222,2763,4796,6846,8803,
126945668317,16666,1286,2757,4839,6850,9035,
126946668317,53048,1306,3118,5006,6871,8806,
126948168317,21607,11812,2851,4803,6920,8829,
126950668317,47590,5371,5501,5249,7146,8855,
126951168317,155112,69252,69186,69350,59487,59573,
126951668317,46551,1246,3131,4850,6770,8813,
126953168317,30832,1334,2910,4887,6877,8886,
126953668317,17486,1498,2963,4852,6890,8946,
126954668317,25393,1368,2839,4887,6830,8878,
126955668317,34072,1726,3084,4856,6989,8826,
126956168317,49863,1282,2905,4903,6883,9002,
126956668317,30962,1374,2846,4943,6927,8893,
126957168317,18004,1677,2942,4832,6989,8882,
126957668317,33354,1337,2911,4801,6869,8897,
126958168317,37360,1436,2950,4883,6944,8865,
126958668317,33346,1529,3025,4828,6887,8801,
126959168317,31281,1387,2968,4845,6839,8773,
126959668317,46188,1361,2881,4827,6827,8763,
126960168317,25051,1555,2970,5068,7367,8900,
126961168317,56580,11950,3050,5020,6922,8882,
126961668317,36823,1257,2832,4872,6760,8855,
126962168317,35836,1299,2845,4743,6790,8735,
126963168317,37250,1301,2800,4820,6906,8856,
126963668317,53044,11782,2894,4784,6840,8909,
126964668317,10038,11965,2924,4890,6754,9299,
126965168317,35842,1315,2869,4746,6818,8936,
126965668317,45127,1188,2798,4942,6888,8850,
126966168317,64297,1538,3002,4875,6821,8875,
126967168317,41041,1480,3029,4796,6858,8875,
126967668317,53071,13003,2871,4813,6829,8881,
126968168317,25967,11930,3171,4886,6914,8909,
126968668317,42512,1405,3074,4927,6760,8849,
126971168317,20790,1345,3030,4952,6853,8937,
126971668317,13248,1226,2967,4815,6854,8977,
126973668317,11928,12119,2825,4906,6797,8857,
126976168317,92595,1667,3055,5134,7147,9135,
126979668317,21797,1245,2890,4897,7036,8895,
126980168317,35122,1602,2907,4792,6846,8848,
126981668317,17511,1228,2928,4844,6952,8844,
126982168317,59840,1431,3850,5314,7221,9041,
126982668317,37136,2563,3155,4804,6812,9008,
126984168317,7457,1267,2900,4927,7026,8866,
126984668317,78895,1359,2966,4845,6839,8917,
126985668317,53499,1448,3103,4822,6934,8919,
126986668317,24926,1307,2992,4808,6868,8972,
126987168317,25254,13354,2964,4840,6885,8761,
126987668317,14985,1269,2966,4893,6852,8858,
126988168317,31457,1258,2892,4822,6786,8867,
126989668317,26050,1495,3056,4826,6850,8827,
126990668317,39887,1530,2854,4776,6882,8882,
126991168317,20855,1306,2889,4858,6865,9015,
126992168317,60098,1451,2998,4839,7052,8890,
126993168317,42896,1362,2999,5039,6900,8821,
126993668317,24555,11977,3005,5011,6942,9008,
126994168317,29544,1299,2944,4839,6917,8801,
126997168317,11973,12100,2953,4888,6911,8835,
126998168317,42303,1363,2972,4815,6881,8866,
126999668317,37050,1263,2822,4851,6861,9011,
127000668317,44075,12120,2973,5041,6967,9185,
127001668317,26970,1415,2829,4811,6939,8802,
127003168317,15594,12011,2832,4808,6830,8889,
127003668317,32170,1257,2838,4790,6816,8948,
127004168317,35017,1226,2828,5014,6851,9149,
127006668317,36927,11889,2883,4918,6916,8822,
127007168317,35073,1267,2808,4782,6831,8784,
127008668317,43925,1308,3065,4838,6852,8858,
127009168317,62818,1550,2869,4815,6805,8798,
127009668317,48618,12018,2968,4874,6875,8959,
127011168317,44826,1434,3032,4884,7065,8902,
127011668317,54196,1492,2984,5030,6809,8960,
127012168317,40980,12060,3272,4845,6856,8987,
127013168317,49007,1275,2974,4858,6859,8822,
127016168317,36292,1408,3167,4910,6791,8780,
127016668317,74001,12002,2930,4794,6828,8848,
127017668317,29433,1363,2767,4831,6968,8812,
127018168317,33327,1559,3125,4879,6847,8878,
127019668317,22030,11783,3012,4799,6886,8872,
127020668317,11918,1253,2890,4781,6850,8852,
127022168317,30679,1220,2805,4801,6814,8844,
127022668317,49084,1224,2881,4833,6970,8856,
127023168317,52974,1257,3004,4852,7043,8970,
127025668317,33019,1241,2953,4901,6794,8887,
127026668317,11504,1237,2964,4980,6903,8869,
127027168317,47833,1431,2949,4928,6945,8797,
127028168317,37731,11833,2892,4800,6913,8933,
127031168317,26958,1328,2897,4966,6869,8958,
127031668317,7620,1753,2935,4870,7095,9340,
127032668317,49254,1367,2860,4921,6881,8826,
127034168317,73017,1370,2923,4891,6904,8895,
127036168317,37718,1280,2913,4767,6840,8758,
127036668317,21937,1519,2883,4805,6795,8832,
127038168317,21575,1367,2798,4818,6945,8914,
127039168317,194183,1147,2973,4801,6800,8814,
127039668317,92462,11966,2898,4883,6905,8918,
127040668317,37248,1256,2957,4839,6961,8963,
127042668317,28482,1300,2872,4896,6801,8801,
127043168317,37374,1561,2953,4909,7065,8973,
127044668317,34061,1320,2794,5306,6839,8805,
127045168317,20869,1306,2800,4814,6926,8876,
127046168317,96342,39898,39582,39367,39152,39501,
127047668317,10292,1842,2872,4823,6837,8783,
127048668317,17554,12144,2872,4752,7111,8852,
127050668317,32670,1379,2877,4831,6768,8886,
127051168317,19377,1289,2950,4988,6884,8840,
127051668317,22284,1398,2801,4816,6965,8902,
127052668317,41452,1743,3028,5089,6821,8785,
127055168317,9870,1676,3028,4911,6883,9161,
127061168317,24206,1450,3407,4796,7136,8946,
127061668317,29070,1246,2854,4679,6790,8784,
127062668317,52805,11842,2910,4885,7872,9380,
127063168317,39540,11670,3044,4974,6977,9072,
127066168317,39932,1405,2805,4831,6825,8817,
127067668317,22930,1477,2956,5091,6917,8846,
127068168317,47842,3593,3855,6028,7287,8987,
127068668317,23986,1413,2930,5007,6771,8749,
127069168317,39436,1337,2979,4942,6919,8946,
127069668317,8413,1278,2914,4785,6904,9177,
127070168317,40914,1575,2960,4869,6986,8928,
127072668317,50251,1979,2950,4843,7046,8839,
127074668317,21859,11910,2880,4902,6812,8798,
127075168317,20143,1417,2996,4838,6912,8883,
127076168317,15377,1244,2832,4873,6849,8826,
127076668317,30735,11810,2991,4969,6920,9024,
127077168317,45393,3298,3480,4960,6815,8829,
127077668317,66313,1291,3062,4871,6891,8964,
127078168317,41300,1382,2887,4783,6846,9039,
127079168317,25585,1480,2943,4934,6938,8905,
127079668317,40405,1431,2834,4848,6785,8853,
127080168317,21468,1228,2943,4903,6872,8852,
127081168317,11937,2127,3157,5017,6962,9197,
127081668317,28205,12851,2790,4793,6772,8884,
127082168317,47435,11560,2878,4875,6798,8795,
127084168317,75268,1413,3366,4888,6913,8842,
127085668317,16925,11764,2977,4774,6893,9294,
127086168317,35937,1294,2872,4781,6856,8783,
127087168317,31396,11774,2937,5029,6807,8891,
127087668317,128773,1260,2942,4803,6809,8912,
127089168317,44938,11751,3068,4911,6873,8729,
127090168317,11858,1729,3095,4978,12045,12236,
127091668317,130297,1561,3078,4852,6771,8899,
127092668317,300000,12299,3242,5142,7223,9098,
127093168317,300000,186234,180103,187625,186035,185025,
127093668317,202157,2736,3309,5149,7175,9484,
127096168317,94406,12034,3040,5068,7262,8952,
127096668317,22125,11816,3007,4948,6889,8939,
127097668317,24157,11875,4010,4843,6853,8784,
127098168317,10496,1631,2931,4958,6844,8869,
127099668317,29054,11959,3142,4844,6893,9031,
127100668317,201624,117488,117285,117027,106868,107093,
127102668317,17672,1572,3118,4911,6887,9388,
127106168317,36328,1826,2843,4905,6868,8989,
127108668317,84982,1375,2951,4935,6783,8885,
127109168317,50675,1298,2880,4924,6773,8781,
127109668317,31365,1377,2912,4840,6915,8901,
127110668317,45066,1446,2985,4832,6943,8927,
127111668317,12442,1524,3130,4844,6936,8954,
127112668317,42265,1607,3145,4851,6996,8934,
127113168317,33931,1442,2950,4848,6927,8936,
127113668317,20571,1391,2970,4942,6875,8931,
127114668317,39619,1351,2841,4781,6796,8816,
127115168317,20395,11849,2812,4810,6842,8779,
127115668317,150297,12878,3097,5156,7062,9021,
127116168317,61447,11915,3154,5022,6991,8941,
127117168317,67774,1252,3079,4820,6825,8821,
127119168317,14580,1340,2966,4796,6736,8827,
127120168317,44465,1530,2793,4820,6828,8847,
127123168317,48786,1518,2979,4801,6913,8819,
127124668317,41265,12107,3138,4876,6842,8832,
127125168317,39323,14910,14436,5821,6815,9026,
127126168317,92589,12057,3014,4875,6854,8943,
127127168317,47097,11850,3055,5004,7983,8944,
127127668317,45906,1409,3128,5178,6963,8915,
127128168317,31525,11893,3037,4908,6892,8825,
127128668317,46832,1349,2854,4795,6794,8805,
127129168317,21926,1323,2969,4995,6770,8759,
127129668317,42179,11650,2863,4839,7332,9037,
127130168317,29640,1466,2803,4781,6892,8906,
127130668317,66775,22997,23454,23564,23222,25242,
127132168317,27339,1533,2967,4909,7002,8949,
127134168317,42966,11982,2990,4832,6807,9097,
127135168317,67819,1319,2848,4825,6802,8809,
127135668317,231408,11939,2924,4856,6793,8810,
127137168317,172029,65426,65620,65297,65097,65524,
127140168317,44817,12431,3500,5019,6831,8899,
127143668317,34978,1386,2938,4913,6869,8824,
127144168317,33634,1480,3095,4919,6923,9905,
127144668317,20123,1420,2901,4951,6796,8852,
127145168317,23346,11587,2788,5375,6862,8814,
127145668317,27609,1229,2893,5005,6922,8794,
127146668317,16753,1530,2807,4827,6818,8913,
127148668317,14307,1271,2972,4887,6838,8902,
127149168317,45471,1336,2864,4861,6935,8815,
127150668317,50858,1229,3027,4981,6793,8755,
127151168317,32491,11828,2841,4812,6796,9058,
127151668317,30304,1485,2797,4867,6897,8780,
127152168317,51286,1232,3162,4930,6931,9086,
127153168317,11590,1353,2885,4806,6838,8984,
127153668317,27742,11775,2901,4956,6792,8857,
127154168317,23965,1211,2974,4904,7036,8881,
127155168317,38245,1486,2883,4991,6772,8760,
127157168317,88996,1317,2938,4838,6897,8917,
127158668317,42945,12057,2784,5122,6804,8768,
127159168317,18256,1337,3105,4961,7086,8848,
127160168317,31069,1542,3013,4834,6825,8818,
127160668317,38958,11754,2795,4780,6788,8781,
127161668317,18830,1242,2929,4992,7124,9045,
127162668317,33176,11593,2914,4862,6883,9433,
127163668317,40241,11522,2904,4854,6932,8835,
127164168317,34759,1680,2818,4792,6901,8884,
127165168317,32174,11737,2988,4807,6785,8763,
127165668317,24510,1281,2843,4885,6842,8866,
127166168317,176652,1294,3088,4975,6956,8978,
127167168317,25539,11748,2812,4964,6814,8832,
127168168317,19446,11791,2853,4846,6968,8817,
127169668317,24591,25036,25339,23912,15295,24026,
127170168317,12201,12600,2958,4782,6896,8995,
127170668317,110900,1571,2957,5066,6958,8871,
127171168317,17323,12000,2999,5002,6961,8917,
127171668317,32304,1360,2963,4942,6809,8761,
127172168317,18968,1366,2908,5053,6986,8839,
127172668317,45582,11948,3024,4967,6934,8856,
127173168317,85154,1287,2971,4894,6985,9041,
127173668317,41390,12637,2999,4768,6732,8809,
127174168317,28277,1464,2989,4809,6836,8875,
127175168317,12481,1279,2851,4927,6884,8863,
127177168317,45233,13767,3026,4836,9600,12221,
127179668317,18261,1591,3084,5178,6843,8857,
127180168317,33136,11903,3122,4867,6900,8895,
127180668317,36960,11742,3008,4870,6933,8839,
127181668317,15137,1768,2987,5489,7045,8836,
127182168317,41484,1225,2982,4800,6786,8832,
127183668317,29916,1509,2962,4868,6927,8875,
127184168317,21426,1266,2743,4756,6798,8964,
127184668317,32251,1207,3086,4745,6776,9075,
127185668317,182434,11798,2961,5040,6907,8818,
127186168317,46907,1177,3030,4807,6908,8763,
127188668317,44221,1254,2819,4833,7333,8763,
127190168317,19913,1183,2849,4809,6808,8909,
127191168317,28922,1550,3048,4854,6934,9016,
127191668317,52264,1173,3255,4790,6879,8790,

