,W-0,R-0,R-1,R-2,R-3,R-4,
129104557067,1,2,2,1,2,1,
129106057067,1,2,1,1,1,1,
129107057067,1,2,2,1,2,2,
129108057067,1,2,2,2,1,1,
129109057067,1,2,1,2,2,1,
129109557067,1,2,1,1,1,1,
129110057067,1,2,2,1,1,1,
129110557067,1,2,1,1,1,1,
129111057067,1,2,2,1,1,1,
129111557067,1,2,1,1,1,1,
129113057067,1,2,1,1,1,1,
129114057067,1,2,1,1,1,1,
129114557067,1,2,1,1,1,1,
129115057067,1,2,1,1,1,1,
129115557067,1,2,2,1,2,1,
129116057067,1,2,1,1,1,1,
129116557067,1,2,1,1,1,1,
129117057067,1,2,1,1,1,1,
129118057067,1,2,1,1,1,1,
129118557067,1,2,1,1,1,1,
129119057067,1,2,2,1,1,1,
129119557067,1,2,1,1,1,1,
129120557067,1,2,1,1,1,1,
129121557067,1,2,2,1,1,1,
129122057067,1,2,1,1,1,1,
129124057067,1,2,1,2,2,1,
129124557067,1,2,2,2,1,1,
129125057067,1,2,1,1,1,1,
129125557067,1,2,1,1,1,1,
129126057067,1,2,1,1,1,1,
129128557067,1,2,1,1,1,1,
129129557067,1,2,1,1,1,1,
129130057067,1,2,2,2,2,1,
129130557067,1,2,1,1,1,1,
129131057067,1,2,2,1,1,1,
129131557067,1,2,2,1,1,1,
129132557067,1,2,2,2,1,1,
129133057067,1,2,2,1,2,1,
129133557067,1,2,1,1,1,1,
129135557067,1,2,1,1,1,1,
129136057067,1,2,1,1,1,1,
129137557067,1,2,2,2,2,2,
129138057067,1,2,2,1,2,1,
129138557067,1,2,1,1,1,1,
129139057067,1,2,1,1,1,1,
129140057067,1,2,2,1,2,2,
129141557067,1,2,2,2,2,2,
129142057067,1,2,1,1,1,1,
129142557067,1,2,1,2,2,2,
129143557067,1,2,1,2,2,1,
129145057067,1,2,1,1,1,1,
129146057067,1,2,1,1,1,1,
129147557067,1,2,1,1,1,1,
129148057067,1,2,1,2,1,2,
129149057067,1,2,1,1,1,1,
129149557067,1,2,2,1,1,1,
129151057067,1,2,1,1,1,1,
129151557067,1,2,2,2,2,1,
129152057067,1,2,1,1,1,1,
129152557067,1,2,2,2,2,1,
129154557067,1,2,2,1,1,1,
129156557067,1,2,1,1,1,1,
129157057067,1,2,1,1,1,1,
129158557067,1,2,1,1,1,1,
129160057067,1,2,1,1,1,1,
129162557067,1,2,1,1,1,1,
129163057067,1,2,2,1,1,1,
129164057067,1,2,2,1,1,1,
129164557067,1,2,2,1,1,1,
129165057067,1,2,1,1,1,1,
129166057067,1,2,1,1,1,1,
129168557067,1,2,1,1,2,1,
129169057067,1,2,1,1,1,1,
129170057067,1,2,1,1,1,1,
129170557067,1,2,1,1,1,1,
129171057067,1,2,1,1,1,1,
129171557067,1,2,2,1,1,1,
129173557067,1,2,1,1,1,1,
129174557067,1,2,1,1,1,1,
129177057067,1,2,1,1,1,1,
129178057067,1,2,1,2,1,1,
129178557067,1,2,1,1,1,1,
129181057067,1,2,1,1,1,1,
129181557067,1,2,2,1,1,1,
129182557067,1,2,1,1,1,1,
129185057067,1,2,1,1,1,1,
129186557067,1,2,1,1,1,1,
129187057067,1,2,2,2,1,1,
129187557067,1,2,1,1,1,1,
129188057067,1,2,1,1,1,1,
129188557067,1,2,2,1,1,1,
129189057067,1,2,1,1,1,1,
129189557067,1,2,1,1,1,1,
129191057067,1,2,2,1,1,1,
129191557067,1,2,2,1,1,1,
129192057067,1,2,1,1,1,1,
129194557067,1,2,2,2,2,2,
129195057067,1,2,1,1,1,1,
129196057067,1,2,1,1,1,1,
129197057067,1,2,1,1,1,1,
129197557067,1,2,2,2,2,2,
129198057067,1,2,1,1,1,1,
129198557067,1,2,1,1,1,1,
129201057067,1,2,2,2,1,1,
129203057067,1,2,1,1,1,1,
129203557067,1,2,1,2,1,1,
129204057067,1,2,1,1,1,1,
129204557067,1,2,1,2,2,2,
129205057067,1,2,2,2,2,1,
129205557067,1,2,2,2,2,2,
129207057067,1,2,1,1,1,1,
129208057067,1,2,1,1,1,1,
129208557067,1,2,1,1,1,1,
129209057067,1,2,1,1,1,1,
129209557067,1,2,1,1,1,1,
129211057067,1,2,1,1,1,1,
129211557067,1,2,2,1,1,1,
129212557067,1,2,1,1,1,1,
129214557067,1,2,1,1,1,1,
129215557067,1,2,2,1,1,1,
129216557067,1,2,1,1,1,1,
129217557067,1,2,1,1,1,1,
129218057067,1,2,2,1,1,1,
129219557067,1,2,1,1,1,1,
129222057067,1,2,1,1,1,1,
129223057067,1,2,1,1,1,1,
129225557067,1,2,1,1,1,1,
129226057067,1,2,1,1,1,1,
129226557067,1,2,2,2,1,2,
129227057067,1,2,1,1,1,1,
129228557067,1,2,1,1,1,1,
129229057067,1,2,1,1,1,1,
129229557067,1,2,1,1,1,1,
129231557067,1,2,1,1,1,1,
129233057067,1,2,1,1,1,1,
129233557067,1,2,2,2,1,2,
129234057067,1,2,1,1,1,1,
129234557067,1,2,1,1,1,1,
129235057067,1,2,2,1,1,1,
129235557067,1,2,2,2,1,1,
129236057067,1,2,1,1,1,1,
129237557067,1,2,1,1,1,1,
129238557067,1,2,2,1,1,1,
129239057067,1,2,1,1,1,1,
129239557067,1,2,1,1,1,1,
129240057067,1,2,1,1,1,1,
129241057067,1,2,1,1,1,1,
129242057067,1,2,1,1,1,1,
129243057067,1,2,1,1,1,1,
129243557067,1,2,1,1,1,1,
129244057067,1,2,1,1,1,1,
129246557067,1,2,1,1,1,1,
129248557067,1,2,1,1,1,1,
129250057067,1,2,1,1,1,1,
129252057067,1,2,1,1,1,1,
129252557067,1,2,1,1,1,1,
129253557067,1,2,1,1,1,1,
129254557067,1,2,1,1,1,1,
129255057067,1,2,1,1,1,1,
129255557067,1,2,1,1,1,1,
129258057067,1,2,1,1,1,1,
129259057067,1,2,1,1,1,1,
129260557067,1,2,2,2,1,1,
129263057067,1,2,1,1,1,1,
129264557067,1,2,2,2,1,1,
129266057067,1,2,1,1,1,1,
129267557067,1,2,2,1,1,1,
129269057067,1,2,2,2,2,1,
129269557067,1,2,2,2,2,2,
129270057067,1,2,2,2,2,2,
129270557067,1,2,1,2,2,1,
129271057067,1,2,1,1,1,1,
129272057067,1,2,2,2,2,1,
129272557067,1,2,1,1,1,1,
129273057067,1,2,1,1,1,1,
129274057067,1,2,1,1,1,1,
129276057067,1,1,1,1,1,1,
129277057067,1,2,1,2,1,1,
129280057067,1,2,2,2,2,2,
129280557067,1,2,1,1,1,1,
129281557067,1,2,2,2,2,2,
129283057067,1,2,1,1,1,1,
129283557067,1,2,1,1,1,1,
129284057067,1,2,2,1,1,1,
129284557067,1,2,1,1,1,1,
129285557067,1,2,1,1,1,1,
129286557067,1,2,1,1,1,1,
129287057067,1,2,2,1,1,1,
129288057067,1,2,2,1,1,1,
129289557067,1,2,1,1,1,1,
129290057067,1,2,1,1,1,1,
129291057067,1,2,2,1,1,1,
129291557067,1,2,1,1,1,1,
129292057067,1,2,1,1,1,1,
129292557067,1,2,1,2,1,1,
129294557067,1,2,2,1,1,1,
129295057067,1,2,1,1,1,1,
129296557067,1,2,1,1,1,1,
129297057067,1,2,2,1,1,1,
129297557067,1,2,2,1,2,2,
129299557067,1,2,1,1,1,1,
129300557067,1,2,1,1,1,1,
129304557067,1,2,1,1,1,1,
129305057067,1,2,1,2,2,1,
129306057067,1,2,1,1,1,1,
129306557067,1,2,1,1,1,1,
129307557067,1,2,1,1,1,1,
129308057067,1,2,1,2,1,1,
129308557067,1,2,1,1,1,1,
129309557067,1,2,1,1,1,1,
129310057067,1,2,1,1,1,1,
129311557067,1,2,2,1,2,1,
129312057067,1,2,2,2,1,2,
129313557067,1,2,2,2,2,2,
129314057067,1,2,2,2,2,2,
129314557067,1,2,1,1,1,1,
129315557067,1,2,2,2,1,1,
129316557067,1,2,2,1,1,1,
129318057067,1,2,1,1,1,1,
129319057067,1,2,1,1,1,1,
129321057067,1,2,1,1,1,1,
129321557067,1,2,1,1,1,1,
129322057067,1,2,1,1,1,1,
129322557067,1,2,2,2,1,1,
129323557067,1,2,1,1,1,1,
129324057067,1,2,1,1,1,1,
129324557067,1,2,2,1,1,1,
129325057067,1,2,1,1,1,1,
129325557067,1,2,1,1,1,1,
129326057067,1,2,1,1,1,1,
129328057067,1,2,1,1,1,1,
129329057067,1,2,1,1,1,1,
129330557067,1,2,2,1,1,1,
129333057067,1,2,1,1,1,1,
129333557067,1,2,1,1,1,1,
129334057067,1,2,2,1,1,1,
129335557067,1,2,1,1,1,1,
129336057067,1,2,1,1,1,1,
129337057067,1,2,2,1,2,1,
129338057067,1,2,1,1,1,1,
129338557067,1,2,2,1,1,1,
129339057067,1,2,1,1,1,1,
129339557067,1,2,1,1,1,1,
129340057067,1,2,1,1,1,1,
129340557067,1,2,2,1,2,2,
129341057067,1,2,1,1,1,1,
129341557067,1,2,1,1,1,1,
129342057067,1,2,1,1,1,1,
129342557067,1,2,1,1,1,1,
129343557067,1,2,1,1,1,1,
129344057067,1,2,2,1,1,1,
129344557067,1,2,1,2,1,1,
129345557067,1,2,1,1,1,1,
129346057067,1,2,2,2,2,2,
129347057067,1,2,2,2,1,1,
129347557067,1,2,1,1,1,1,
129348057067,1,2,2,2,1,1,
129348557067,1,2,1,1,1,1,
129349557067,1,2,1,1,1,1,
129350057067,1,2,2,2,2,2,
129350557067,1,2,2,2,1,1,
129351057067,1,2,2,1,1,1,
129353557067,1,2,2,2,2,2,
129354057067,1,2,1,1,1,1,
129356057067,1,2,1,1,1,1,
129358557067,1,2,1,1,1,1,
129362057067,1,2,2,1,1,1,
129362557067,1,2,1,1,1,1,
129364057067,1,2,1,1,1,1,
129364557067,1,2,2,2,1,1,
129365057067,1,2,1,1,1,1,
129366557067,1,2,1,1,1,1,
129367057067,1,2,1,1,1,1,
129368057067,1,2,1,2,1,1,
129369057067,1,2,1,1,1,1,
129369557067,1,2,1,1,1,1,
129370057067,1,2,1,1,1,1,
129370557067,1,2,2,2,2,1,
129372057067,1,2,1,1,1,1,
129373057067,1,2,1,1,1,1,
129373557067,1,2,1,1,1,1,
129374557067,1,2,1,1,1,1,
129375557067,1,2,1,2,2,1,
129376057067,1,2,2,1,1,1,
129376557067,1,2,1,1,1,1,
129379557067,1,2,1,1,1,1,
129380557067,1,2,2,2,2,2,
129382057067,1,2,1,1,1,1,
129383057067,1,2,1,1,1,1,
129384057067,1,2,1,1,1,1,
129385557067,1,2,2,2,2,1,
129386057067,1,2,1,1,1,1,
129386557067,1,2,1,1,1,1,
129389057067,1,2,1,1,1,1,
129389557067,1,2,1,1,1,1,
129391057067,1,2,1,1,1,1,
129391557067,1,2,1,1,1,1,
129392057067,1,2,1,1,1,1,
129393557067,1,2,2,1,1,1,
129394057067,1,2,1,1,1,1,
129394557067,1,2,2,1,1,1,
129395557067,1,2,1,1,1,1,
129398557067,1,2,2,2,1,1,
129399057067,1,2,1,1,1,1,
129400057067,1,2,1,1,1,1,
129400557067,1,2,2,2,1,1,
129402057067,1,2,1,1,1,1,
129403057067,1,2,1,1,1,1,
129404557067,1,2,2,1,1,1,
129405057067,1,2,2,2,2,2,
129405557067,1,2,1,1,1,1,
129408057067,1,2,1,1,1,1,
129409057067,1,2,1,1,1,1,
129409557067,1,2,2,1,1,1,
129410557067,1,2,2,2,1,1,
129413557067,1,2,1,1,1,1,
129414057067,1,2,2,2,1,1,
129415057067,1,2,2,2,2,2,
129416557067,1,2,1,1,1,1,
129418557067,1,2,1,1,1,1,
129419057067,1,2,1,1,1,1,
129420557067,1,2,1,1,1,1,
129421557067,1,2,1,1,1,1,
129422057067,1,2,1,2,2,1,
129423057067,1,2,1,1,1,1,
129425057067,1,2,2,2,2,2,
129425557067,1,2,1,1,1,1,
129427057067,1,2,1,1,1,1,
129427557067,1,2,1,1,1,1,
129428557067,1,2,1,1,1,1,
129430057067,1,2,1,1,1,1,
129431057067,1,2,1,1,1,1,
129433057067,1,2,1,1,1,1,
129433557067,1,2,1,1,1,1,
129434057067,1,2,1,1,1,1,
129435057067,1,2,1,1,1,1,
129437557067,1,2,1,1,1,1,
129443557067,1,2,2,2,1,1,
129444057067,1,2,1,1,1,1,
129445057067,1,2,2,1,2,2,
129445557067,1,2,2,1,1,1,
129448557067,1,2,1,1,1,1,
129450057067,1,2,2,1,2,2,
129450557067,1,2,1,1,1,1,
129451057067,1,2,2,1,1,1,
129451557067,1,2,2,2,1,1,
129452057067,1,2,1,1,1,1,
129452557067,1,2,1,2,1,1,
129455057067,1,2,1,1,1,1,
129457057067,1,2,1,1,1,1,
129457557067,1,2,1,1,1,1,
129458557067,1,2,2,2,2,2,
129459057067,1,2,1,1,1,1,
129459557067,1,2,2,2,2,1,
129460057067,1,2,1,1,1,1,
129460557067,1,2,1,1,1,1,
129461557067,1,2,1,1,1,1,
129462057067,1,2,1,1,1,1,
129462557067,1,2,2,2,2,2,
129463557067,1,2,1,1,1,1,
129464057067,1,2,1,2,2,1,
129464557067,1,2,1,1,1,1,
129466557067,1,2,1,1,1,1,
129468057067,1,2,2,1,1,1,
129468557067,1,2,1,1,1,1,
129469557067,1,2,2,1,1,2,
129470057067,1,2,1,1,2,2,
129471557067,1,2,1,1,1,1,
129472557067,1,2,1,1,1,1,
129474057067,1,2,1,1,1,1,
129475057067,1,2,1,1,1,1,
129475557067,1,2,1,1,1,1,
129476057067,1,2,1,1,1,1,
129478557067,1,2,2,1,1,1,
129479057067,1,2,2,1,1,1,
129480057067,1,2,2,1,1,1,
129480557067,1,2,2,2,1,2,
129482057067,1,2,1,1,1,1,
129483057067,1,2,1,1,1,1,
129485057067,1,2,2,1,1,1,
129488557067,1,2,2,1,1,1,
129491057067,1,2,1,1,2,1,
129491557067,1,2,1,1,1,1,
129492057067,1,2,2,1,1,1,
129493057067,1,2,1,2,1,1,
129494057067,1,2,1,1,1,1,
129495057067,1,2,2,2,2,1,
129495557067,1,2,1,1,1,1,
129496057067,1,2,1,1,1,1,
129497057067,1,2,1,1,1,1,
129497557067,1,2,1,2,2,1,
129498057067,1,2,1,1,1,1,
129498557067,1,2,2,1,1,1,
129499557067,1,2,1,1,1,1,
129501557067,1,2,2,1,1,1,
129502557067,1,2,1,1,1,1,
129505557067,1,2,1,1,2,1,
129507057067,1,2,1,1,1,1,
129507557067,1,2,1,1,2,2,
129508557067,1,2,1,1,1,1,
129509557067,1,2,1,1,1,1,
129510057067,1,2,1,2,2,1,
129510557067,1,2,1,1,1,1,
129511057067,1,2,2,2,1,1,
129511557067,1,2,2,2,2,2,
129512057067,1,2,1,1,1,1,
129512557067,1,2,1,1,1,1,
129513057067,1,2,2,1,1,1,
129514557067,1,2,1,1,1,1,
129516557067,1,2,2,1,1,2,
129517557067,1,2,1,1,1,1,
129518057067,1,2,1,1,1,1,
129519557067,1,2,1,1,1,1,
129522557067,1,2,1,2,1,1,
129526057067,1,2,1,1,1,1,
129526557067,1,2,2,1,1,1,
129527057067,1,2,2,2,1,1,
129527557067,1,2,1,1,1,1,
129528057067,1,2,1,2,1,1,
129529057067,1,2,1,1,1,1,
129531057067,1,2,2,1,1,1,
129531557067,1,2,1,1,1,1,
129533057067,1,2,2,1,1,1,
129533557067,1,2,1,1,1,1,
129534057067,1,2,2,1,1,2,
129534557067,1,2,1,1,1,1,
129535557067,1,2,2,1,1,1,
129536057067,1,2,2,1,1,1,
129536557067,1,2,1,1,2,2,
129537557067,1,2,1,1,1,1,
129539557067,1,2,2,2,2,1,
129541057067,1,2,2,2,2,1,
129541557067,1,2,2,1,1,1,
129542557067,1,2,1,1,2,2,
129543057067,1,2,1,1,1,1,
129544057067,1,2,2,1,1,2,
129545057067,1,2,1,1,1,1,
129546057067,1,2,1,1,1,1,
129546557067,1,2,1,1,1,1,
129547557067,1,2,1,1,1,1,
129548057067,1,2,2,2,2,1,
129548557067,1,2,1,1,1,1,
129549557067,1,2,2,2,2,2,
129550557067,1,2,2,1,1,1,
129552057067,1,2,1,1,1,1,
129552557067,1,2,1,1,1,1,
129553057067,1,2,1,1,1,1,
129553557067,1,2,1,1,1,1,
129554057067,1,2,1,1,1,1,
129554557067,1,2,1,1,1,1,
129555057067,1,2,2,2,2,2,
129555557067,1,2,2,1,1,1,
129556057067,1,2,2,2,2,1,
129556557067,1,2,1,1,1,1,
129557557067,1,2,2,1,1,1,
129559557067,1,2,1,2,1,1,
129562057067,1,2,2,1,1,1,
129562557067,1,2,1,1,1,1,
129563057067,1,2,1,1,1,1,
129564057067,1,2,1,1,1,1,
129564557067,1,2,2,2,2,2,
129566057067,1,2,2,1,1,1,
129566557067,1,2,1,1,1,1,
129567057067,1,2,1,2,1,1,
129568057067,1,2,2,2,2,2,
129568557067,1,2,2,2,2,2,
129571057067,1,2,1,1,1,1,
129572557067,1,2,2,2,2,2,
129573557067,1,2,1,1,1,1,
129574057067,1,2,2,1,1,2,

