,W-0,R-0,R-1,R-2,R-3,R-4,
130889725805,11613,27995,25436,28790,13170,10886,
130891225805,5273,1746,14527,4998,9747,9464,
130892225805,5996,12104,3273,5369,6835,9083,
130893225805,3338,1581,3139,5080,7147,20499,
130894225805,3945,12042,3514,5043,7173,9187,
130894725805,4020,12344,3057,4928,6920,8883,
130895225805,3373,11983,2997,5158,7035,8996,
130895725805,41141,23315,14132,15965,6966,20441,
130896225805,2604,12160,3046,5001,6983,8994,
130896725805,3173,1373,3240,5011,6992,8886,
130898225805,3820,12608,3044,5141,7002,9022,
130899225805,4145,12318,2866,5027,6936,9061,
130899725805,3564,12290,3053,5124,6868,9040,
130900225805,5713,12765,14180,5189,7026,9146,
130900725805,5827,12416,5545,6127,7174,9004,
130901225805,3771,12241,3266,5049,6953,8971,
130901725805,3694,1509,14143,5155,7062,9108,
130902225805,3748,12423,3152,4972,7005,9060,
130903225805,3838,1784,3056,4935,7078,8960,
130903725805,4152,1551,3099,5121,7011,8970,
130904225805,4495,12387,3071,5022,6961,8903,
130904725805,19815,12111,3938,5071,7039,8896,
130905725805,3093,11999,3037,5108,6956,8893,
130906725805,3557,12361,3118,4949,6918,9074,
130907225805,3658,1399,3133,5250,6957,8957,
130909225805,3575,12265,3018,4982,7051,8893,
130909725805,2583,12169,2890,4817,6830,8968,
130910225805,3613,12494,3308,4957,6980,9021,
130910725805,3159,12323,3022,4907,7008,8835,
130911225805,3735,1994,2977,5155,6942,9164,
130913725805,3731,12024,3139,5573,6924,8897,
130914725805,3745,12162,3186,5487,6788,9079,
130915225805,2444,12116,3342,4863,6956,8879,
130915725805,4567,13010,3097,5024,7111,9335,
130916225805,2664,11943,2870,4990,6853,8912,
130916725805,3352,12031,2973,5332,6866,8869,
130917725805,3428,11891,2895,4960,17733,8845,
130918225805,3772,12045,3129,4792,6976,8987,
130918725805,28924,12261,14153,5048,17898,9290,
130920725805,3565,1525,2915,4930,7045,9031,
130921225805,3799,12406,3139,5065,6906,8804,
130922725805,4257,12184,2959,5121,6902,20834,
130923225805,28653,12507,3246,4919,6838,8952,
130923725805,3899,12317,14031,5178,7024,8970,
130924225805,3655,12360,2884,15821,6888,19997,
130925225805,2542,11994,3011,4892,6816,8869,
130926725805,14881,12320,4685,5173,6854,8924,
130927225805,3395,12234,2964,5087,6814,8815,
130927725805,3373,12452,13936,15846,6905,8960,
130928725805,3835,12318,3146,5122,7874,9716,
130930225805,3423,12172,3040,6468,6915,8867,
130931225805,3600,11939,3252,5288,6856,8761,
130932725805,3602,1604,3001,5188,6805,8980,
130933225805,7468,12356,3021,4877,6974,8922,
130934225805,3597,1428,3055,4897,6920,8910,
130934725805,3479,1330,2937,4977,7005,9268,
130936225805,3503,1347,2902,4953,6938,8930,
130936725805,3590,12191,3174,4976,7162,9030,
130937225805,3727,12401,3037,5099,7013,8828,
130937725805,3608,12864,2972,4993,7032,8961,
130939725805,3881,12272,13816,4969,6932,8864,
130941725805,3717,1934,3151,5003,6842,19984,
130942225805,3819,12403,3193,4899,6822,9308,
130943725805,3926,12051,2971,4860,6934,8895,
130945225805,3589,11668,2933,4962,6915,8982,
130947725805,4411,12088,3037,5166,17700,8918,
130948225805,4041,12397,13750,4987,6940,8905,
130949225805,72490,69747,67881,69881,69523,69755,
130949725805,3752,12009,2873,4900,6878,8794,
130950225805,3270,1590,2954,4815,6939,8886,
130951225805,3420,12096,2974,16641,17465,19464,
130953725805,4152,12011,3006,4978,6840,8914,
130954225805,3955,11781,3089,4872,6787,8859,
130955225805,3301,11957,3090,4952,6868,9111,
130955725805,130191,1346,3019,4916,6898,8858,
130956225805,3903,12262,3287,4923,6920,8823,
130956725805,3363,1305,2931,4905,6883,9033,
130958725805,3429,12019,2862,5049,6903,8851,
130959725805,3677,1665,14557,5046,7098,31040,
130962225805,3491,1518,3152,4853,6892,8835,
130963225805,4674,11931,13793,4861,6770,8848,
130963725805,5069,11981,2928,5160,6867,8886,
130966225805,2544,11808,2878,4842,6780,8891,
130966725805,3766,12318,3002,5000,6921,8905,
130967725805,15186,23338,12311,11970,12133,12499,
130970225805,3488,11997,2926,5023,6951,8992,
130971725805,3735,1347,3488,5087,6851,8817,
130972225805,3823,11888,2966,4908,6896,8944,
130972725805,3510,12675,3019,4861,6751,8851,
130973225805,3995,11732,3805,4985,6878,9181,
130973725805,3443,11910,2959,4922,7055,8885,
130974225805,3697,1148,3012,4865,6831,8915,
130974725805,4471,12025,2864,4852,6998,8964,
130976225805,3953,11780,3054,5308,7169,9250,
130976725805,3493,12110,3059,4806,6929,8903,
130977225805,3614,11927,2848,4993,6978,8873,
130979725805,11560,12436,3238,5066,6908,8709,
130980225805,5960,12244,2912,5116,6798,8858,
130981225805,3720,12246,2817,4783,6834,8924,
130982225805,3494,1416,3050,5044,6795,9038,
130982725805,3742,16262,2885,4816,6836,9279,
130983225805,3763,12037,25010,4890,7028,8986,
130983725805,4677,11972,14372,5806,6975,8963,
130986225805,3891,12130,3108,4860,6833,9059,
130988225805,4913,12051,13805,4934,7018,9423,
130988725805,4915,12172,2891,4729,7142,9045,
130989225805,3427,1757,3182,4967,7000,8832,
130989725805,3499,11776,2988,15715,6832,8949,
130990225805,4420,12007,2888,5006,6841,9423,
130990725805,3717,12427,3282,4875,6907,9035,
130992225805,5277,12119,13770,16321,17918,9068,
130993225805,3666,11703,13580,4939,6892,8763,
130993725805,80302,11859,24341,4828,17841,51932,
130994225805,3509,22850,2888,4798,7015,8852,
130994725805,3684,12130,3028,5235,6858,9237,
130996225805,57140,12338,3194,5266,17810,8982,
130996725805,6462,12051,13896,15767,17738,8999,
130997725805,5170,12855,13630,4957,6892,8824,
130999725805,3527,1393,3019,4816,17994,19948,
131000725805,6557,1463,13880,15953,6873,8866,
131001725805,3402,1113,14516,4835,6895,8818,
131002725805,4119,12262,3270,4988,7092,8919,
131003225805,2693,12411,3167,5174,7014,8871,
131004725805,3868,11888,3112,4891,6875,8876,
131007225805,3421,11979,2918,5189,6833,8768,
131008225805,3559,1474,3109,37503,7060,8964,
131010725805,4484,12101,2830,4962,6908,8755,
131011225805,4173,12142,13958,4904,6916,8965,
131011725805,2576,11929,2766,4932,6870,8814,
131012225805,4542,11775,13694,4869,6870,9986,
131013725805,3753,11984,3483,5171,6962,9501,
131014225805,2773,11921,3511,5272,6897,8738,
131014725805,3999,11890,2790,4978,6995,8974,
131016725805,4538,13256,3119,5021,7021,9067,
131018225805,3608,11756,3391,4865,6869,8792,
131018725805,3600,12305,2956,4932,6849,9018,
131019225805,3521,12264,2945,4912,7031,9442,
131019725805,4734,11960,3001,16095,17771,19815,
131020225805,3703,12845,2795,4802,7391,8903,
131020725805,3167,11767,2955,5108,6984,8778,
131021225805,3527,12003,2981,4890,6882,8860,
131022725805,3571,11824,3279,4871,6871,8881,
131023725805,3759,11955,3540,4913,6769,9008,
131024225805,3322,11969,2989,48247,6808,41977,
131024725805,3452,11839,2818,4954,6990,8829,
131025225805,3416,1235,2954,5411,6948,9164,
131026225805,3381,1549,3009,4821,6845,8797,
131027225805,3390,12042,2825,4927,7037,9033,
131028225805,3637,12262,3267,4945,6829,8768,
131028725805,3422,12425,2769,4735,6862,8898,
131029225805,5013,12001,13931,5238,6914,8758,
131031725805,3221,1532,2988,5059,6836,8928,
131033725805,3867,12150,3551,4855,6835,8877,
131035225805,3415,1354,2951,4871,6993,8793,
131037225805,3377,15531,15741,4765,6945,8799,
131037725805,3386,12080,2913,4810,6803,8788,
131038725805,3283,11945,3021,4792,6903,8747,
131039725805,2436,11963,2990,4824,6817,8781,
131040225805,3744,11982,3074,4995,6933,9172,
131040725805,3443,11831,3016,4970,6802,8911,
131043225805,20419,11693,2833,4952,6866,9101,
131044225805,3569,11864,2857,5034,6786,8930,
131045725805,4015,1551,3014,4867,6912,8863,
131048225805,3698,1319,2975,5230,6820,8886,
131049725805,3758,11930,14410,4852,17764,9313,
131051225805,3527,12060,3089,4919,6864,8892,
131052725805,79689,75420,85552,85393,85653,85884,
131054225805,3990,11869,13628,4851,6891,8751,
131054725805,3414,12101,3047,15810,6932,11334,
131055225805,3756,12340,3030,4753,6831,9112,
131055725805,3400,11879,2858,4895,6854,8840,
131056225805,49164,11817,2927,4820,6802,9150,
131057225805,3564,1530,2955,5107,6825,8819,
131057725805,300000,22991,2849,4906,29379,8884,
131058225805,3691,12034,3102,5008,6970,9190,
131059225805,3650,11880,2967,4810,6893,8919,
131061225805,3584,11918,13603,4939,6806,8824,
131062225805,3491,11854,3014,4836,6758,8878,
131065225805,3787,11875,3372,4888,17631,8830,
131065725805,3787,12463,2988,5013,6946,9018,
131066725805,3654,11737,2893,4834,6756,8835,
131068225805,4673,11918,2867,15892,6815,8908,
131068725805,3328,12086,2778,16298,18125,8768,
131069225805,49774,12065,2920,4855,6881,8744,
131069725805,32375,1881,3066,5358,7020,8899,
131070725805,3408,12157,13729,4760,17803,8944,
131071725805,3533,1469,2916,4958,6924,9020,
131072225805,3277,11715,3008,4769,6715,9065,
131073225805,3992,13192,14370,4969,6840,8791,
131074725805,3332,22749,2874,4807,17635,8942,
131075225805,22930,1185,4019,16036,6909,9160,
131076225805,241551,243517,255912,247339,258476,249096,
131076725805,300000,34148,14013,5264,7080,9053,
131077225805,3348,11905,2933,4878,6821,8949,
131077725805,3372,11883,2915,4782,6817,8915,
131079725805,3458,11806,2992,5315,6719,8812,
131080225805,2625,11878,2813,4915,7231,8875,
131081725805,140456,33598,2846,15943,39535,9078,
131082225805,4416,12025,2826,16138,7127,20021,
131082725805,55144,69832,59110,49374,124825,53539,
131084725805,5081,12091,3451,4804,6802,8750,
131085725805,4156,11826,15497,5085,6821,8694,
131089725805,3491,12276,2807,5012,6955,8943,
131090225805,3867,12075,3154,4955,6903,8836,
131091225805,2775,12011,3694,4847,6875,8802,
131091725805,4495,11552,2994,4826,6903,8904,
131092725805,3224,11997,2962,15589,17695,8863,
131093225805,3494,1528,2957,4973,6896,8733,
131093725805,4778,12126,13721,16037,6834,8898,
131094725805,3560,11895,3091,4962,6939,8917,
131095225805,3373,1475,2889,4901,6897,8810,
131096725805,4941,1428,14701,4820,6896,8769,
131097225805,2539,11936,2963,5018,6887,8805,
131098725805,17856,11968,3044,4855,6830,19770,
131099225805,4053,12113,3326,15727,6987,8706,
131099725805,3474,1380,2982,4871,6776,8758,
131100725805,3383,11823,3059,4839,6869,8875,
131101725805,3729,1547,2946,4898,6950,8995,
131103225805,3739,2080,3062,5107,6910,9043,
131104225805,3503,11806,2953,4860,6787,8884,
131106225805,4440,11858,3059,15546,6808,8863,
131106725805,2930,1395,2816,4993,6894,8842,
131107225805,8142,11848,13640,4881,6875,8935,
131107725805,45096,12031,2946,4864,6835,8861,
131108725805,3504,1463,2919,4988,6907,8900,
131109225805,3531,11748,13901,5085,6836,8804,
131109725805,16048,11831,2894,4826,6867,8799,
131110225805,3719,11907,14252,4925,6818,8773,
131110725805,5273,33710,24750,5038,6805,8959,
131111225805,8973,11969,2919,15824,17652,19740,
131113225805,3509,1363,2937,4977,18118,19661,
131114225805,120451,12026,2962,5073,6868,8926,
131115725805,11328,12078,3093,4907,6951,8790,
131118225805,8457,11958,3027,4973,6935,9004,
131118725805,3513,12099,2931,5136,7093,8980,
131119225805,3460,11814,2805,15553,17711,8836,
131120725805,4614,1451,25046,4796,6871,9029,
131121225805,19183,1843,2903,15876,39154,20246,
131122225805,3514,23149,2877,37307,7026,19566,
131123225805,3505,1360,13623,4872,6899,8821,
131123725805,3671,12041,2896,4861,7068,62755,
131124225805,3341,1318,2922,5034,7057,8960,
131124725805,3415,11980,2831,4780,6816,8892,
131125225805,2525,11862,2892,4741,6800,8908,
131125725805,3543,12468,14109,16035,6960,9000,
131126225805,3553,12176,2991,4917,6789,8841,
131126725805,3806,12105,3046,4884,6969,8908,
131127225805,3581,12165,2973,4926,7124,8929,
131127725805,2521,11929,2864,4742,6892,8842,
131128725805,3901,11848,3000,4955,6921,8848,
131129225805,3609,12011,3066,4857,6872,8719,
131129725805,3604,11775,3001,5261,6976,8820,
131130725805,3106,1495,2822,4810,6886,8773,
131131225805,17398,1416,2873,4760,6926,8794,
131132225805,3366,11922,2822,4838,6805,8752,
131132725805,3417,12295,3106,4876,6800,9494,
131133225805,3586,1407,3006,4933,6821,8794,
131133725805,3612,11963,2826,5052,6717,8860,
131134725805,3394,11905,2976,4974,6885,8921,
131135225805,3483,1145,2786,16306,7024,19631,
131135725805,3761,12460,3151,4959,7250,9104,
131136225805,3808,22548,2913,5065,7155,8868,
131138725805,6035,11814,2879,4994,6862,8765,
131139225805,3399,11890,2842,4802,6792,8686,
131141225805,2939,11874,2799,4835,6896,8726,
131143725805,3556,12280,2894,5019,6876,8893,
131147225805,3609,1361,3054,5163,12137,11915,
131147725805,4458,12107,3043,5166,6968,8928,
131149225805,3415,11940,2821,4826,6892,8747,
131149725805,3705,1536,3295,4810,6857,8974,
131150225805,3455,12048,14101,4930,6910,8780,
131151725805,6698,11935,2731,7142,17855,8819,
131152225805,3690,11969,3063,4884,7397,8889,
131153225805,4799,1592,3335,5012,6944,20011,
131154225805,4121,12233,3033,4998,6789,8831,
131154725805,5013,11796,13920,4908,17656,8866,
131155225805,3804,1736,3184,4844,6892,8866,
131155725805,3827,1733,3166,5029,7258,8918,
131157225805,3752,11863,2957,5131,6761,8857,
131158225805,3427,11859,2905,4791,7010,8940,
131158725805,2684,11972,3292,4927,7012,9273,
131159725805,3759,11767,3063,4931,6743,8830,
131160725805,3554,1409,2781,6415,7003,8916,
131161225805,4456,12002,13793,4831,6869,8775,
131161725805,3480,12117,2999,4969,6838,8930,
131164725805,3807,1268,3351,4945,6780,8728,
131165725805,2773,12328,3029,5134,6880,8829,
131167225805,3443,11999,16623,5121,7140,8885,
131168225805,2616,12907,2816,4887,6851,8829,
131169225805,10132,1339,2863,15608,17811,8933,
131170725805,7137,12034,13753,4881,6922,8823,
131171225805,3556,1244,2912,4944,6805,8881,
131171725805,3143,12570,2922,4943,6904,8984,
131174225805,3833,12186,3055,5259,6813,8875,
131174725805,3557,12416,3112,4856,6852,8801,
131176225805,3646,12021,2933,4858,6887,8896,
131176725805,3670,11877,3016,15931,6951,9020,
131177225805,3543,1345,2960,4892,6770,8761,
131178725805,4006,11973,3123,5092,7188,8885,
131179225805,9647,11866,2968,5237,6780,8857,
131179725805,6680,23556,14080,23769,24304,9043,
131180725805,3721,11920,3061,5170,7013,8891,
131183725805,3342,11907,2722,4847,6900,8870,
131184225805,2568,11793,2895,4831,6932,8813,
131185225805,2768,12069,2950,4895,6880,9235,
131185725805,3557,1478,2903,4860,6872,8925,
131187225805,3663,22972,2998,16177,6830,8863,
131188225805,3149,12045,2913,4900,7059,9085,
131189725805,4016,12031,13769,4816,6781,8758,
131190225805,3768,12066,2893,4789,6772,9476,
131190725805,3491,11965,2917,4852,6808,8964,
131193225805,3689,11903,2962,4794,6736,8876,
131194225805,3463,11993,2834,4960,6903,8943,
131194725805,3495,12247,2975,4793,6878,9036,
131195725805,102084,12110,3016,4881,7090,8946,
131198725805,3465,12121,3106,5113,6962,8897,
131199225805,4641,2407,14244,4971,6820,8931,
131200225805,5127,12257,2899,4983,7367,8965,
131201725805,4162,1587,2799,4950,6812,8883,
131203725805,3591,12328,2895,4897,6827,8924,
131204225805,3539,12025,14027,4953,6884,8830,
131205725805,3726,11821,3017,5317,7309,9020,
131206725805,2491,11989,2863,4879,6814,9372,
131207225805,13483,23119,20629,15562,10425,19811,
131208225805,3466,1337,24868,15698,6915,9356,
131210225805,3769,1468,2821,16513,6935,8839,
131210725805,61033,1145,2944,4841,6884,9286,
131212225805,3441,1257,2864,4826,6749,8813,
131212725805,3096,12082,2972,4928,7135,8925,
131213725805,6590,14839,4559,15871,17818,8823,
131215225805,3492,12244,2785,4826,6888,8867,
131216225805,3339,11807,3183,5411,6814,8765,
131218225805,4649,2448,3310,15757,6872,8831,
131218725805,3483,11918,2791,4873,6740,8812,
131219225805,3914,1572,3719,4917,6897,8964,
131220225805,3724,12353,3307,4840,6787,9110,
131222725805,4641,12114,13867,4777,6861,19662,
131228725805,3705,1319,25339,15858,6896,8853,
131229225805,4985,1667,3299,4880,6945,8975,
131230225805,3398,11913,2877,4899,6865,8935,
131230725805,3443,12061,3084,4878,6917,9024,
131233725805,12371,1479,2907,4891,6958,8881,
131235225805,3767,1923,13896,4912,6889,8751,
131235725805,4535,1278,2816,4951,6811,8948,
131236225805,3144,11681,2929,4930,6920,8902,
131236725805,2977,12268,3057,5014,6891,8730,
131237225805,3353,12367,2810,4885,6930,8959,
131237725805,4782,11673,13949,5015,6915,8759,
131240225805,3786,11675,13678,4881,6771,8898,
131242225805,5003,12106,13680,4885,6923,8917,
131242725805,2584,15674,2997,4947,7001,8956,
131243725805,3605,23688,3025,4897,6977,8805,
131244225805,4558,12293,2964,5053,7124,8838,
131244725805,3471,12285,2915,5034,7067,9147,
131245225805,3460,1487,2868,4866,6944,9397,
131245725805,3747,11784,2957,4868,6932,8836,
131246725805,3698,11884,2915,4799,6758,9067,
131247225805,3408,11986,13650,4933,6947,8793,
131247725805,3846,1554,3030,4833,6871,8898,
131248725805,3665,1476,3096,4966,7591,8970,
131249225805,3834,12504,3353,5051,7006,9101,
131249725805,9054,11994,3041,4948,6794,8872,
131251725805,4020,12168,3255,4909,6726,8885,
131253225805,5077,12411,13833,4985,17824,20122,
131253725805,4597,11793,2885,5037,7010,8923,
131254725805,3570,11896,2974,5003,6806,8923,
131255225805,3653,12601,2970,4951,7172,8973,
131256725805,2962,12136,2765,5029,6895,8816,
131257725805,5404,12387,14049,5006,6924,8913,
131259225805,3590,1528,3023,4869,6724,8907,
131260225805,5473,11895,14037,5106,6973,8776,
131260725805,3845,1876,2996,4846,6961,8951,
131261225805,3457,11911,3067,5152,6994,8861,
131263725805,18368,1326,13704,5115,6783,8823,
131264225805,3551,11897,3019,5028,6880,8892,
131265225805,3501,1521,3115,4883,6887,8794,
131265725805,3420,11794,3027,4881,6711,8841,
131267225805,3689,12318,3046,5573,6910,8883,
131268225805,3721,11905,3000,4946,6790,8971,
131270225805,3238,22967,2878,16264,18058,9352,
131273725805,2659,11859,13622,4903,17742,8972,
131276225805,9273,22993,6995,26691,18040,9001,
131276725805,3559,12058,2742,4803,6720,8888,
131277225805,3581,12039,2865,5131,6868,8948,
131278225805,3682,1317,2897,4770,6790,8743,
131279225805,3368,11922,3015,4969,6837,8823,
131280225805,2826,1375,2723,4745,6806,8903,
131280725805,3339,1263,2813,4801,6935,9008,
131281225805,4947,22947,14153,4798,6842,8717,
131282225805,3018,11568,13682,5053,6764,8838,
131282725805,111908,12255,36014,15878,17928,8894,
131283225805,23971,11884,2905,4901,6838,8763,
131283725805,153670,1301,2757,15737,6856,8727,
131284725805,3681,1571,13571,4838,6757,8923,
131286725805,3428,11991,2961,5025,6973,9051,
131287725805,3591,12465,2969,4780,6802,8898,
131290725805,4716,1622,24906,5026,6800,30452,
131292225805,3396,12695,2981,4940,7059,8893,
131292725805,3580,11971,3495,5032,6784,8979,
131293725805,3841,12081,2915,5006,7054,9193,
131294725805,4786,11748,3009,15756,6802,8843,
131295225805,4420,12295,3789,4807,6826,9300,
131295725805,3375,11879,2841,4853,6865,8821,
131296225805,5588,12451,3133,5274,7093,8920,
131296725805,74071,1303,13787,5590,6781,8902,
131297225805,4577,11949,4385,4820,6780,8832,
131297725805,3492,11995,2880,4784,6870,9151,
131298225805,3774,11731,3136,4982,6753,9317,
131299725805,3384,12106,3012,4854,6795,8812,
131301725805,3318,12176,3152,4918,6953,9098,
131302725805,11747,11961,2972,4913,7101,8982,
131303225805,3505,1357,2911,4927,6930,8927,
131304725805,3545,11788,2936,4980,7902,8756,
131307725805,3433,1396,2843,4848,6878,8925,
131311225805,5479,1287,2845,4867,6839,8845,
131311725805,4601,12023,3494,4955,7028,8980,
131312225805,65149,68247,69546,70446,69384,69655,
131312725805,3435,12836,2965,4788,6835,8858,
131313225805,3337,1239,2859,4766,6742,8939,
131314225805,3574,1602,3116,5503,6856,8937,
131316225805,3745,12331,2997,5055,6901,9070,
131316725805,3354,22899,2888,4731,6909,8901,
131318225805,3035,11889,2836,5026,6876,8819,
131318725805,21113,11903,13562,4900,6860,8813,
131319225805,3751,11778,3014,5292,17724,9023,
131319725805,3511,11614,2990,4840,6913,8722,
131320725805,3825,12375,2844,15528,17744,19965,
131321225805,4145,12738,3343,5074,7009,8934,
131321725805,5078,11851,13855,4935,6996,9081,
131322725805,3443,1314,2948,4964,7388,8846,
131324725805,3443,1361,2894,4835,6867,8926,
131326225805,4539,11818,2986,4909,6948,8792,
131326725805,4490,1411,13715,15845,6996,8826,
131327725805,3469,11734,3742,5004,6801,8809,
131328225805,3491,12187,2890,4877,6755,8893,
131329225805,3643,1623,2973,4963,6746,8820,
131330225805,4536,1184,2777,4894,6855,8772,
131331225805,4438,11643,13551,4890,6848,8949,
131331725805,3652,11892,2993,4800,6709,8903,
131332725805,3518,11873,2818,4878,7103,8831,
131333225805,3598,12017,3060,4916,6957,8827,
131333725805,3693,11982,3179,4769,6761,8842,
131334725805,4427,11840,13570,4845,6854,8853,
131335725805,3328,12721,2863,4868,6754,8828,
131337225805,7768,11836,2945,4790,7334,8845,
131337725805,3901,11840,14549,15688,6778,19430,
131338225805,3360,11780,2914,4831,7065,8822,
131338725805,3398,1151,2790,4802,6824,8742,
131339225805,3349,1299,2800,4857,6906,8803,
131339725805,4467,11844,2981,15607,17594,8830,
131340225805,14999,22896,12886,15915,17905,19926,
131340725805,3349,11986,2849,4860,6853,8767,
131341225805,3460,11657,2872,5233,6976,8731,
131341725805,6373,11969,13843,5260,7020,8831,
131342725805,3239,11783,3019,4804,6813,8827,
131344725805,3300,11926,2738,4790,7002,8844,
131347225805,83874,1576,3048,5312,6897,8776,
131347725805,3310,1078,2826,4783,6856,8747,
131348225805,2465,12004,2873,4953,6816,8908,
131349225805,2481,11873,2841,4831,6747,8768,
131349725805,3459,11659,2895,4846,6717,8804,
131351225805,3321,11993,2948,4921,6805,8878,
131351725805,3512,12399,3185,4799,6835,8870,
131352225805,3832,1463,2879,4869,6859,8972,
131353225805,3485,11908,2966,4831,6861,8917,
131353725805,5464,1579,3406,4809,6787,8775,
131356225805,2863,11608,2757,4765,6780,8826,
131357725805,3329,1255,2726,4850,7051,8911,
131358725805,3580,11897,13741,4908,6875,8771,
131359225805,3820,1426,2852,4871,7254,8800,

