,W-0,R-0,R-1,R-2,R-3,R-4,
126126196843,1,2,1,1,1,1,
126127696843,1,2,1,1,1,1,
126128696843,1,2,1,1,1,1,
126129696843,1,2,1,1,1,1,
126130696843,1,1,1,1,1,1,
126131196843,1,2,1,1,1,1,
126131696843,1,1,1,1,1,1,
126132196843,1,1,1,1,1,1,
126132696843,1,2,1,1,1,1,
126133196843,1,2,1,1,1,1,
126134696843,1,2,1,1,1,1,
126135696843,1,1,1,1,1,1,
126136196843,1,1,1,1,1,1,
126136696843,1,1,1,1,1,1,
126137196843,1,1,1,1,1,1,
126137696843,1,2,1,1,1,1,
126138196843,1,2,1,1,1,1,
126138696843,1,1,1,1,1,1,
126139696843,1,1,1,1,1,1,
126140196843,1,1,1,1,1,1,
126140696843,1,1,1,1,1,1,
126141196843,1,1,1,1,1,1,
126142196843,1,2,1,1,1,1,
126143196843,1,1,1,1,1,1,
126143696843,1,1,1,1,1,1,
126145696843,1,1,1,1,1,1,
126146196843,1,1,1,1,1,1,
126146696843,1,1,1,1,1,1,
126147196843,1,1,1,1,1,1,
126147696843,1,1,1,1,1,1,
126150196843,1,2,1,1,1,1,
126151196843,1,1,1,1,1,1,
126151696843,1,2,1,1,1,1,
126152196843,1,2,1,1,1,1,
126152696843,1,2,1,1,1,1,
126153196843,1,2,1,1,1,1,
126154196843,1,2,1,1,1,1,
126154696843,1,1,1,1,1,1,
126155196843,1,1,2,1,1,1,
126157196843,1,1,1,1,1,1,
126157696843,1,2,1,1,1,1,
126159196843,1,1,1,1,1,1,
126159696843,1,1,1,1,1,1,
126160196843,1,1,1,1,1,1,
126160696843,1,1,1,1,1,1,
126161696843,1,2,2,2,2,2,
126163196843,1,1,1,1,1,1,
126163696843,1,1,1,1,1,1,
126164196843,1,1,1,1,1,1,
126165196843,1,1,1,1,1,1,
126166696843,1,1,1,1,1,1,
126167696843,1,2,1,1,1,1,
126169196843,1,1,1,1,1,1,
126169696843,1,1,1,1,1,1,
126170696843,1,1,1,1,1,1,
126171196843,1,2,1,1,1,1,
126172696843,1,1,1,1,1,1,
126173196843,1,1,1,1,1,1,
126173696843,1,1,1,1,1,1,
126174196843,1,1,1,1,1,1,
126176196843,1,1,1,1,1,1,
126178196843,1,1,1,1,1,1,
126178696843,1,2,1,1,1,1,
126180196843,1,2,1,1,1,1,
126181696843,1,2,1,1,1,1,
126184196843,1,1,1,1,1,1,
126184696843,1,1,1,1,1,1,
126185696843,1,1,1,1,1,1,
126186196843,1,1,1,1,1,1,
126186696843,1,1,1,1,1,1,
126187696843,1,1,1,1,1,1,
126190196843,1,2,1,1,1,1,
126190696843,1,1,1,1,1,1,
126191696843,1,2,1,1,1,1,
126192196843,1,2,1,1,1,1,
126192696843,1,2,1,1,1,1,
126193196843,1,1,1,1,1,1,
126195196843,1,1,1,1,1,1,
126196196843,1,2,1,1,1,1,
126198696843,1,1,1,1,1,1,
126199696843,1,2,1,1,1,1,
126200196843,1,1,1,1,1,1,
126202696843,1,2,1,1,1,1,
126203196843,1,1,1,1,1,1,
126204196843,1,2,1,1,1,1,
126206696843,1,2,1,1,1,1,
126208196843,1,1,1,1,1,1,
126208696843,1,2,1,1,1,1,
126209196843,1,2,1,1,1,1,
126209696843,1,1,1,1,1,1,
126210196843,1,2,1,1,1,1,
126210696843,1,1,1,1,1,1,
126211196843,1,1,1,1,1,1,
126212696843,1,1,1,1,1,1,
126213196843,1,1,1,1,1,1,
126213696843,1,1,1,1,1,1,
126216196843,1,1,1,1,1,1,
126216696843,1,2,1,1,1,1,
126217696843,1,2,1,1,1,1,
126218696843,1,1,1,1,1,1,
126219196843,1,1,1,1,1,1,
126219696843,1,2,1,1,1,1,
126220196843,1,1,1,1,1,1,
126222696843,1,2,1,1,1,1,
126224696843,1,1,1,1,1,1,
126225196843,1,1,1,1,1,1,
126225696843,1,1,1,1,1,1,
126226196843,1,2,1,1,1,1,
126226696843,1,2,1,1,1,1,
126227196843,1,2,1,1,1,1,
126228696843,1,2,1,1,1,1,
126229696843,1,1,1,1,1,1,
126230196843,1,1,1,1,1,1,
126230696843,1,2,1,1,1,1,
126231196843,1,1,1,1,1,1,
126232696843,1,2,1,1,1,1,
126233196843,1,2,1,1,1,1,
126234196843,1,1,1,1,1,1,
126236196843,1,2,1,1,1,1,
126237196843,1,2,1,1,1,1,
126238196843,1,1,1,1,1,1,
126239196843,1,1,1,1,1,1,
126239696843,1,1,1,1,1,1,
126241196843,1,2,1,1,1,1,
126243696843,1,2,1,1,1,1,
126244696843,1,2,1,1,1,1,
126247196843,1,1,1,1,1,1,
126247696843,1,1,1,1,1,1,
126248196843,1,1,1,1,1,1,
126248696843,1,1,1,1,1,1,
126250196843,1,1,1,1,1,1,
126250696843,1,1,1,1,1,1,
126251196843,1,1,1,1,1,1,
126253196843,1,1,1,1,1,1,
126254696843,1,1,1,1,1,1,
126255196843,1,1,1,1,1,1,
126255696843,1,1,1,1,1,1,
126256196843,1,1,1,1,1,1,
126256696843,1,2,1,1,1,1,
126257196843,1,1,1,1,1,1,
126257696843,1,1,1,1,1,1,
126259196843,1,2,1,1,1,1,
126260196843,1,1,1,1,1,1,
126260696843,1,1,1,1,1,1,
126261196843,1,1,1,1,1,1,
126261696843,1,1,1,1,1,1,
126262696843,1,1,1,1,1,1,
126263696843,1,1,1,1,1,1,
126264696843,1,2,1,1,1,1,
126265196843,1,1,1,1,1,1,
126265696843,1,2,1,1,1,1,
126268196843,1,1,1,1,1,1,
126270196843,1,1,1,1,1,1,
126271696843,1,1,1,1,1,1,
126273696843,1,1,1,1,1,1,
126274196843,1,2,1,1,1,1,
126275196843,1,1,1,1,1,1,
126276196843,1,2,1,1,1,1,
126276696843,1,1,1,1,1,1,
126277196843,1,2,1,1,1,1,
126279696843,1,1,1,1,1,1,
126280696843,1,2,1,1,1,1,
126282196843,1,1,1,1,1,1,
126284696843,1,1,1,1,1,1,
126286196843,1,2,1,1,1,1,
126287696843,1,1,1,1,1,1,
126289196843,1,1,1,1,1,1,
126290696843,1,1,1,1,1,1,
126291196843,1,1,1,1,1,1,
126291696843,1,1,1,1,1,1,
126292196843,1,2,1,1,1,1,
126292696843,1,1,1,1,1,1,
126293696843,1,1,1,1,1,1,
126294196843,1,1,1,1,1,1,
126294696843,1,1,1,1,1,1,
126295696843,1,2,1,1,1,1,
126297696843,1,1,1,1,1,1,
126298696843,1,1,1,1,1,1,
126301696843,1,2,1,1,1,1,
126302196843,1,1,1,1,1,1,
126303196843,1,2,1,1,1,1,
126304696843,1,2,1,1,1,1,
126305196843,1,1,1,1,1,1,
126305696843,1,1,1,1,1,1,
126306196843,1,2,1,1,1,1,
126307196843,1,2,1,1,1,1,
126308196843,1,2,1,1,1,1,
126308696843,1,2,1,1,1,1,
126309696843,1,1,1,1,1,1,
126311196843,1,1,1,1,1,1,
126311696843,1,2,1,1,1,1,
126312696843,1,1,1,1,1,1,
126313196843,1,1,1,1,1,1,
126313696843,1,1,1,1,1,1,
126314196843,1,2,1,1,1,1,
126316196843,1,2,1,1,1,1,
126316696843,1,2,1,1,1,1,
126318196843,1,1,1,1,1,1,
126318696843,1,1,1,1,1,1,
126319196843,1,1,1,1,1,1,
126321196843,1,1,1,1,1,1,
126322196843,1,1,1,1,1,1,
126326196843,1,2,1,1,1,1,
126326696843,1,1,1,1,1,1,
126327696843,1,1,1,1,1,1,
126328196843,1,2,1,1,1,1,
126329196843,1,1,1,1,1,1,
126329696843,1,2,1,1,1,1,
126330196843,1,2,1,1,1,1,
126331196843,1,1,1,1,1,1,
126331696843,1,1,1,1,1,1,
126333196843,1,1,1,1,1,1,
126333696843,1,1,1,1,1,1,
126335196843,1,1,1,1,1,1,
126335696843,1,1,1,1,1,1,
126336196843,1,1,1,1,1,1,
126337196843,1,2,1,1,1,1,
126338196843,1,1,1,1,1,1,
126339696843,1,2,1,2,2,1,
126340696843,1,1,1,1,1,1,
126342696843,1,1,1,1,1,1,
126343196843,1,1,1,1,1,1,
126343696843,1,2,1,1,1,1,
126344196843,1,1,1,1,1,1,
126345196843,1,1,1,1,1,1,
126345696843,1,1,1,1,1,1,
126346196843,1,2,1,1,1,1,
126346696843,1,1,1,1,1,1,
126347196843,1,1,1,1,1,1,
126347696843,1,2,1,1,1,1,
126349696843,1,2,1,1,1,1,
126350696843,1,1,1,1,1,1,
126352196843,1,2,1,1,1,1,
126354696843,1,1,1,1,1,1,
126355196843,1,2,1,1,1,1,
126355696843,1,1,1,1,1,1,
126357196843,1,1,1,1,1,1,
126357696843,1,1,1,1,1,1,
126358696843,1,2,1,1,1,1,
126359696843,1,1,1,1,1,1,
126360196843,1,1,1,1,1,1,
126360696843,1,2,1,1,1,1,
126361196843,1,1,1,1,1,1,
126361696843,1,1,1,1,1,1,
126362196843,1,1,1,1,1,1,
126362696843,1,1,1,1,1,1,
126363196843,1,2,1,1,1,1,
126363696843,1,1,1,1,1,1,
126364196843,1,2,1,1,1,1,
126365196843,1,2,1,1,1,1,
126365696843,1,1,1,1,1,1,
126366196843,1,1,1,1,1,1,
126367196843,1,1,1,1,1,1,
126367696843,1,1,1,1,1,1,
126368696843,1,1,1,1,1,1,
126369196843,1,1,1,1,1,1,
126369696843,1,1,1,1,1,1,
126370196843,1,2,1,1,1,1,
126371196843,1,1,1,1,1,1,
126371696843,1,2,1,1,1,1,
126372196843,1,1,1,1,1,1,
126372696843,1,1,1,1,1,1,
126375196843,1,1,1,1,1,1,
126375696843,1,2,1,1,1,1,
126377696843,1,1,1,1,1,1,
126380196843,1,2,1,1,1,1,
126383696843,1,2,1,1,1,1,
126384196843,1,2,1,1,1,1,
126385696843,1,1,1,1,1,1,
126386196843,1,1,1,1,1,1,
126386696843,1,1,1,1,1,1,
126388196843,1,1,1,1,1,1,
126388696843,1,2,1,1,1,1,
126389696843,1,1,1,1,1,1,
126390696843,1,2,1,1,1,1,
126391196843,1,1,1,1,1,1,
126391696843,1,1,1,1,1,1,
126392196843,1,1,1,1,1,1,
126393696843,1,1,1,1,1,1,
126394696843,1,1,1,1,1,1,
126395196843,1,1,1,1,1,1,
126396196843,1,2,1,1,1,1,
126397196843,1,2,1,1,1,1,
126397696843,1,2,1,1,1,1,
126398196843,1,1,1,1,1,1,
126401196843,1,1,1,1,1,1,
126402196843,1,2,1,1,1,1,
126403696843,1,1,1,1,1,1,
126404696843,1,1,1,1,1,1,
126405696843,1,1,1,1,1,1,
126407196843,1,1,1,1,1,1,
126407696843,1,1,1,1,1,1,
126408196843,1,2,1,1,1,1,
126410696843,1,1,1,1,1,1,
126411196843,1,1,1,1,1,1,
126412696843,1,2,1,1,1,1,
126413196843,1,1,1,1,1,1,
126413696843,1,1,1,1,1,1,
126415196843,1,2,1,1,1,1,
126415696843,1,2,1,1,1,1,
126416196843,1,1,1,1,1,1,
126417196843,1,1,1,1,1,1,
126420196843,1,1,1,1,1,1,
126420696843,1,2,1,1,1,1,
126421696843,1,2,1,1,1,1,
126422196843,1,1,1,1,1,1,
126423696843,1,1,1,1,1,1,
126424696843,1,2,1,1,1,1,
126426196843,1,1,1,1,1,1,
126426696843,1,2,1,1,1,1,
126427196843,1,1,1,1,1,1,
126429696843,1,1,1,1,1,1,
126430696843,1,2,1,1,1,1,
126431196843,1,1,1,1,1,1,
126432196843,1,1,1,1,1,1,
126435196843,1,1,1,1,1,1,
126435696843,1,1,1,1,1,1,
126436696843,1,1,1,1,1,1,
126438196843,1,1,1,1,1,1,
126440196843,1,1,1,1,1,1,
126440696843,1,1,1,1,1,1,
126442196843,1,1,1,1,1,1,
126443196843,1,1,1,1,1,1,
126443696843,1,1,1,1,1,1,
126444696843,1,1,1,1,1,1,
126446696843,1,1,1,1,1,1,
126447196843,1,1,1,1,1,1,
126448696843,1,1,1,1,1,1,
126449196843,1,2,1,1,1,1,
126450196843,1,2,1,1,1,1,
126451696843,1,1,1,1,1,1,
126452696843,1,1,1,1,1,1,
126454696843,1,2,1,1,1,1,
126455196843,1,2,1,1,1,1,
126455696843,1,2,1,1,1,1,
126456696843,1,1,1,1,1,1,
126459196843,1,1,1,1,1,1,
126465196843,1,1,1,1,1,1,
126465696843,1,2,1,1,1,1,
126466696843,1,2,1,1,1,1,
126467196843,1,1,1,1,1,1,
126470196843,1,2,1,1,1,1,
126471696843,1,1,1,1,1,1,
126472196843,1,2,1,1,1,1,
126472696843,1,1,1,1,1,1,
126473196843,1,1,1,1,1,1,
126473696843,1,2,1,1,1,1,
126474196843,1,2,1,1,1,1,
126476696843,1,1,1,1,1,1,
126478696843,1,2,1,1,1,1,
126479196843,1,2,1,1,1,1,
126480196843,1,2,1,1,1,1,
126480696843,1,1,1,1,1,1,
126481196843,1,1,1,1,1,1,
126481696843,1,1,1,1,1,1,
126482196843,1,1,1,1,1,1,
126483196843,1,2,1,1,1,1,
126483696843,1,1,1,1,1,1,
126484196843,1,1,1,1,1,1,
126485196843,1,1,1,1,1,1,
126485696843,1,1,1,1,1,1,
126486196843,1,2,1,1,1,1,
126488196843,1,1,1,1,1,1,
126489696843,1,1,1,1,1,1,
126490196843,1,1,1,1,1,1,
126491196843,1,1,1,1,1,1,
126491696843,1,1,1,1,1,1,
126493196843,1,1,1,1,1,1,
126494196843,1,1,1,1,1,1,
126495696843,1,2,1,1,1,1,
126496696843,1,1,1,1,1,1,
126497196843,1,1,1,1,1,1,
126497696843,1,1,1,1,1,1,
126500196843,1,1,1,1,1,1,
126500696843,1,2,1,1,1,1,
126501696843,1,1,1,1,1,1,
126502196843,1,1,1,1,1,1,
126503696843,1,1,1,1,1,1,
126504696843,1,1,1,1,1,1,
126506696843,1,1,1,1,1,1,
126510196843,1,2,1,1,1,1,
126512696843,1,1,1,1,1,1,
126513196843,1,2,2,1,1,1,
126513696843,1,1,1,1,1,1,
126514696843,1,2,1,1,1,1,
126515696843,1,2,1,1,1,1,
126516696843,1,1,1,1,1,1,
126517196843,1,1,1,1,1,1,
126517696843,1,1,1,1,1,1,
126518696843,1,2,1,1,1,1,
126519196843,1,2,1,1,1,1,
126519696843,1,2,1,1,1,1,
126520196843,1,1,1,1,1,1,
126521196843,1,2,1,1,1,1,
126523196843,1,2,1,1,1,1,
126524196843,1,2,1,1,1,1,
126527196843,1,1,1,1,1,1,
126528696843,1,1,1,1,1,1,
126529196843,1,1,1,1,1,1,
126530196843,1,1,1,1,1,1,
126531196843,1,1,1,1,1,1,
126531696843,1,1,1,1,1,1,
126532196843,1,1,1,1,1,1,
126532696843,1,1,1,1,1,1,
126533196843,1,1,1,1,1,1,
126533696843,1,1,1,1,1,1,
126534196843,1,1,1,1,1,1,
126534696843,1,1,1,1,1,1,
126536196843,1,1,1,1,1,1,
126538196843,1,1,1,1,1,1,
126539196843,1,1,1,1,1,1,
126539696843,1,1,1,1,1,1,
126541196843,1,2,1,1,1,1,
126544196843,1,2,1,1,1,1,
126547696843,1,1,1,1,1,1,
126548196843,1,2,1,1,1,1,
126548696843,1,1,1,1,1,1,
126549196843,1,1,1,1,1,1,
126549696843,1,2,1,1,1,1,
126550696843,1,1,1,1,1,1,
126552696843,1,1,1,1,1,1,
126553196843,1,2,1,1,1,1,
126554696843,1,1,1,1,1,1,
126555196843,1,1,1,1,1,1,
126555696843,1,1,1,1,1,1,
126556196843,1,1,1,1,1,1,
126557196843,1,1,1,1,1,1,
126557696843,1,2,1,1,1,1,
126558196843,1,1,1,1,1,1,
126559196843,1,1,1,1,1,1,
126561196843,1,2,1,1,1,1,
126562696843,1,2,1,1,1,1,
126563196843,1,1,1,1,1,1,
126564196843,1,1,1,1,1,1,
126564696843,1,1,1,1,1,1,
126565696843,1,2,1,1,1,1,
126566696843,1,1,1,1,1,1,
126567696843,1,1,1,1,1,1,
126568196843,1,1,1,1,1,1,
126569196843,1,2,1,1,1,1,
126569696843,1,1,1,1,1,1,
126570196843,1,2,1,1,1,1,
126571196843,1,2,1,1,1,1,
126572196843,1,2,1,1,1,1,
126573696843,1,1,1,1,1,1,
126574196843,1,2,2,2,2,2,
126574696843,1,1,1,1,1,1,
126575196843,1,1,1,1,1,1,
126575696843,1,1,1,1,1,1,
126576196843,1,1,1,1,1,1,
126576696843,1,2,1,1,1,1,
126577196843,1,1,1,1,1,1,
126577696843,1,1,1,1,1,1,
126578196843,1,1,1,1,1,1,
126579196843,1,1,1,1,1,1,
126581196843,1,2,1,1,1,1,
126583696843,1,2,2,2,2,2,
126584196843,1,1,1,1,1,1,
126584696843,1,1,1,1,1,1,
126585696843,1,1,1,1,1,1,
126586196843,1,1,1,1,1,1,
126587696843,1,1,1,1,1,1,
126588196843,1,1,1,1,1,1,
126588696843,1,1,1,1,1,1,
126589696843,1,1,1,1,1,1,
126590196843,1,1,1,1,1,1,
126592696843,1,2,1,1,1,1,
126594196843,1,1,1,1,1,1,
126595196843,1,2,1,1,1,1,
126595696843,1,2,1,1,1,1,

