,W-0,R-0,R-1,R-2,R-3,R-4,
129698699198,47503,11579,6045,10540,10548,11884,
129700199198,NULL,NULL,NULL,NULL,NULL,NULL,
129701199198,300000,35672,4040,18005,6988,19970,
129702199198,236774,66637,14280,41579,18652,8962,
129703199198,14180,12277,3078,16301,7071,20759,
129703699198,41691,12654,3899,7283,7839,8959,
129704199198,16069,22750,3916,16296,17685,19722,
129704699198,7956,12451,3011,4958,6994,8990,
129705199198,32441,12241,36212,26970,18042,30948,
129705699198,25303,12054,3056,4905,6998,8934,
129707199198,191685,11996,3038,4980,6966,8953,
129708199198,50427,11988,3035,4913,7090,8925,
129708699198,29151,12343,3062,4945,7003,9098,
129709199198,44416,12212,3088,4866,6839,9055,
129709699198,50288,12577,3019,4956,6963,8954,
129710199198,47924,12344,3138,5008,7015,9076,
129710699198,44189,12032,3117,4949,6953,9069,
129711199198,24403,11787,13659,4989,6875,8780,
129712199198,19700,11930,2900,4997,6853,8842,
129712699198,47776,12143,3490,5346,7921,9009,
129713199198,27079,12002,2899,4771,6953,8844,
129713699198,15261,12910,3034,4913,6924,9225,
129714699198,15734,12546,2939,4913,6994,9122,
129715699198,29595,12284,13983,5098,7147,9002,
129716199198,44133,12098,4061,4944,6923,8971,
129718199198,52411,12769,3022,4929,7263,8966,
129718699198,16622,11761,13929,4956,7200,8923,
129719199198,36433,13592,14077,4882,6865,8881,
129719699198,51848,10791,23074,11159,23650,23706,
129720199198,125415,3307,2985,5178,6764,8794,
129722699198,125933,87424,89595,81487,83418,84925,
129723699198,12279,12431,2800,4747,6880,8891,
129724199198,21528,12108,13994,4939,7017,8777,
129724699198,20339,12590,13798,15704,7043,8935,
129725199198,46168,12040,3130,5048,7034,9030,
129725699198,54663,12518,3841,5134,7015,8882,
129726699198,41505,12032,13764,4952,7004,8842,
129727199198,32837,15178,4977,4772,7028,8872,
129727699198,19432,11865,3018,15599,17839,8988,
129729699198,33649,12647,13951,4948,7455,8995,
129730199198,31664,11933,3257,5025,6884,8755,
129731699198,17763,121241,110938,102482,149242,117634,
129732199198,23178,946180,950456,946405,960526,951234,
129732699198,300000,458122,484347,457971,446042,446582,
129733199198,159705,100249,100424,99053,122638,112007,
129734199198,21797,11961,13684,4990,6924,9032,
129735699198,147597,78443,90611,81404,72298,73932,
129736199198,77021,11930,2773,4688,6783,9390,
129736699198,22598,11955,2949,4877,6945,8893,
129737699198,29707,11871,13618,4915,6716,8739,
129739199198,30142,12005,3191,4847,6917,8913,
129740199198,14654,11887,2990,4864,6856,9448,
129741699198,30748,11886,2881,4675,6874,8780,
129742199198,45792,11971,4606,4996,6973,8859,
129743199198,19079,12128,2970,4877,6936,8877,
129743699198,10993,12570,3011,5104,7155,8795,
129745199198,22417,12037,13670,15739,18559,8950,
129745699198,13950,11964,3025,4789,6887,8765,
129746199198,54150,12092,2778,4860,6942,8927,
129746699198,45350,22505,13900,15682,6915,19589,
129748699198,45052,12004,14082,5189,6951,8879,
129750699198,44661,11786,2977,4902,6784,8766,
129751199198,44628,12032,3232,5013,6893,8757,
129752699198,26250,11967,3103,4840,6856,8754,
129754199198,49472,11933,2934,4873,6979,8916,
129756699198,48122,12096,2982,4959,7017,8745,
129757199198,24136,12018,2907,4951,6887,8686,
129758199198,43178,11969,2948,15457,6714,8707,
129758699198,40697,22640,24543,16010,17762,19855,
129759199198,35607,12075,14078,16116,6966,9023,
129760199198,15044,11949,3144,4966,6933,8849,
129762699198,43527,11609,13532,4684,6728,8748,
129763199198,14204,11765,2883,4767,17650,19534,
129764199198,31098,11726,2950,4759,6668,8731,
129764699198,34572,12574,13640,4666,6770,8724,
129765199198,27007,11956,13953,4958,7088,9060,
129765699198,86146,12221,3199,4900,6956,8778,
129767699198,33844,11932,2748,4650,6736,8760,
129768699198,300000,11961,2931,4920,6914,8759,
129771199198,36668,12098,3148,4930,6910,8767,
129772199198,31934,12235,2981,4950,7032,8955,
129772699198,24458,11742,2768,4651,6801,8746,
129775199198,76416,11907,2839,4962,6786,8849,
129775699198,51226,12258,2922,4941,6952,8840,
129776699198,46529,11930,2848,4983,6757,8727,
129779199198,67192,12004,3054,5019,6889,9053,
129780699198,46151,11956,3063,4742,6947,9535,
129781199198,38628,12058,2909,4906,6921,8719,
129781699198,44193,12187,2988,4862,6625,8699,
129782199198,11459,12281,2941,4854,6925,8787,
129782699198,44336,11759,3419,4730,6914,8707,
129783199198,36215,12243,13550,4926,6854,8714,
129783699198,33422,12025,2992,5152,6879,8897,
129785199198,34097,12101,2975,5015,6967,8734,
129785699198,51103,33644,57321,26576,7038,51936,
129786199198,25538,11735,13526,4755,6743,8686,
129788699198,32417,11893,3008,4650,6932,8901,
129789199198,41564,11962,3002,4730,6773,8746,
129790199198,21795,11939,13754,15658,6910,8725,
129791199198,29415,12001,2955,4784,6932,8745,
129791699198,33224,11910,3581,4719,6699,8617,
129792199198,13667,12305,2884,4894,6885,8759,
129792699198,23840,11624,2723,4705,6923,9089,
129795199198,16566,11604,13510,4679,6801,8911,
129797199198,69125,11896,35742,15744,17649,8983,
129797699198,30321,23013,2844,15533,17557,30635,
129798199198,19548,12082,2878,5049,6711,8873,
129798699198,28524,22614,2760,4854,17659,8618,
129799199198,15462,11972,13746,15646,6924,8929,
129799699198,47621,12100,14905,4758,6876,8901,
129801199198,35935,11904,2911,4695,6959,8706,
129802199198,23087,11797,2930,4723,6884,8754,
129802699198,50433,11883,2915,4754,6747,8775,
129803199198,51962,22678,13877,15586,7067,8745,
129803699198,45098,11997,13972,4889,6948,8733,
129805199198,43967,11620,13657,4910,6916,8725,
129805699198,41470,11958,2906,4855,6932,8995,
129806699198,72318,11880,2973,4945,6872,8843,
129808699198,46647,11725,2925,4654,6893,8867,
129809699198,9008,11848,2968,4729,6938,9069,
129810699198,55035,11946,2966,4900,6876,8738,
129811699198,22884,11870,13894,15688,6996,8908,
129812199198,44583,12254,2976,4918,6897,9251,
129813699198,26065,11927,2994,4859,6771,9015,
129816199198,39721,11753,13403,4729,6725,8731,
129817199198,19706,11659,2864,4792,6910,8909,
129819699198,51679,11740,2994,4970,6790,8893,
129820199198,15361,12151,2853,4654,17314,8792,
129820699198,12747,12255,14319,4985,6977,8873,
129821199198,56208,11986,3108,4900,7071,8765,
129822699198,27570,11895,3255,4750,6864,8733,
129823199198,39969,11947,13528,4961,6742,8714,
129823699198,49330,11891,14039,4845,6914,8787,
129825699198,34942,11845,3045,4919,6798,9192,
129827199198,40300,11519,2748,4758,6698,8777,
129827699198,12058,12161,13862,4790,7002,8870,
129828199198,27711,11675,2797,4756,6738,8720,
129828699198,25485,11872,13619,4680,6674,8940,
129829199198,22693,11702,3124,4977,6901,8772,
129829699198,21025,12084,2911,4964,6892,8663,
129830199198,19300,11785,13529,4696,6868,9020,
129831699198,98884,11911,2948,4985,6846,8767,
129832699198,8398,12282,2933,4769,6716,8768,
129833199198,23624,11667,2988,4953,7572,9206,
129833699198,18447,11961,13665,15659,17850,19798,
129834199198,34303,12208,2987,4781,6777,8852,
129835199198,16110,11913,2965,4937,6897,8873,
129836199198,51846,11918,2861,4665,6779,19905,
129837199198,108650,12030,14005,4918,6965,8969,
129837699198,62447,12306,13574,4979,7158,8893,
129838199198,25927,12926,14209,4964,6747,8709,
129840699198,47180,11797,2743,4728,6724,8652,
129842699198,37333,12378,3166,4750,6739,8655,
129844199198,19317,11770,13680,4801,6929,8880,
129846199198,16877,11770,13696,4682,6906,8937,
129846699198,42694,11772,3159,4886,6891,8717,
129847699198,16107,12067,3102,4868,6732,8778,
129848699198,45553,12404,3029,4961,6783,8844,
129849199198,15409,12008,13766,4743,6872,8948,
129849699198,24747,11916,3080,4899,6932,8789,
129852199198,15998,11913,2913,4874,6754,8886,
129853199198,62036,22687,14324,15476,17475,19969,
129854699198,47166,11713,2984,4769,6757,8694,
129857199198,300000,11975,3104,4938,7267,9024,
129858699198,35795,11614,2829,4790,6860,8792,
129860199198,NULL,NULL,NULL,NULL,NULL,NULL,
129861699198,71434,17134,17404,28682,28259,19204,
129863199198,48737,11795,2880,4914,6961,8882,
129863699198,61620,12772,13766,15856,17558,9781,
129864199198,51335,11549,2705,4983,6726,8695,
129864699198,17573,11892,13612,4714,7669,9022,
129865199198,53987,11934,13792,4735,6903,8845,
129866199198,21096,33489,2935,4777,6836,52417,
129866699198,109242,12038,2979,4890,6888,8855,
129867199198,12411,33186,56147,26079,27991,51376,
129868199198,43129,11756,2875,4980,6931,8764,
129870199198,18700,11920,13791,4781,6949,8849,
129871199198,14627,12604,2724,4738,6858,8798,
129874199198,33249,12106,2975,4911,6845,8931,
129874699198,10632,12133,2860,4955,6989,8775,
129875699198,300000,12069,2942,4773,7021,8926,
129877199198,300000,348510,307867,307747,309404,312250,
129877699198,300000,142170,133786,113368,113939,196338,
129878199198,300000,11693,3062,4993,7045,8989,
129878699198,284957,96733,87916,102504,92869,83332,
129879699198,24645,11523,2901,4740,6874,8718,
129880699198,19560,27591,13998,15607,28684,20288,
129881199198,51799,22747,13686,15612,18408,20842,
129882199198,20896,11946,2965,4953,6908,8831,
129883699198,37648,33507,56766,15488,17631,19523,
129884199198,47495,11972,2878,4971,6898,9003,
129885199198,66650,14757,4939,4848,6946,8772,
129885699198,19259,11875,3004,4903,6867,8998,
129886199198,57440,33741,25335,4858,17666,20461,
129886699198,15986,12358,3036,37560,6933,8965,
129888699198,25660,33529,2922,26781,6956,30989,
129889199198,40720,12146,2944,15899,50435,9037,
129890699198,45922,11937,2962,4701,7121,8972,
129891199198,300000,12024,2996,4747,6727,8699,
129891699198,202300,161372,161150,145718,147936,161393,
129893699198,10000,11910,2898,4763,6770,8906,
129894699198,45990,11903,2798,4792,6869,8702,
129898699198,15526,11929,3143,4755,6736,8774,
129899199198,11121,11615,2741,4984,6866,8646,
129900199198,52961,11931,3165,5022,7195,9024,
129900699198,13408,11996,2998,15876,7851,8775,
129901699198,8689,12371,3035,4936,7092,9015,
129902199198,34679,11766,2918,4752,6681,9185,
129902699198,32477,12123,2979,5058,6941,8919,
129903699198,22102,11645,2938,4841,6935,8787,
129904199198,57073,11968,2895,4852,6887,8844,
129905699198,8386,11709,3072,4861,6730,8861,
129906199198,35013,12013,2915,4677,6747,8903,
129907699198,28226,11741,2965,4865,6658,8859,
129908199198,14349,12082,3021,4992,7032,8955,
129908699198,35219,12043,13884,4769,6709,8904,
129909699198,8605,11683,13598,15519,17371,19706,
129910699198,60347,11962,3090,4938,6989,8800,
129912199198,14279,11661,13660,4659,7008,8876,
129913199198,21321,11889,13902,4773,6725,8853,
129915199198,18157,65124,24502,5319,17612,8864,
129915699198,84920,11546,2675,4601,6604,8627,
129916199198,37310,12030,2777,4724,6730,9151,
129916699198,34969,12032,13606,15360,17518,8975,
129917699198,81415,12563,13514,26210,28431,20369,
129918199198,45427,11635,3286,4795,6701,8699,
129918699198,42080,12168,3171,4735,6953,8958,
129919199198,24936,11933,2957,4898,6867,8845,
129919699198,10660,12015,2874,4878,6794,8755,
129920199198,13780,11891,2901,4838,7012,8905,
129922199198,38785,11399,2898,4977,6727,8683,
129923199198,63346,11737,3056,4995,6944,8780,
129924699198,27311,11907,13531,15557,6943,9196,
129927199198,43519,11998,2943,4763,6795,8940,
129927699198,40987,12487,13952,4865,7016,9045,
129928199198,46982,11979,13962,4730,6853,8795,
129929699198,28014,11970,2853,4690,6789,8800,
129930199198,9277,22555,56709,4778,6719,8952,
129931199198,50676,11929,13535,4733,6868,8734,
129932199198,29087,12081,13657,4865,6938,8750,
129932699198,48087,12379,13707,4992,6889,8719,
129933199198,20453,12367,3108,4850,6904,8739,
129933699198,24063,12046,2904,4924,6859,8713,
129934199198,22638,11935,3016,4970,7015,8857,
129934699198,40676,11718,2737,4794,6899,8841,
129935199198,21518,11736,2954,4781,6894,8750,
129935699198,14691,11969,2955,4740,6688,8723,
129936199198,24026,11839,2891,4760,6730,8890,
129936699198,45314,12011,13602,4955,6914,9114,
129937699198,14046,12146,3080,4961,17642,9017,
129938199198,28613,11882,2993,4770,6765,8868,
129938699198,27190,11925,2882,15585,6982,8965,
129939699198,40104,11966,13691,5067,6868,8705,
129940199198,12066,12177,2868,15704,6850,8799,
129941199198,21236,11783,2787,4740,6861,8705,
129941699198,28207,12206,3058,4687,6919,8861,
129942199198,9053,11962,2956,4779,6857,8874,
129942699198,24080,11888,3030,4908,6916,8922,
129943699198,21228,11649,2969,4844,6910,8872,
129944199198,91512,11862,2864,15508,6894,8852,
129944699198,12164,12271,13663,4963,7000,9178,
129945199198,16402,12137,13621,5021,6862,8883,
129947699198,41441,12150,2986,4893,6744,8771,
129948199198,25078,11728,13495,15472,17632,19430,
129950199198,21797,11934,3236,4774,6864,8895,
129952699198,9517,11743,13795,4884,6957,9087,
129956199198,34485,11998,3014,4960,6943,8859,
129956699198,52258,11846,2894,5001,6785,8968,
129958199198,30758,12037,13442,4792,6966,8667,
129958699198,40704,11376,2940,4849,6701,8715,
129959199198,27280,11514,2968,4760,6770,8714,
129960699198,45655,11933,2908,5024,6865,8702,
129961199198,44442,11776,2936,4830,17766,19474,
129962199198,39722,11833,13845,15582,6930,19443,
129963199198,38904,11907,2684,4693,6762,8738,
129963699198,52118,12136,3540,5027,7777,8657,
129964199198,27231,11959,2853,4787,6761,8981,
129964699198,42778,11699,3082,4981,7061,8937,
129966199198,32175,11624,3043,4679,6906,8590,
129967199198,11203,12100,13578,4991,7088,8971,
129967699198,21307,12075,3035,4770,6969,9220,
129968699198,34765,11867,3729,15536,7079,8936,
129969699198,14015,11755,2914,4726,6870,8785,
129970199198,20022,11950,2862,4963,6868,8757,
129970699198,52144,11851,2927,4910,6758,8864,
129973699198,34660,11984,24871,15651,6858,8774,
129974699198,42480,11877,13847,15523,17796,8796,
129976199198,71642,11911,2934,4901,6778,8934,
129977199198,42203,11715,2943,4755,6732,8742,
129978199198,8946,12415,3169,4949,6987,9071,
129979699198,36977,11782,2903,4895,7053,8766,
129980199198,17622,11918,2920,4689,6768,8725,
129980699198,61676,12402,3468,4735,6655,8683,
129983199198,43767,12040,4003,16422,8254,8859,
129983699198,21026,11702,2792,4688,6866,8686,
129985199198,34323,12172,13907,15793,6886,8913,
129985699198,15990,11912,13549,4789,17561,8888,
129986199198,93651,11791,3314,5112,7791,8674,
129987699198,39542,11950,3023,4945,6859,8985,
129988199198,56160,12163,3071,4890,6960,9001,
129988699198,32372,11613,13800,4762,6747,8755,
129989699198,46273,11789,2988,5537,6948,8710,
129992699198,39424,22566,2717,4606,17925,30570,
129993199198,39000,12742,14023,4774,6940,8880,
129994199198,51851,11960,13883,4739,6794,8727,
129994699198,27195,12005,3003,4842,6866,8794,
129996199198,52747,11800,13702,15859,17776,8800,
129997199198,14433,12007,3001,4885,6868,8884,
129998699198,24981,12075,13928,5062,6940,8959,
129999199198,22295,12545,2767,4764,6716,8685,
129999699198,71867,11907,2938,15786,6920,8880,
130002199198,44103,12225,13667,4749,6921,8732,
130003199198,40028,11881,13597,4873,7036,8727,
130003699198,13651,11752,13739,4874,6862,8948,
130004699198,35671,11847,2747,4868,6937,8872,
130007699198,19693,11939,3025,5255,6797,8720,
130008199198,300000,12319,3280,5126,18254,9133,
130009199198,31015,11915,2791,4928,6756,8775,
130010699198,40716,12161,2769,4658,6687,8777,
130012699198,9109,11930,2919,4768,6651,8994,
130013199198,48093,12241,2768,4760,6874,8933,
130014699198,33924,12061,2970,4930,6733,9032,
130015699198,36936,11678,13524,4793,6747,8786,
130016199198,23431,11789,13724,15553,18277,19550,
130017199198,7004,11722,2933,4769,6870,8728,
130019199198,32153,22761,2901,26175,6726,19626,
130019699198,37590,11671,2857,4899,6751,8719,
130021199198,29604,13276,13951,4778,6899,8846,
130021699198,89195,81881,70945,71079,69547,82066,
130022699198,17844,22587,13677,26328,6800,8697,
130024199198,47992,11666,3065,5024,6915,8715,
130025199198,21965,12070,13978,4727,6744,8890,
130027199198,8993,11796,13915,5505,6887,8677,
130027699198,24694,11790,2964,4799,7277,8855,
130028199198,42475,11925,2876,4983,6915,9193,
130029199198,38490,11841,13741,4743,6759,8952,
130031699198,33140,11734,3163,4718,6572,8897,
130037699198,19541,11985,3043,4944,6911,8899,
130038199198,39952,11763,13560,4690,6658,8690,
130039199198,36796,11893,13593,5023,6788,8922,
130039699198,29090,12247,3103,4771,6684,8728,
130042699198,37695,12046,2858,4785,6911,9005,
130044199198,300000,12045,3014,4890,7049,8896,
130044699198,NULL,NULL,NULL,NULL,NULL,NULL,
130045199198,206668,165963,175730,163960,176492,172000,
130045699198,103572,11886,3092,4785,6918,8937,
130046199198,18472,12161,3041,4769,6680,8892,
130046699198,16505,11710,2768,4718,6628,8677,
130049199198,24139,43746,45625,47570,49486,51677,
130051199198,43797,12167,2916,4763,7011,8864,
130051699198,24930,11552,13769,4662,6774,8771,
130052699198,42658,12028,3414,4724,6941,8797,
130053199198,35832,11790,2755,4718,6892,8998,
130053699198,61204,11869,2973,4795,7755,8768,
130054199198,45872,11880,3252,4968,6844,8932,
130054699198,27003,11682,3024,4700,6758,8729,
130055699198,22889,11763,2948,15464,6717,8677,
130056199198,43760,11988,3038,4968,7071,9032,
130056699198,80426,32758,13778,15502,17425,19565,
130057699198,42322,15093,4749,4899,6796,8719,
130058199198,34492,11796,2976,4726,6793,8965,
130058699198,43562,11789,2768,4662,6701,8755,
130060699198,29177,11678,14063,15390,6866,8887,
130062199198,11968,12047,2795,4735,6766,8867,
130062699198,44087,11679,13674,4898,6924,8772,
130063699198,56801,12731,3136,4856,6953,8791,
130064199198,49692,11909,25129,15563,17622,9050,
130065699198,41073,11419,2990,4682,6736,8874,
130066699198,8715,12152,3182,4755,6722,8931,
130068199198,36966,11576,2936,4741,6773,8795,
130069199198,65899,11890,14063,15628,7107,8979,
130069699198,27251,11694,2872,4961,6904,8842,
130070199198,26973,12041,2969,5455,6770,8895,
130072699198,23070,12177,3036,4909,7003,9040,
130073199198,30979,11888,2952,4700,6754,8924,
130074199198,253998,11722,13686,4726,6866,8895,
130074699198,19476,11875,13715,4912,6910,8998,
130076199198,32245,11861,2929,4845,6732,8642,
130077199198,23770,11988,2915,4785,6874,8625,
130079199198,43140,11937,3021,15901,6861,8969,
130082699198,40544,12211,14781,4943,6733,8885,
130085199198,24628,11712,13401,15634,17551,19995,
130085699198,31171,12124,3040,4961,6691,8760,
130086199198,60966,11899,13662,4961,7216,9009,
130087199198,50632,11708,3137,4676,7202,8735,
130088199198,58527,11890,14092,4929,6915,8936,
130089199198,16485,12012,13720,4630,6855,8800,
130089699198,30956,33101,24613,4861,28268,8894,
130090199198,14600,11784,2884,4722,6725,8727,
130091199198,9908,11933,3172,4923,6875,8843,
130091699198,56930,11990,2872,4648,6711,8709,
130092199198,34958,11495,13559,4676,6743,8700,
130092699198,49865,11925,3026,4706,6758,8750,
130093699198,16631,11870,2795,4715,6908,8942,
130095699198,42699,11622,2891,4654,6650,8758,
130096699198,35366,11595,2855,4771,6750,8901,
130099699198,33500,11709,13728,15445,6722,8635,
130101199198,18577,11673,13749,4626,6701,8724,
130101699198,33976,11574,2849,4764,6695,8631,
130102699198,35206,11546,2657,4771,6675,8689,
130103699198,16869,11947,2858,4984,6742,8704,
130104199198,23368,12371,2864,4895,6795,8800,
130104699198,38957,11839,2856,4951,6740,8942,
130105199198,115887,12084,3038,5004,7013,9047,
130105699198,53599,11667,2915,4958,6766,8716,
130106199198,54131,11704,2883,4671,6687,8720,
130106699198,27482,11667,13950,4957,6720,8648,
130107199198,39631,11695,2869,4903,6764,8923,
130108699198,20169,11979,2780,4909,6772,8744,
130110699198,99441,12384,2954,5453,6904,9261,
130111699198,76461,11755,2963,4788,6859,8912,
130112199198,60077,11696,3033,4744,7012,8967,
130113699198,15554,11994,13701,5030,17457,19762,
130116699198,20893,12067,13966,4851,7582,9051,
130120199198,46678,11678,13546,15490,17568,8967,
130120699198,32159,11614,2852,4757,6722,8787,
130121199198,12966,12030,2983,4736,6663,9162,
130121699198,28155,11856,2928,5043,6900,8753,
130122199198,83605,11783,2922,4773,17573,8914,
130123199198,27509,11581,13625,15610,17602,9125,
130125199198,20431,11967,2894,4777,6887,8847,
130125699198,35010,11623,2941,4896,6797,8896,
130127199198,124836,11876,2921,4896,6793,8962,
130127699198,17565,11776,2932,4927,6958,8726,
130128199198,26875,11876,2788,4640,6693,8854,
130128699198,41883,12376,3214,4900,6961,8971,
130129699198,31418,22291,13624,16140,6939,8747,
130130199198,12001,12671,13475,4942,6893,8665,
130130699198,137310,11586,2731,4662,6624,8638,
130131699198,43724,11778,13873,15561,17485,19647,
130133699198,42875,11759,2899,4801,7524,8958,
130135199198,17951,12188,2780,4974,6704,8947,
130135699198,165792,11597,2917,4880,7061,8852,
130136699198,43181,11924,13387,4850,6960,8921,
130137199198,28993,11731,14431,4752,6690,8755,
130138199198,13542,11774,13560,4674,6780,8888,
130139199198,26383,11770,2888,4741,6889,9409,
130140199198,44997,11781,2906,4792,7247,9010,
130140699198,81670,11784,13543,4925,17460,9848,
130141699198,56186,54585,13547,4751,6734,51888,
130142199198,11281,12239,2951,4719,6895,8799,
130142699198,20390,11753,13407,4724,6673,8680,
130143699198,15977,11484,13520,4782,6942,8785,
130144699198,35761,11696,2722,4905,6711,8723,
130146199198,22405,11865,13900,15444,6761,8745,
130146699198,43075,11651,3008,4744,6732,9271,
130147199198,40922,22392,13675,4854,6944,8932,
130147699198,28002,11595,2792,4668,6694,8685,
130148199198,8921,11727,2832,4685,6746,8760,
130148699198,35021,11758,2789,4931,6764,8727,
130149199198,70209,11744,2859,4736,6775,8945,
130149699198,19115,11714,2891,4689,6889,8779,
130150199198,45783,12607,2777,4650,6776,8920,
130150699198,30739,11772,13605,4640,6710,8956,
130151699198,22113,22796,24127,15557,6781,19508,
130153699198,40771,12315,3089,4975,6882,8784,
130156199198,38603,11601,2666,4762,6660,8678,
130156699198,14641,11980,13705,4762,7025,8795,
130157199198,26933,11696,2784,4697,7191,8912,
130158199198,28373,12047,2856,4846,6873,8981,
130158699198,43088,11674,13474,4845,6883,9402,
130160199198,37196,11911,2926,4796,6739,8763,
130160699198,46766,12157,13773,4928,6869,8645,
130161199198,24198,11865,13700,4774,6731,9009,
130162199198,34589,12042,13889,15732,17486,8702,
130162699198,35359,11737,2853,4761,6726,8758,
130165199198,19379,11940,3117,5057,6836,8864,
130166699198,250643,11906,2943,4900,6908,8848,
130167699198,300000,11904,2936,4859,6736,8969,
130168199198,NULL,584715,590624,586707,583908,592474,

