,W-0,R-0,R-1,R-2,R-3,R-4,
120769784084,1,1,1,1,1,1,
120771284084,1,1,1,1,1,1,
120772284084,1,1,1,1,1,1,
120773284084,1,1,1,1,1,1,
120774284084,1,1,1,1,1,1,
120774784084,1,1,1,1,1,1,
120775284084,1,2,1,1,1,1,
120775784084,1,1,1,1,1,1,
120776284084,1,1,1,1,1,1,
120776784084,1,1,1,1,1,1,
120778284084,1,2,1,1,1,1,
120779284084,1,1,1,1,1,1,
120779784084,1,1,1,1,1,1,
120780284084,1,1,1,1,1,1,
120780784084,1,1,1,1,1,1,
120781284084,1,1,1,1,1,1,
120781784084,1,2,1,1,1,1,
120782284084,1,1,1,1,1,1,
120783284084,1,1,1,1,1,1,
120783784084,1,1,1,1,1,1,
120784284084,1,2,1,1,1,1,
120784784084,1,1,1,1,1,1,
120785784084,1,2,1,1,1,1,
120786784084,1,2,1,1,1,1,
120787284084,1,1,1,1,1,1,
120789284084,1,1,1,1,1,1,
120789784084,1,2,1,1,1,1,
120790284084,1,1,1,1,1,1,
120790784084,1,1,1,1,1,1,
120791284084,1,1,1,1,1,1,
120793784084,1,2,1,1,1,1,
120794784084,1,2,1,1,1,1,
120795284084,1,2,1,1,1,1,
120795784084,1,1,1,1,1,1,
120796284084,1,1,1,1,1,1,
120796784084,1,1,1,1,1,1,
120797784084,1,2,1,1,1,1,
120798284084,1,2,2,2,2,2,
120798784084,1,2,1,1,1,1,
120800784084,1,1,1,1,1,1,
120801284084,1,1,1,1,1,1,
120802784084,1,2,1,1,1,1,
120803284084,1,2,1,1,1,1,
120803784084,1,2,1,1,1,1,
120804284084,1,2,1,1,1,1,
120805284084,1,1,1,1,1,1,
120806784084,1,1,1,1,1,1,
120807284084,1,2,1,1,1,1,
120807784084,1,1,1,1,1,1,
120808784084,1,1,1,1,1,1,
120810284084,1,1,1,1,1,1,
120811284084,1,2,1,1,1,1,
120812784084,1,1,1,1,1,1,
120813284084,1,1,1,1,1,1,
120814284084,1,1,1,1,1,1,
120814784084,1,1,1,1,1,1,
120816284084,1,2,1,1,1,1,
120816784084,1,1,1,1,1,1,
120817284084,1,1,1,1,1,1,
120817784084,1,2,2,1,1,1,
120819784084,1,1,1,1,1,1,
120821784084,1,2,1,1,1,1,
120822284084,1,2,1,1,1,1,
120823784084,1,1,1,1,1,1,
120825284084,1,1,1,1,1,1,
120827784084,1,1,1,1,1,1,
120828284084,1,2,1,1,1,1,
120829284084,1,1,1,1,1,1,
120829784084,1,2,1,1,1,1,
120830284084,1,1,1,1,1,1,
120831284084,1,2,1,1,1,1,
120833784084,1,1,1,1,1,1,
120834284084,1,1,1,1,1,1,
120835284084,1,1,1,1,1,1,
120835784084,1,1,1,1,1,1,
120836284084,1,1,1,1,1,1,
120836784084,1,2,1,1,1,1,
120838784084,1,1,1,1,1,1,
120839784084,1,1,1,1,1,1,
120842284084,1,2,1,1,1,1,
120843284084,1,1,1,1,1,1,
120843784084,1,1,1,1,1,1,
120846284084,1,1,1,1,1,1,
120846784084,1,1,1,1,1,1,
120847784084,1,2,1,1,1,1,
120850284084,1,1,1,1,1,1,
120851784084,1,1,1,1,1,1,
120852284084,1,1,1,1,1,1,
120852784084,1,1,1,1,1,1,
120853284084,1,2,1,1,1,1,
120853784084,1,2,1,1,1,1,
120854284084,1,1,1,1,1,1,
120854784084,1,2,1,1,1,1,
120856284084,1,1,1,1,1,1,
120856784084,1,2,1,1,1,1,
120857284084,1,1,1,1,1,1,
120859784084,1,1,1,1,1,1,
120860284084,1,2,1,1,1,1,
120861284084,1,2,1,1,1,1,
120862284084,1,1,1,1,1,1,
120862784084,1,1,1,1,1,1,
120863284084,1,1,1,1,1,1,
120863784084,1,1,1,1,1,1,
120866284084,1,2,1,1,1,1,
120868284084,1,1,1,1,1,1,
120868784084,1,1,1,1,1,1,
120869284084,1,1,1,1,1,1,
120869784084,1,1,1,1,1,1,
120870284084,1,1,1,1,1,1,
120870784084,1,1,1,1,1,1,
120872284084,1,1,1,1,1,1,
120873284084,1,2,1,1,1,1,
120873784084,1,2,1,1,1,1,
120874284084,1,2,1,1,1,1,
120874784084,1,1,1,1,1,1,
120876284084,1,2,1,1,1,1,
120876784084,1,2,1,1,1,1,
120877784084,1,2,1,1,1,1,
120879784084,1,1,1,1,1,1,
120880784084,1,1,1,1,1,1,
120881784084,1,1,1,1,1,1,
120882784084,1,1,1,1,1,1,
120883284084,1,2,1,1,1,1,
120884784084,1,1,1,1,1,1,
120887284084,1,1,1,1,1,1,
120888284084,1,2,1,1,1,1,
120890784084,1,1,1,1,1,1,
120891284084,1,1,1,1,1,1,
120891784084,1,1,1,1,1,1,
120892284084,1,1,1,1,1,1,
120893784084,1,1,1,1,1,1,
120894284084,1,1,1,1,1,1,
120894784084,1,1,1,1,1,1,
120896784084,1,1,1,1,1,1,
120898284084,1,1,1,1,1,1,
120898784084,1,1,1,1,1,1,
120899284084,1,1,1,1,1,1,
120899784084,1,2,1,1,1,1,
120900284084,1,1,1,1,1,1,
120900784084,1,1,1,1,1,1,
120901284084,1,2,1,1,1,1,
120902784084,1,2,1,1,1,1,
120903784084,1,1,1,1,1,1,
120904284084,1,1,1,1,1,1,
120904784084,1,1,1,1,1,1,
120905284084,1,1,1,1,1,1,
120906284084,1,1,1,1,1,1,
120907284084,1,1,1,1,1,1,
120908284084,1,1,1,1,1,1,
120908784084,1,1,1,1,1,1,
120909284084,1,1,1,1,1,1,
120911784084,1,1,1,1,1,1,
120913784084,1,1,1,1,1,1,
120915284084,1,2,1,1,1,1,
120917284084,1,1,1,1,1,1,
120917784084,1,1,1,1,1,1,
120918784084,1,1,1,1,1,1,
120919784084,1,1,1,1,1,1,
120920284084,1,2,1,1,1,1,
120920784084,1,1,1,1,1,1,
120923284084,1,1,1,1,1,1,
120924284084,1,1,1,1,1,1,
120925784084,1,2,1,1,1,1,
120928284084,1,1,1,1,1,1,
120929784084,1,1,1,1,1,1,
120931284084,1,1,1,1,1,1,
120932784084,1,1,1,1,1,1,
120934284084,1,2,1,1,1,1,
120934784084,1,1,1,1,1,1,
120935284084,1,2,1,1,1,1,
120935784084,1,1,1,1,1,1,
120936284084,1,1,1,1,1,1,
120937284084,1,1,1,1,1,1,
120937784084,1,2,1,1,1,1,
120938284084,1,1,1,1,1,1,
120939284084,1,1,1,1,1,1,
120941284084,1,2,1,1,1,1,
120942284084,1,1,1,1,1,1,
120945284084,1,1,1,1,1,1,
120945784084,1,1,1,1,1,1,
120946784084,1,2,1,1,1,1,
120948284084,1,1,1,1,1,1,
120948784084,1,2,1,1,1,1,
120949284084,1,1,1,1,1,1,
120949784084,1,1,1,1,1,1,
120950784084,1,1,1,1,1,1,
120951784084,1,1,1,1,1,1,
120952284084,1,1,1,1,1,1,
120953284084,1,1,1,1,1,1,
120954784084,1,1,1,1,1,1,
120955284084,1,1,1,1,1,1,
120956284084,1,1,1,1,1,1,
120956784084,1,1,1,1,1,1,
120957284084,1,1,1,1,1,1,
120957784084,1,2,1,1,1,1,
120959784084,1,1,1,1,1,1,
120960284084,1,1,1,1,1,1,
120961784084,1,1,1,1,1,1,
120962284084,1,2,1,1,1,1,
120962784084,1,1,1,1,1,1,
120964784084,1,1,1,1,1,1,
120965784084,1,2,1,1,1,1,
120969784084,1,2,1,1,1,1,
120970284084,1,1,1,1,1,1,
120971284084,1,2,1,1,1,1,
120971784084,1,2,1,1,1,1,
120972784084,1,1,1,1,1,1,
120973284084,1,1,1,1,1,1,
120973784084,1,1,1,1,1,1,
120974784084,1,1,1,1,1,1,
120975284084,1,1,1,1,1,1,
120976784084,1,1,1,1,1,1,
120977284084,1,2,2,1,1,1,
120978784084,1,1,1,1,1,1,
120979284084,1,1,1,1,1,1,
120979784084,1,2,1,1,1,1,
120980784084,1,1,1,1,1,1,
120981784084,1,2,1,1,1,1,
120983284084,1,1,1,1,1,1,
120984284084,1,1,1,1,1,1,
120986284084,1,2,1,1,1,1,
120986784084,1,1,1,1,1,1,
120987284084,1,1,1,1,1,1,
120987784084,1,1,1,1,1,1,
120988784084,1,2,1,1,1,1,
120989284084,1,1,1,1,1,1,
120989784084,1,2,1,1,1,1,
120990284084,1,1,1,1,1,1,
120990784084,1,1,1,1,1,1,
120991284084,1,2,1,1,1,1,
120993284084,1,2,1,1,1,1,
120994284084,1,1,1,1,1,1,
120995784084,1,1,1,1,1,1,
120998284084,1,1,1,1,1,1,
120998784084,1,1,1,1,1,1,
120999284084,1,1,1,1,1,1,
121000784084,1,1,1,1,1,1,
121001284084,1,1,1,1,1,1,
121002284084,1,2,1,1,1,1,
121003284084,1,1,1,1,1,1,
121003784084,1,1,1,1,1,1,
121004284084,1,2,1,1,1,1,
121004784084,1,1,1,1,1,1,
121005284084,1,1,1,1,1,1,
121005784084,1,1,1,1,1,1,
121006284084,1,1,1,1,1,1,
121006784084,1,1,1,1,1,1,
121007284084,1,1,1,1,1,1,
121007784084,1,2,1,1,1,1,
121008784084,1,2,1,1,1,1,
121009284084,1,1,1,1,1,1,
121009784084,1,2,1,1,1,1,
121010784084,1,1,1,1,1,1,
121011284084,1,1,1,1,1,1,
121012284084,1,1,1,1,1,1,
121012784084,1,2,1,1,1,1,
121013284084,1,2,1,1,1,1,
121013784084,1,2,1,1,1,1,
121014784084,1,1,1,1,1,1,
121015284084,1,2,1,1,1,1,
121015784084,1,1,1,1,1,1,
121016284084,1,1,1,1,1,1,
121018784084,1,1,1,1,1,1,
121019284084,1,1,1,1,1,1,
121021284084,1,1,1,1,1,1,
121023784084,1,1,1,1,1,1,
121027284084,1,1,1,1,1,1,
121027784084,1,2,1,1,1,1,
121029284084,1,1,1,1,1,1,
121029784084,1,1,1,1,1,1,
121030284084,1,2,1,1,1,1,
121031784084,1,1,1,1,1,1,
121032284084,1,1,1,1,1,1,
121033284084,1,1,1,1,1,1,
121034284084,1,2,1,1,1,1,
121034784084,1,1,1,1,1,1,
121035284084,1,2,1,1,1,1,
121035784084,1,1,1,1,1,1,
121037284084,1,2,1,1,1,1,
121038284084,1,1,1,1,1,1,
121038784084,1,1,1,1,1,1,
121039784084,1,2,1,1,1,1,
121040784084,1,2,1,1,1,1,
121041284084,1,1,1,1,1,1,
121041784084,1,1,1,1,1,1,
121044784084,1,1,1,1,1,1,
121045784084,1,2,1,1,1,1,
121047284084,1,1,1,1,1,1,
121048284084,1,1,1,1,1,1,
121049284084,1,1,1,1,1,1,
121050784084,1,2,1,1,1,1,
121051284084,1,1,1,1,1,1,
121051784084,1,1,1,1,1,1,
121054284084,1,1,1,1,1,1,
121054784084,1,2,1,1,1,1,
121056284084,1,2,1,1,1,1,
121056784084,1,1,1,1,1,1,
121057284084,1,2,1,1,1,1,
121058784084,1,2,1,1,1,1,
121059284084,1,2,1,1,1,1,
121059784084,1,1,1,1,1,1,
121060784084,1,2,1,1,1,1,
121063784084,1,2,1,1,1,1,
121064284084,1,2,1,1,1,1,
121065284084,1,2,1,1,1,1,
121065784084,1,2,1,1,1,1,
121067284084,1,1,1,1,1,1,
121068284084,1,1,1,1,1,1,
121069784084,1,1,1,1,1,1,
121070284084,1,2,1,1,1,1,
121070784084,1,1,1,1,1,1,
121073284084,1,1,1,1,1,1,
121074284084,1,2,1,1,1,1,
121074784084,1,2,1,1,1,1,
121075784084,1,1,1,1,1,1,
121078784084,1,1,1,1,1,1,
121079284084,1,1,1,1,1,1,
121080284084,1,1,1,1,1,1,
121081784084,1,1,1,1,1,1,
121083784084,1,1,1,1,1,1,
121084284084,1,1,1,1,1,1,
121085784084,1,1,1,1,1,1,
121086784084,1,1,1,1,1,1,
121087284084,1,1,1,1,1,1,
121088284084,1,1,1,1,1,1,
121090284084,1,2,1,1,1,1,
121090784084,1,1,1,1,1,1,
121092284084,1,2,1,1,1,1,
121092784084,1,1,1,1,1,1,
121093784084,1,1,1,1,1,1,
121095284084,1,2,1,1,1,1,
121096284084,1,1,1,1,1,1,
121098284084,1,2,1,1,1,1,
121098784084,1,1,1,1,1,1,
121099284084,1,1,1,1,1,1,
121100284084,1,2,1,1,1,1,
121102784084,1,1,1,1,1,1,
121108784084,1,1,1,1,1,1,
121109284084,1,2,1,1,1,1,
121110284084,1,2,1,1,1,1,
121110784084,1,1,1,1,1,1,
121113784084,1,2,1,1,1,1,
121115284084,1,1,1,1,1,1,
121115784084,1,1,1,1,1,1,
121116284084,1,2,1,1,1,1,
121116784084,1,1,1,1,1,1,
121117284084,1,1,1,1,1,1,
121117784084,1,2,1,1,1,1,
121120284084,1,1,1,1,1,1,
121122284084,1,1,1,1,1,1,
121122784084,1,1,1,1,1,1,
121123784084,1,1,1,1,1,1,
121124284084,1,1,1,1,1,1,
121124784084,1,1,1,1,1,1,
121125284084,1,1,1,1,1,1,
121125784084,1,1,1,1,1,1,
121126784084,1,1,1,1,1,1,
121127284084,1,1,1,1,1,1,
121127784084,1,1,1,1,1,1,
121128784084,1,2,1,1,1,1,
121129284084,1,2,1,1,1,1,
121129784084,1,1,1,1,1,1,
121131784084,1,2,1,1,1,1,
121133284084,1,1,1,1,1,1,
121133784084,1,2,1,1,1,1,
121134784084,1,1,1,1,1,1,
121135284084,1,1,1,1,1,1,
121136784084,1,1,1,1,1,1,
121137784084,1,1,1,1,1,1,
121139284084,1,2,1,1,1,1,
121140284084,1,1,1,1,1,1,
121140784084,1,1,1,1,1,1,
121141284084,1,1,1,1,1,1,
121143784084,1,1,1,1,1,1,
121144284084,1,2,1,1,1,1,
121145284084,1,1,1,1,1,1,
121145784084,1,1,1,1,1,1,
121147284084,1,1,1,1,1,1,
121148284084,1,2,1,1,1,1,
121150284084,1,2,1,1,1,1,
121153784084,1,2,1,1,1,1,
121156284084,1,1,1,1,1,1,
121156784084,1,1,1,1,1,1,
121157284084,1,1,1,1,1,1,
121158284084,1,1,1,1,1,1,
121159284084,1,1,1,1,1,1,
121160284084,1,1,1,1,1,1,
121160784084,1,1,1,1,1,1,
121161284084,1,2,1,1,1,1,
121162284084,1,1,1,1,1,1,
121162784084,1,1,1,1,1,1,
121163284084,1,1,1,1,1,1,
121163784084,1,1,1,1,1,1,
121164784084,1,1,1,1,1,1,
121166784084,1,1,1,1,1,1,
121167784084,1,1,1,1,1,1,
121170784084,1,1,1,1,1,1,
121172284084,1,1,1,1,1,1,
121172784084,1,1,1,1,1,1,
121173784084,1,1,1,1,1,1,
121174784084,1,1,1,1,1,1,
121175284084,1,1,1,1,1,1,
121175784084,1,1,1,1,1,1,
121176284084,1,1,1,1,1,1,
121176784084,1,1,1,1,1,1,
121177284084,1,1,1,1,1,1,
121177784084,1,1,1,1,1,1,
121178284084,1,1,1,1,1,1,
121179784084,1,2,1,1,1,1,
121181784084,1,1,1,1,1,1,
121182784084,1,1,1,1,1,1,
121183284084,1,1,1,1,1,1,
121184784084,1,1,1,1,1,1,
121187784084,1,2,1,1,1,1,
121191284084,1,2,1,1,1,1,
121191784084,1,1,1,1,1,1,
121192284084,1,1,1,1,1,1,
121192784084,1,1,1,1,1,1,
121193284084,1,1,1,1,1,1,
121194284084,1,1,1,1,1,1,
121196284084,1,2,1,1,1,1,
121196784084,1,2,1,1,1,1,
121198284084,1,1,1,1,1,1,
121198784084,1,2,1,1,1,1,
121199284084,1,1,1,1,1,1,
121199784084,1,2,1,1,1,1,
121200784084,1,1,1,1,1,1,
121201284084,1,2,1,1,1,1,
121201784084,1,2,1,1,1,1,
121202784084,1,1,1,1,1,1,
121204784084,1,2,1,1,1,1,
121206284084,1,1,1,1,1,1,
121206784084,1,1,1,1,1,1,
121207784084,1,2,1,1,1,1,
121208284084,1,1,1,1,1,1,
121209284084,1,2,1,1,1,1,
121210284084,1,1,1,1,1,1,
121211284084,1,1,1,1,1,1,
121211784084,1,1,1,1,1,1,
121212784084,1,1,1,1,1,1,
121213284084,1,1,1,1,1,1,
121213784084,1,1,1,1,1,1,
121214784084,1,1,1,1,1,1,
121215784084,1,2,1,1,1,1,
121217284084,1,2,1,1,1,1,
121217784084,1,1,1,1,1,1,
121218284084,1,1,1,1,1,1,
121218784084,1,2,1,1,1,1,
121219284084,1,1,1,1,1,1,
121219784084,1,1,1,1,1,1,
121220284084,1,1,1,1,1,1,
121220784084,1,2,1,1,1,1,
121221284084,1,2,1,1,1,1,
121221784084,1,1,1,1,1,1,
121222784084,1,1,1,1,1,1,
121224784084,1,1,1,1,1,1,
121227284084,1,1,1,1,1,1,
121227784084,1,2,1,1,1,1,
121228284084,1,1,1,1,1,1,
121229284084,1,1,1,1,1,1,
121229784084,1,1,1,1,1,1,
121231284084,1,1,1,1,1,1,
121231784084,1,1,1,1,1,1,
121232284084,1,2,1,1,1,1,
121233284084,1,1,1,1,1,1,
121233784084,1,1,1,1,1,1,
121236284084,1,2,1,1,1,1,
121237784084,1,1,1,1,1,1,
121238784084,1,1,1,1,1,1,
121239284084,1,1,1,1,1,1,

