,W-0,R-0,R-1,R-2,R-3,R-4,
121364767910,4694,22264,7248,9465,9962,13923,
121366267910,1504,1748,3164,5043,7162,9055,
121367267910,2780,1643,3250,5004,7206,9785,
121368267910,2544,2550,3182,5076,7062,9018,
121369267910,1764,1632,3032,4935,7030,9081,
121369767910,1558,1702,2876,4922,7059,8865,
121370267910,2180,1845,3192,5066,6905,8893,
121370767910,1276,1576,2917,4850,7014,8864,
121371267910,2929,2020,3302,4933,6890,11310,
121371767910,1810,1538,2857,4821,7274,8867,
121373267910,1702,1559,2937,4972,6973,8985,
121374267910,1389,1688,2976,5047,6919,8919,
121374767910,2538,1572,3033,4874,7025,9620,
121375267910,1838,1625,3048,5139,7051,9033,
121375767910,37858,38078,39298,38847,38599,39176,
121376267910,1878,1555,3270,5495,6916,8946,
121376767910,2199,1707,3285,4961,6928,8990,
121377267910,1548,1908,2901,5085,7055,9273,
121378267910,1787,1555,3166,5088,7375,9179,
121378767910,1458,12361,2902,4950,7042,9182,
121379267910,1749,1392,3033,4854,6908,8849,
121379767910,1645,12367,2916,4980,6960,9022,
121380767910,1269,1808,3289,4829,6941,9130,
121381767910,1474,11883,2959,4951,6919,9066,
121382267910,1469,12053,2969,4934,7511,8851,
121384267910,2363,1887,2884,4923,6991,9452,
121384767910,1480,1346,2721,4825,6885,8846,
121385267910,1477,12135,3009,4981,6941,9076,
121385767910,1851,1569,2978,5084,6930,8833,
121386267910,1834,1973,3137,4965,7072,9011,
121388767910,1254,1630,2825,5034,6958,9332,
121389767910,1468,11978,3533,5072,6889,9157,
121390267910,1355,11867,2875,4850,6761,8766,
121390767910,1689,1461,3078,4998,7421,9265,
121391267910,1647,1342,2886,4822,6879,9046,
121391767910,1375,1609,3007,4818,6845,9158,
121392767910,13617,1456,3076,4956,6869,8878,
121393267910,1832,1324,2907,4870,7281,8921,
121393767910,1539,1357,2808,4761,6912,8832,
121395767910,5422,1424,2844,4977,6963,8828,
121396267910,1380,11865,2916,4783,6842,8935,
121397767910,2025,12031,2964,4887,6871,8890,
121398267910,1621,1431,3024,4869,6810,8990,
121398767910,5933,2089,3457,4870,7278,9434,
121399267910,1449,12080,2801,4914,6878,8813,
121400267910,1584,12034,2894,5019,7008,8820,
121401767910,1569,11825,2970,4911,6858,8886,
121402267910,1574,12030,2810,4775,7443,8863,
121402767910,1089,1387,2994,4825,6751,8794,
121403767910,21873,1376,2998,4825,6837,8806,
121405267910,1653,13024,3388,4803,6882,8836,
121406267910,1315,12177,2781,4798,6800,8901,
121407767910,1854,1485,2879,5005,6853,8875,
121408267910,3468,12292,3809,4747,6836,8857,
121409267910,1625,1338,2892,4836,11021,12142,
121409767910,1736,1563,2902,4891,6842,9051,
121411267910,3413,1610,2943,4820,6834,8999,
121411767910,1496,1319,2838,4781,6771,8901,
121412267910,1539,1314,3062,5015,6839,8915,
121412767910,12391,1367,3146,5007,7021,9045,
121414767910,1598,11919,3015,4822,7018,9265,
121416767910,9469,1627,3486,5081,6885,9083,
121417267910,1437,11995,3207,4777,6771,8856,
121418767910,1719,1368,3078,4774,6744,8867,
121420267910,1636,1368,3015,4809,6838,8850,
121422767910,1374,11645,2758,4961,6839,8747,
121423267910,10943,1425,2774,4730,6863,8718,
121424267910,1346,1578,2782,5064,6823,8806,
121424767910,3324,1486,3407,4737,6945,8798,
121425267910,1169,1358,2911,4830,6770,8891,
121426267910,6682,1267,2762,4739,7055,8782,
121428767910,1293,1471,2849,4951,6909,8737,
121429267910,1626,1348,3146,4775,6852,9668,
121430267910,1349,1555,2758,4746,6869,8808,
121430767910,1654,1316,2876,4800,6857,8932,
121431267910,43010,1236,3000,4937,6970,8779,
121431767910,29949,31360,30494,31046,30885,30722,
121433767910,1675,1363,2930,4878,7398,8899,
121434767910,2188,1843,3268,4918,6829,8924,
121437267910,2295,1412,2785,4834,6885,9004,
121438267910,1215,1363,2898,4809,6766,8840,
121438767910,1480,1245,2850,4765,6747,8901,
121441267910,18059,18382,18797,19169,19031,18921,
121441767910,1393,1598,3000,4902,6787,8765,
121442767910,1221,1440,2749,4815,6725,8844,
121445267910,1581,12147,2991,4886,6817,8781,
121446767910,1960,1776,3044,4841,6950,9053,
121447267910,1315,1485,2754,4879,7646,8864,
121447767910,1216,1400,2810,4726,6749,8848,
121448267910,5846,17136,6726,6145,7088,8846,
121448767910,1332,11794,2848,4895,6986,9031,
121449267910,2590,11749,2991,4797,6851,8826,
121449767910,1218,1353,2924,4763,6714,9009,
121451267910,1574,12341,2993,4807,6947,9209,
121451767910,1321,1467,2814,4789,6802,8868,
121452267910,1447,1226,2839,4756,6840,8975,
121454767910,1716,12074,3017,5214,7036,9149,
121455267910,9445,11775,3149,4782,6843,9212,
121456267910,1311,1496,2914,4770,6754,8722,
121457267910,1506,1279,2945,4738,6742,8999,
121457767910,1784,12534,2914,4823,6852,8818,
121458267910,1142,1325,3530,5470,6923,9040,
121458767910,1437,1217,2865,4809,7415,8760,
121461267910,11236,1369,3129,4835,6911,8865,
121463267910,1368,1504,3256,4876,6957,8766,
121463767910,1417,1210,2879,4742,6761,9326,
121464267910,62418,71922,72163,71712,71714,71582,
121464767910,1235,1424,2984,5019,6880,8867,
121465267910,1147,1330,3298,4972,7008,9266,
121465767910,1272,1472,2980,4872,6808,8852,
121467267910,1494,1374,2993,5693,6877,8763,
121468267910,1740,1410,2884,5134,6942,9002,
121468767910,1425,1321,2793,4770,6782,9254,
121469267910,1211,1408,2913,4778,6718,8881,
121469767910,43242,1561,2877,4795,6875,8853,
121471267910,1221,1372,2806,4853,6720,8778,
121471767910,2741,11907,3148,4767,10056,9670,
121472767910,1360,11688,2813,4933,6972,9412,
121474767910,1234,1380,2916,4876,6898,8959,
121475767910,37290,12364,3217,5247,7161,9166,
121476767910,1730,12238,2756,4940,6745,8877,
121477767910,1508,1286,2866,4821,10325,10449,
121478267910,2440,1834,3282,5129,7024,9590,
121479767910,1831,1672,3018,4701,6914,8870,
121482267910,1640,1768,3138,4761,6875,8931,
121483267910,1774,12340,2967,4896,6915,8904,
121485767910,1399,11771,2945,4968,6779,8745,
121486267910,1264,1501,3203,5070,6986,9076,
121486767910,1074,1277,3382,4733,6803,8893,
121487267910,1551,1407,2898,4802,6694,8743,
121488767910,198867,1311,3039,4952,6996,8906,
121489267910,127006,128201,128379,128593,128722,128484,
121489767910,1567,1425,2995,4864,6919,8801,
121491767910,1421,1226,2989,4893,6773,8739,
121493267910,1626,1343,2764,4873,6780,8847,
121493767910,274416,1579,2995,4895,6928,8908,
121494267910,4435,1307,3170,5224,6766,8935,
121494767910,1258,11782,2826,4794,6778,8903,
121495267910,1263,1415,2917,4924,6773,9547,
121495767910,1508,11797,2887,4783,6875,8825,
121496267910,1208,1350,2847,4861,6924,8944,
121497767910,1448,1313,2708,4742,6841,8770,
121498767910,5264,5768,5911,6145,6945,8980,
121499267910,1141,1332,3025,4922,6695,8725,
121499767910,1241,1424,2927,4878,6988,9005,
121500267910,4241,1460,2826,4871,7016,9223,
121501267910,1480,12525,3168,4940,6916,9222,
121502267910,13849,14082,14280,14401,14873,15068,
121503267910,1652,12564,2785,7648,7822,9742,
121503767910,1226,1393,2896,4992,7311,8954,
121504267910,1422,12030,2979,4886,7072,8887,
121506767910,1409,11754,3060,4763,6843,8774,
121508767910,13669,1349,2905,4809,7361,8744,
121510267910,1803,1963,2825,4734,6811,9232,
121512267910,1712,12237,3140,4945,6930,9087,
121512767910,11677,12221,2929,4918,6790,8845,
121513767910,1038,1338,2825,4786,6718,8806,
121514767910,1483,1334,2924,4738,6879,8972,
121515267910,1584,1440,2811,4729,6719,8803,
121515767910,1628,1398,2795,5238,7255,8837,
121518267910,1193,1402,2818,4768,6777,8850,
121519267910,1325,1498,3289,4867,7003,8860,
121520767910,6295,1438,3006,4877,6932,8751,
121523267910,1192,1341,2954,4819,6907,8833,
121524767910,1435,11964,3186,4831,6857,8779,
121526267910,1293,1467,2952,4808,6765,8917,
121527767910,1434,11727,2824,4732,6912,8926,
121529267910,7807,11818,2749,4999,6903,8985,
121529767910,1272,1561,2820,4903,7014,9138,
121530267910,1761,1616,2867,4772,6747,8929,
121530767910,1359,11774,2871,4844,6802,8929,
121531267910,1748,1549,3011,4885,6850,8938,
121532267910,1281,1595,2849,4806,6755,8760,
121532767910,1608,12050,2921,4811,6764,8846,
121533267910,1329,2443,2838,4791,6719,8738,
121534267910,5021,1320,2840,5161,6841,8765,
121536267910,1621,1492,2889,4787,6753,8750,
121537267910,1210,1403,3042,4939,6930,9069,
121540267910,1666,11876,2973,4812,6861,8844,
121540767910,1449,11990,2772,4799,7048,9048,
121541767910,1083,1371,2932,4827,6834,8826,
121543267910,1503,11629,3011,4731,6855,8722,
121543767910,1449,12278,2893,4931,7193,8848,
121544267910,1686,1579,2706,5189,6747,8831,
121544767910,1473,12053,3009,4856,6962,8858,
121545767910,1555,1335,2940,4950,6976,9169,
121546767910,1205,1447,2777,4980,6818,8730,
121547267910,1329,11998,2945,4852,6900,8856,
121548267910,9697,11753,3206,4785,6966,9828,
121549767910,2738,2597,3020,4853,6757,8802,
121550267910,1239,1399,2892,4788,6774,8904,
121551267910,1402,11893,2898,4794,6754,8785,
121551767910,1372,11914,2838,4927,6776,8761,
121552267910,1587,11871,2887,4734,6771,8825,
121552767910,1502,11683,3433,4859,6859,8901,
121554767910,1218,1563,2871,4800,6738,8844,
121555267910,2664,1621,3072,4907,7227,8869,
121556767910,1486,12047,2941,4995,7031,8823,
121557267910,1307,1473,3005,4870,6857,8859,
121557767910,1784,1209,2899,4863,6893,8789,
121559767910,6852,1186,2676,4797,7428,9034,
121560767910,2727,12360,2918,4863,7068,9228,
121564767910,1596,1389,2925,4857,6827,9328,
121565267910,1573,12036,3193,4903,7133,8962,
121566267910,1664,1429,2865,4946,6880,8776,
121566767910,1308,1500,2769,4738,6839,8808,
121567767910,1552,12331,2869,4880,7457,9145,
121568267910,1398,11800,2989,4923,6887,8825,
121568767910,1240,1507,2756,4720,6680,8835,
121569767910,1311,1572,2994,4852,6995,8831,
121570267910,1159,1417,2941,4708,6712,8841,
121571767910,6693,1544,3031,5065,7140,8828,
121572267910,1505,1295,2870,4703,7260,8813,
121573767910,1867,1689,2928,4798,6949,8947,
121574267910,1762,12194,2952,4801,7526,8798,
121574767910,1293,1582,2863,5004,7151,9050,
121575767910,4503,11884,2940,4841,6991,8892,
121576767910,1425,11936,2862,4724,6834,8988,
121578267910,1423,1622,2751,4955,6888,8789,
121579267910,1277,1482,2740,4770,6862,8843,
121581267910,1814,1589,2952,4905,6987,8802,
121581767910,2358,1920,2853,5032,6948,8974,
121582267910,1382,1244,2984,5060,6781,8722,
121582767910,1194,1404,2838,4756,6744,8822,
121583767910,1359,1646,3141,4910,6950,8890,
121584267910,1602,1374,2797,4804,6733,8876,
121584767910,1408,1209,2997,4785,6846,8890,
121585267910,39532,1408,2900,4834,6728,8710,
121585767910,1839,1589,3148,4769,6988,8979,
121586267910,1228,1411,2875,4806,6879,8772,
121588267910,1481,1325,2838,4795,6721,8812,
121589267910,1541,11696,2967,4996,6901,8877,
121590767910,33274,1322,2901,4802,6731,8842,
121593267910,1466,11862,2864,4888,7587,8732,
121593767910,1372,1184,3006,4781,6722,8747,
121594267910,2124,2200,3220,5061,7017,9253,
121595767910,13963,12781,2929,4778,6756,8798,
121596267910,13428,1672,2844,4790,6866,8841,
121597267910,1492,11827,2846,4741,6794,8792,
121598267910,1237,1539,3309,4857,6838,8797,
121598767910,1452,11737,2827,4835,6788,8809,
121599267910,10253,11917,3055,4851,6934,9261,
121599767910,1444,12251,2963,4879,6879,8970,
121600267910,1734,11933,2976,4883,7274,8740,
121600767910,1594,1379,2788,4750,6755,9007,
121601267910,1165,1361,3447,4837,6795,8774,
121601767910,1317,11774,2870,4844,6935,8831,
121602267910,1414,11886,3264,4767,6841,9201,
121602767910,1231,11470,2931,4806,6688,8729,
121603767910,1217,11662,2919,5035,6789,8822,
121604267910,1776,1487,3072,4974,6978,9268,
121604767910,1613,1448,2909,4815,6836,12908,
121605767910,9370,11736,2955,4920,6981,8996,
121606267910,1342,11787,3139,4941,6854,8938,
121607267910,1658,1899,2921,8594,9009,9243,
121607767910,4415,1434,2921,4928,6935,8744,
121608267910,1549,1315,2778,4842,7358,9221,
121608767910,1357,1488,2938,4799,6803,8803,
121609767910,1597,1352,2718,4799,6774,8707,
121610267910,1070,1343,3284,4749,6823,8779,
121610767910,1438,1305,3127,4853,6841,8800,
121611267910,1088,1312,2818,4937,6854,8913,
121613767910,1356,1575,2788,5200,6855,8774,
121614267910,4987,4455,4654,4817,6841,8730,
121616267910,1303,1571,2815,4745,6895,8795,
121618767910,8486,11859,2952,4832,6976,9040,
121622267910,1460,11722,3037,4805,6863,8864,
121622767910,1276,11439,2790,4758,6754,8686,
121624267910,12844,12220,2938,4833,6723,8742,
121624767910,1594,1367,3045,4936,6772,9033,
121625267910,1531,1369,2877,5012,6958,8834,
121626767910,1623,1499,2900,4950,6991,8913,
121627267910,1497,11848,2982,4907,6882,8877,
121628267910,1447,1649,2910,4775,6791,8870,
121629267910,92169,1488,3186,4763,6853,8774,
121629767910,1470,11722,3228,4765,6808,8760,
121630267910,1501,1389,2875,4743,6950,8914,
121630767910,1219,1385,2851,4876,6820,8899,
121632267910,1462,1322,2826,4730,6826,8982,
121633267910,1626,1406,2756,4789,6965,9081,
121633767910,1570,1364,2987,4954,6850,8738,
121634767910,2436,2396,2865,4980,6816,8932,
121635767910,1399,1887,2867,4777,6851,8839,
121636267910,31370,12072,2823,5411,6861,8826,
121636767910,1494,1337,2940,4810,6742,8738,
121639767910,1077,1399,3073,4828,6839,8939,
121640767910,1302,1496,2939,4830,6854,8938,
121642267910,7424,12087,3069,4927,7175,9057,
121643267910,1897,1727,2917,5173,6996,8852,
121644267910,22954,1444,2851,4740,6860,8788,
121645767910,1602,1354,3133,4865,6946,8737,
121646267910,11180,12481,3176,5431,6779,8845,
121646767910,9900,1258,2852,4815,6901,8916,
121649267910,1722,11869,3075,4824,6951,8955,
121649767910,1133,1355,2907,4838,6888,8857,
121651267910,300000,1727,3175,4932,7166,9064,
121651767910,1457,1316,3318,4822,6915,9676,
121652267910,300000,1483,2894,4857,6738,8882,
121653767910,49644,1432,2958,5009,8218,9880,
121654267910,1052,2124,2680,4804,6774,9277,
121654767910,1258,1993,3869,4756,6687,8730,
121655767910,95031,2195,3308,5163,7056,8752,
121658767910,1331,1483,2799,4721,6969,9032,
121659267910,14055,1330,2949,4832,6785,8739,
121660267910,1557,1871,2827,4902,6833,8671,
121660767910,1477,12562,3155,4814,6766,8841,
121662267910,1163,1327,2872,4825,6867,9258,
121663267910,1539,1378,2895,4863,7004,8797,
121664767910,4085,11619,2862,4964,6862,8756,
121665267910,1509,12149,2801,4863,6815,8819,
121665767910,1241,11698,2928,4779,6936,9024,
121668267910,9284,1396,2793,4780,6811,8742,
121669267910,49422,11478,2762,4812,6721,8677,
121669767910,119605,12500,3375,4928,6739,8939,
121670767910,3241,1348,2812,4807,6889,8966,
121673767910,1203,1837,2725,4759,6896,8823,
121674267910,1455,1676,2952,4850,6899,8762,
121675267910,1548,1312,2804,4763,6823,8831,
121676767910,1931,12901,2814,4731,6860,8816,
121678767910,1374,11821,3050,5161,7139,8952,
121679267910,1267,1452,2917,4872,6961,8787,
121680767910,1620,1383,3126,4863,6805,8749,
121681767910,1409,1590,2888,4758,6901,8934,
121682267910,2719,2513,3460,4939,7021,8925,
121683267910,1241,1380,2933,4681,6717,9068,
121685267910,2122,11725,2820,4825,6814,8809,
121685767910,1149,1372,2703,4794,7191,8762,
121687267910,44338,55458,55362,54762,54932,55012,
121687767910,2483,12039,3219,4934,7086,8924,
121688767910,8470,1297,2808,4772,7061,8754,
121690267910,1318,11663,2806,4841,6852,8851,
121691267910,1610,12277,2883,4921,6908,9211,
121693267910,1484,1374,2992,4883,6801,8930,
121693767910,1411,1290,2731,4908,6892,8964,
121694267910,1154,1633,2946,4858,6845,8837,
121695267910,1573,1322,2821,4749,6749,8704,
121697767910,1455,1268,3019,4869,7075,8830,
121703767910,1402,11942,2814,4784,6827,8713,
121704267910,1166,1327,2752,4754,6822,8768,
121705267910,1841,12147,2868,4759,6903,8880,
121705767910,1372,12002,2876,5001,6792,8954,
121708767910,1420,1237,2748,4736,6750,8685,
121710267910,1433,11896,3208,4675,6783,8853,
121710767910,9990,1444,2937,4788,6809,8709,
121711267910,1338,23541,2975,4773,6721,8965,
121711767910,1171,1343,3155,4827,6826,8976,
121712267910,1705,1790,2868,4899,7068,8865,
121712767910,2376,1980,2795,4677,7278,8793,
121715267910,1038,1389,3945,4792,6951,8737,
121717267910,1624,12044,2841,4642,6725,8777,
121717767910,1412,1233,3042,4910,6725,8997,
121718767910,1747,1419,2804,4893,6987,8982,
121719267910,1430,1347,2891,4838,6918,8793,
121719767910,1435,1318,2863,4720,6649,8750,
121720267910,1433,2511,2974,4897,6786,10273,
121720767910,72973,1333,2866,9759,9409,8939,
121721767910,1476,11815,2882,4706,6685,8744,
121722267910,1206,1351,2967,4767,6798,8964,
121722767910,1764,11706,2880,5245,6830,8845,
121723767910,1284,1577,2904,4884,6878,9244,
121724267910,1263,1488,3209,4986,6830,9016,
121724767910,1646,11846,2980,4841,6979,8857,
121726767910,1240,1533,2938,4804,6949,8826,
121728267910,1613,12289,3041,4682,6731,8833,
121728767910,1219,11452,2769,4681,6761,8745,
121729767910,1570,1357,2736,4809,6724,8810,
121730267910,1563,1413,3202,4951,6944,9065,
121731767910,1531,11920,2849,4880,6976,8720,
121732767910,1567,11980,2703,4643,6693,9185,
121734267910,1536,12411,2750,4800,6892,8781,
121735267910,1448,12209,2813,4743,6708,8820,
121735767910,9770,11438,2762,4753,6687,8795,
121736267910,1984,1808,2851,4800,6910,8730,
121738767910,1489,11852,3466,4819,6803,8936,
121739267910,1192,1441,2881,4669,6718,8733,
121740267910,13089,1137,2835,4790,6717,8728,
121740767910,1478,1296,2834,4736,7468,8832,
121742267910,1190,1490,3011,4785,7058,8834,
121743267910,1080,1329,2988,4881,7485,8739,
121745267910,1987,12400,2777,4905,6827,8827,
121748767910,1214,1282,3405,4791,6829,8705,
121751267910,980,1239,2733,4762,6808,8710,
121751767910,1420,1243,2873,4881,7462,8978,
121752267910,42758,995,3606,4958,6854,8817,
121753267910,1391,1615,2752,4814,6819,8771,
121754267910,1494,11693,2852,4839,7533,8687,
121755267910,1403,1584,2827,4742,6957,9044,
121755767910,5633,1160,2880,4991,7327,8721,
121756267910,1426,11799,2820,4668,6794,9330,
121757267910,1430,1294,2773,4718,6741,8710,
121757767910,1316,11632,2858,4829,6869,8772,
121758267910,4756,15170,4576,4920,7045,8808,
121758767910,1574,11880,3527,4869,6772,8718,
121759767910,1227,1427,2863,4711,6722,8906,
121761767910,1363,11654,2903,4763,6815,8862,
121762767910,9271,1545,2954,5026,6872,8863,
121765767910,9349,1239,3234,4977,7027,8887,
121767267910,1236,11537,2835,4846,6739,8679,
121767767910,1236,1420,2792,4864,6778,8802,
121768767910,1665,12174,2871,4837,6668,8726,
121769767910,1365,11861,2830,4783,6843,8801,
121770267910,1950,1831,2958,4782,7174,8878,
121770767910,2954,1446,2971,4752,6720,8757,
121771267910,1777,11974,2878,4838,6730,8784,
121771767910,1822,1357,2777,4829,6829,8784,
121772267910,2600,12492,3327,4843,6760,8832,
121772767910,1088,1332,2866,4877,6702,8832,
121773267910,3685,11442,2840,4688,6797,8701,
121774767910,1768,1447,2808,5053,6921,9237,
121776767910,1200,1364,2833,4789,6825,8830,
121777767910,1350,11824,2693,5035,6723,8721,
121778267910,1341,11660,2862,4817,6745,8779,
121779767910,174558,12059,3060,4921,7031,9149,
121782767910,1343,1077,2888,4905,6757,8825,
121786267910,141595,1645,2811,4998,7028,9005,
121786767910,1923,1797,2949,4800,6966,8732,
121787267910,1400,1220,2913,4928,6660,8833,
121787767910,7125,12391,2950,4826,6887,8942,
121788267910,1156,1411,2752,4797,7144,8875,
121789267910,1150,1484,2694,4736,7206,8782,
121791267910,300000,11839,2923,4814,6934,9003,
121791767910,70775,81689,80021,74530,74397,77827,
121793267910,1499,1374,2817,4777,6915,8808,
121793767910,1023,1285,2883,4845,6802,8677,
121794267910,1578,1427,2851,4913,6903,8923,
121794767910,12242,1606,3429,4968,6889,8753,
121795767910,1380,2804,3306,4821,6872,9326,
121796267910,1190,1360,2816,4859,6736,8761,
121796767910,1650,1503,2973,4809,6683,8831,
121797767910,1276,1414,3006,4839,6872,9077,
121799767910,231341,1268,2677,4793,6921,9047,
121801267910,12793,11880,3033,5022,7498,8835,
121801767910,4480,1072,2838,4926,6712,8782,
121802767910,1597,11925,2862,4890,6849,8862,
121803267910,1013,1276,2790,4690,6707,8637,
121804267910,2594,12206,3007,5026,6936,8847,
121805267910,1370,11677,2837,4825,6790,8755,
121806267910,7796,11676,2894,5155,6811,8723,
121806767910,1313,12182,2821,4895,6786,8791,
121807767910,10065,11569,2855,4702,6808,8693,
121808267910,1465,11596,2881,4736,6735,8700,
121808767910,1365,11775,2755,4748,6886,8862,
121809767910,13738,11816,2845,4827,6803,8802,
121810767910,1847,11826,3065,4858,6943,9190,
121812267910,1310,1472,2854,4827,6777,8726,
121812767910,4711,15267,5817,4865,7384,8715,
121813267910,1004,1264,2958,4889,6861,8762,
121813767910,5801,1327,2870,4931,7223,8826,
121814267910,1009,1313,3369,4695,6829,8846,
121814767910,1266,1472,2890,4815,6812,8713,
121815267910,1275,11753,2937,4784,7297,8820,
121815767910,1075,1263,4487,4824,6775,8693,
121816267910,1323,1240,2770,4866,6741,8698,
121816767910,1225,1419,2855,4791,6755,8735,
121817767910,1334,1567,2939,4773,6679,8689,
121819767910,2425,12671,2955,4840,6730,8804,
121822267910,1253,11450,3046,4808,6879,8777,
121822767910,1962,1692,3013,4770,6800,8812,
121823267910,11787,1362,3274,4914,6730,8801,
121824267910,1367,1285,2786,4680,6783,8790,
121824767910,1404,11681,2848,4696,6726,8772,
121826267910,1465,11600,2853,4736,6851,8751,
121826767910,1422,1331,2849,4786,6825,8753,
121827267910,1453,1360,2993,5635,6926,8680,
121828267910,7661,12232,2777,4789,6895,9041,
121828767910,1266,11436,2951,4818,6767,8797,
121831267910,1810,1488,3000,4862,6797,8723,
121832767910,1461,1381,2802,4700,7033,8965,
121833767910,1214,1457,2956,4910,6706,8738,
121834267910,1250,1432,2804,4797,6977,8758,

