,W-0,R-0,R-1,R-2,R-3,R-4,
119580568487,5921,10695,23897,26062,10067,12977,
119582068487,3340,14953,14660,5098,7090,10774,
119583068487,1459,12836,3064,5050,7500,9225,
119584068487,1578,12218,2936,5037,6932,8893,
119585068487,1861,11759,2967,4827,6949,8853,
119585568487,1716,12428,13859,4930,17940,9073,
119586068487,1598,23223,3006,26815,6962,8964,
119586568487,219021,12923,14190,49922,18131,9198,
119587068487,1577,12248,2999,4925,6890,8878,
119587568487,1564,12260,2830,4931,7111,9019,
119589068487,1841,12484,25817,4997,7036,20044,
119590068487,1796,12411,2954,5347,7021,9050,
119590568487,6504,11978,13718,5022,6910,9102,
119591068487,1838,13249,2875,4886,6867,9077,
119591568487,1983,12578,3303,5067,7008,9179,
119592068487,1729,11939,2907,4798,7002,9175,
119592568487,2874,13860,3153,4905,7138,9044,
119593068487,1611,12308,3051,5262,6971,8923,
119594068487,1371,12406,2831,4980,6904,8843,
119594568487,1836,12395,3226,5014,6978,8819,
119595068487,1362,1666,13805,5223,6814,9020,
119595568487,1739,12165,3333,4921,6822,9044,
119596568487,6689,12844,13957,15984,17961,8971,
119597568487,1656,12051,2849,4787,6950,9095,
119598068487,1306,1659,3769,5088,6883,8770,
119600068487,2047,12168,2928,4863,6918,8821,
119600568487,1626,12247,2831,4864,6824,9378,
119601068487,1780,12455,3159,4874,6972,8973,
119601568487,1849,13058,2996,5022,7028,9432,
119602068487,1733,12368,13828,4924,6916,8868,
119604568487,1858,12035,3214,4920,6828,8761,
119605568487,1373,12001,3171,4868,6987,8824,
119606068487,1082,12505,2890,4863,6899,9023,
119606568487,1268,34152,13992,15960,6930,19684,
119607068487,1502,12636,13923,4922,6957,8918,
119607568487,2387,12139,2975,4900,6892,9014,
119608568487,1557,12192,2914,15745,6988,8990,
119609068487,3378,12286,14011,15903,6920,8770,
119609568487,1411,1728,3077,5294,6816,9885,
119611568487,1397,11854,13805,4904,7662,8858,
119612068487,1564,12342,2820,4892,6849,8835,
119613568487,1900,11922,2920,5159,18194,8917,
119614068487,1626,1331,3134,4803,6894,8813,
119614568487,1417,12204,2874,4787,7302,9057,
119615068487,145054,12221,3034,16123,7322,8991,
119616068487,1766,1412,14007,5097,6928,8882,
119617568487,7723,12681,2781,4924,7366,8797,
119618068487,1573,11940,3046,5038,6973,9109,
119618568487,1407,12101,2786,4918,6865,9005,
119619568487,1672,12445,2997,5178,6955,9234,
119621068487,1405,11994,3664,4829,7043,8852,
119622068487,1232,11756,3103,4834,6871,8982,
119623568487,1427,12350,24499,15666,18106,8926,
119624068487,1775,12423,2952,4880,7049,9019,
119625068487,2508,12298,3204,4874,6837,8852,
119625568487,1784,1170,14048,4959,6802,8859,
119627068487,1502,12320,14055,4927,6983,8955,
119627568487,1279,12006,3023,4830,6810,8834,
119628068487,1240,1490,3049,5030,6928,9327,
119628568487,1428,12115,13966,4960,7086,8853,
119630568487,1457,11955,3052,4802,6997,8813,
119632568487,1495,11876,14056,4907,6895,8974,
119633068487,1427,12097,2853,5016,6951,8904,
119634568487,1586,12297,13909,15745,6920,8781,
119636068487,2037,12297,2884,4851,6859,8829,
119638568487,1717,12438,2808,4802,6762,8886,
119639068487,1329,1478,13637,4953,6777,8692,
119640068487,1312,11705,2704,4796,6808,8831,
119640568487,1628,12238,3144,4828,7254,9023,
119641068487,11900,12061,2837,4699,6811,8845,
119642068487,1363,1719,2955,4766,17731,8965,
119644568487,1318,11809,2824,4710,6752,8874,
119645068487,1287,1790,3190,4977,7013,9309,
119646068487,1437,1203,3046,5245,7086,9076,
119646568487,1461,11975,13638,4926,6875,9007,
119647068487,1210,12655,2729,4727,6799,8727,
119647568487,9801,12231,13767,4836,7196,9026,
119649568487,1571,12041,2994,5128,7124,8874,
119650568487,1275,1394,3185,4747,7006,8978,
119653068487,1196,1408,2973,4839,6931,8985,
119654068487,1278,1575,3265,5068,6817,8784,
119654568487,9811,12271,2873,4771,6751,10030,
119657068487,187391,1384,2725,4745,7042,8910,
119657568487,1793,12428,13597,5034,6771,8682,
119658568487,1136,12234,2835,4792,6825,8808,
119661068487,1281,1432,2773,4715,7055,8740,
119662568487,1620,12173,2986,5028,6765,8959,
119663068487,1117,12034,3137,4804,6792,8737,
119663568487,1257,11865,3011,5119,6806,8891,
119664068487,1506,1220,2887,4906,6842,8735,
119664568487,1283,1436,13639,15918,17561,8891,
119665068487,1426,1683,13673,4740,6866,8761,
119665568487,1233,11732,13428,4691,6638,8625,
119667068487,1406,12647,2849,4925,6873,19960,
119667568487,1560,12245,2914,4931,6933,9185,
119668068487,4585,12081,13938,5165,6876,8699,
119670568487,1855,11954,2964,4832,6862,8741,
119671068487,1254,1442,2867,4682,6733,8805,
119672068487,2506,1816,2823,4860,6782,8802,
119673068487,1605,1356,2905,4753,7001,9060,
119673568487,1720,12151,13687,4830,6881,8952,
119674068487,1420,12286,2814,4713,6824,8830,
119674568487,11679,22695,24864,4796,28679,30473,
119677068487,1704,11666,2740,4731,6894,8754,
119679068487,2871,12000,13738,5257,10143,10322,
119679568487,1423,12170,2962,4770,6904,8714,
119680068487,1463,12083,2818,4772,17677,8743,
119680568487,1458,1235,13810,4762,7019,9023,
119681068487,5424,12040,13613,4832,6697,8684,
119681568487,1333,12852,2839,4690,6739,9194,
119683068487,6115,12163,13621,4702,6841,8819,
119684068487,1643,11724,35077,5009,6767,8799,
119684568487,11620,14058,3075,4887,6829,8866,
119685068487,1301,11810,13691,5269,17737,8891,
119685568487,46280,11993,3253,4694,6768,8744,
119687068487,14387,1231,13738,4965,6813,8801,
119687568487,1371,12159,2744,4765,6960,8991,
119688568487,1381,1139,2760,4815,6800,8829,
119690568487,1133,12319,13651,15961,6825,8917,
119691568487,1510,11968,2904,4869,6974,8804,
119692568487,14823,12726,3018,4872,6987,8896,
119693568487,1401,11981,2862,4860,6869,8697,
119694068487,1447,33613,56615,69200,49709,19634,
119695568487,1238,1420,2705,4780,7051,8882,
119698068487,1587,12192,13667,4908,7093,8817,
119699068487,1118,11831,2952,4759,6954,8808,
119701568487,1391,11738,2996,5077,6743,8783,
119702068487,1257,11855,2873,4762,7875,8894,
119702568487,1348,11643,13643,4908,6873,8690,
119703068487,1381,1175,2806,4687,6770,8737,
119704568487,1652,12165,2931,4784,7036,8825,
119705068487,1442,1715,5871,17501,6911,8664,
119705568487,1643,12230,13509,4814,6781,8844,
119707568487,1088,1350,2825,4796,6755,8738,
119709068487,1375,11479,13699,4855,6756,8794,
119709568487,1637,12323,2797,4880,17709,19656,
119710068487,1790,1473,13909,4957,6912,9038,
119710568487,2512,11776,3087,4753,6908,8726,
119711068487,2605,13340,13724,5209,7043,9327,
119711568487,1685,12564,13612,4884,6932,8771,
119712068487,42684,1672,3033,4893,6883,8772,
119713568487,1171,1296,2983,4812,7135,19501,
119714568487,1189,12086,13651,4752,6799,8804,
119715068487,6316,1370,14795,5203,7765,19930,
119715568487,1195,1398,2728,4851,6844,8754,
119716068487,1476,11640,2903,4852,7206,8819,
119717068487,1306,1678,3067,15847,38816,30194,
119718068487,1502,1353,2823,4746,7095,8807,
119719068487,1289,1475,3102,5038,6878,9003,
119719568487,2385,13355,2873,4885,6855,8823,
119720068487,1762,12012,13632,4837,6896,8794,
119722568487,1320,1633,2965,4789,6794,8895,
119724568487,1244,1439,2929,4979,7005,9064,
119726068487,1365,12130,3012,4895,6873,9078,
119728068487,1322,11991,24798,4733,6766,19563,
119728568487,1563,1289,3010,4861,6999,8919,
119729568487,7019,12590,13494,4868,6824,8741,
119730568487,1359,11965,13607,15640,6761,19583,
119731068487,1278,12022,2834,4832,6818,8732,
119731568487,1410,1269,2799,4837,6867,8772,
119734068487,1721,11725,13712,4762,6878,8790,
119735068487,2078,13172,3000,15875,7019,8785,
119736568487,1615,12402,2836,5054,6917,8959,
119739068487,1362,12131,2883,4885,6743,8759,
119740568487,1393,1633,3067,5062,6916,8961,
119742068487,1559,11930,2763,4804,6848,8788,
119743568487,1554,12119,13712,4905,6974,8978,
119745068487,1325,11979,2991,4991,6811,8739,
119745568487,1649,11996,3051,4896,17675,8905,
119746068487,33200,43845,43723,37701,44484,34174,
119746568487,1382,11919,2832,4756,7155,8815,
119747068487,1362,12006,2994,4867,6803,8862,
119748068487,56742,12135,13627,4781,6803,8751,
119748568487,1305,12113,13926,15600,6706,8787,
119749068487,12855,11911,2980,4851,6799,9336,
119750068487,61849,12668,13828,4999,6878,8809,
119752068487,1391,12056,3206,4794,6841,8803,
119753068487,1134,12160,3116,5081,6887,8905,
119756068487,1572,12163,2846,4758,7314,8889,
119756568487,8327,12294,3238,4872,6987,9380,
119757568487,1483,12714,13915,4788,17913,9463,
119759068487,1808,11949,2878,5179,6837,8715,
119759568487,1401,11882,13602,4755,6704,8761,
119760068487,2079,12175,3133,15665,6791,8821,
119760568487,1564,12284,2904,5081,17819,8965,
119761568487,2048,13009,3373,5137,7342,8846,
119762568487,7340,12009,2846,5054,7447,9127,
119763068487,1341,11966,2887,15616,17670,8878,
119764068487,11898,12806,3069,4825,6928,8866,
119765568487,1710,12308,2840,4788,6718,8850,
119766068487,1060,1363,2970,5318,6836,8907,
119767068487,1102,12235,2791,4830,6866,9018,
119767568487,1295,11823,2776,4825,6985,8910,
119768068487,1477,1888,2691,4830,6845,8768,
119768568487,1245,1450,13987,4774,7171,9011,
119770568487,1561,12207,2924,5045,6897,8888,
119771068487,11427,1727,2764,4706,6787,8738,
119772568487,1510,1358,13827,4820,6931,8868,
119773068487,1581,12294,2965,4825,6979,8803,
119773568487,131045,12140,2820,4868,6733,8788,
119775568487,7713,19907,17933,17799,7158,8971,
119776568487,1244,12303,2939,4858,6974,8986,
119780568487,1710,12311,3015,4924,6990,8906,
119781068487,1390,11635,2961,4871,6942,9005,
119782068487,8604,12508,13944,5149,7136,8806,
119782568487,1283,12291,2744,4736,7414,9258,
119783568487,1310,11882,3044,4833,6784,8909,
119784068487,1575,22617,35470,5124,6851,8910,
119784568487,1644,12339,3199,7803,8953,9122,
119785568487,1206,11720,2839,4852,6909,8839,
119786068487,1312,1456,3062,5071,6886,8791,
119787568487,1228,1408,3231,5056,6921,8737,
119788068487,1445,11842,2807,4700,7171,8817,
119789568487,1422,11945,2811,4777,6915,8870,
119790068487,1421,11936,2906,4828,6753,8692,
119790568487,1636,12225,3131,4718,6980,8922,
119791568487,12076,11651,2930,4769,6868,8975,
119792568487,1199,12172,2895,4992,6766,8931,
119794068487,1094,11915,2870,5132,6785,8823,
119795068487,8906,1504,14229,5013,6856,9117,
119797068487,1356,11939,3019,4915,7097,8842,
119797568487,1308,11933,3097,4838,6839,9190,
119798068487,1660,12623,13929,5031,7162,8860,
119798568487,1365,12121,2904,4951,6757,8977,
119799568487,1169,11965,13877,4891,39797,19728,
119800068487,1630,12679,2846,15669,6924,19594,
119800568487,1382,12262,2852,4829,6751,9152,
119801068487,1248,12003,2946,4877,6759,8867,
119801568487,1866,12172,2884,4852,6798,9176,
119802068487,1333,11848,2955,4863,6758,8800,
119804068487,1205,22628,57361,4745,17724,19750,
119805068487,7963,11990,13867,5130,7256,8930,
119806568487,11049,12143,3064,4904,6869,9370,
119809068487,1272,1485,3064,5067,6847,8830,
119809568487,7460,17002,17928,17676,18076,20757,
119810068487,1282,11818,13452,4756,6826,8721,
119811568487,1349,11781,2904,5016,6948,8829,
119812068487,1505,12188,2990,15831,6884,8974,
119813068487,1616,1746,2852,4859,6723,8719,
119814068487,1667,12173,3312,4853,6995,8905,
119814568487,1118,1425,13486,4728,6754,8733,
119815068487,1184,12127,13791,5062,7234,8751,
119815568487,1643,11684,3022,4786,6780,8996,
119816068487,1693,1177,14141,4828,6831,8808,
119816568487,1443,1255,13685,4974,17963,8853,
119817068487,1202,11661,2764,4887,6997,8746,
119817568487,27824,1327,13676,4862,6816,9272,
119818068487,1606,11895,2914,4971,7002,8859,
119818568487,1293,11977,2841,4887,7098,8806,
119819568487,1260,1439,2889,4822,6823,8835,
119820068487,1253,12145,2715,16232,6748,30336,
119820568487,1190,13636,3406,4749,6689,8791,
119821568487,1398,12070,2867,4732,6869,8776,
119822068487,18695,1547,3064,5003,6791,8930,
119823068487,1439,12450,2791,4805,6845,8913,
119823568487,1402,11830,2904,4705,6711,8809,
119824068487,1116,1399,2893,4767,6823,8834,
119824568487,1189,11698,13684,4777,6861,8741,
119825568487,6943,11915,2797,5142,7198,8793,
119826068487,1563,11934,2842,4739,6835,19633,
119826568487,1007,1284,2748,4776,6785,8922,
119827068487,1357,11995,2779,4917,6813,9008,
119829568487,1970,1751,2832,4797,6868,8727,
119830068487,1017,1289,2885,5024,7056,9071,
119832068487,1085,1370,3149,4776,6884,8761,
119834568487,135064,11863,2825,4790,6838,8785,
119838068487,1339,12054,2856,4747,6734,8747,
119838568487,1500,12112,3074,4740,6900,8838,
119840068487,1034,11973,2777,4716,6850,8770,
119840568487,1465,1628,3191,5092,6768,8830,
119841068487,1695,12240,2996,4779,6737,8757,
119842568487,1349,11872,13771,4858,6745,8757,
119843068487,1490,1302,2757,4915,7119,8734,
119844068487,15852,11750,2875,4679,6736,8758,
119845068487,1260,11925,3055,4870,6737,8694,
119845568487,1664,12477,13849,5094,6773,8718,
119846068487,8441,18233,18827,15949,18716,19800,
119846568487,1276,12234,2813,4871,7031,8932,
119848068487,1379,11887,2829,4867,6829,8876,
119849068487,1732,12092,2921,4983,6981,9497,
119849568487,1469,12229,2796,4764,6815,8862,
119850568487,9694,12328,13768,5184,7039,9045,
119851568487,1253,11908,14275,5082,6925,8868,
119852068487,1465,12212,3166,5146,7216,9165,
119852568487,1389,11746,2942,4902,6887,8845,
119855568487,1403,12049,13657,4799,6820,8699,
119856568487,1473,12763,3246,4866,6845,8755,
119858068487,2106,11810,13844,4871,6735,8886,
119859068487,1893,12366,3125,5096,6997,8836,
119860068487,1647,11830,3008,4744,6895,8855,
119861568487,1384,12120,2997,5171,6920,8838,
119862068487,1449,12057,13878,4753,7452,19730,
119862568487,1309,11782,2964,4909,6747,8835,
119865068487,1428,12196,2859,4796,17872,8786,
119865568487,8074,22843,2967,4825,6807,8953,
119867068487,2040,12608,13634,4824,6706,8786,
119867568487,1188,1336,2867,4892,6845,8859,
119868068487,1427,11913,2785,4720,7078,8829,
119869568487,1192,11649,2758,4790,6801,8764,
119870068487,1645,12170,3036,4763,6819,9022,
119870568487,1112,1333,2746,4979,6914,8889,
119871568487,1691,11885,24495,4969,17699,8767,
119874568487,1770,12061,2772,4737,17881,8818,
119875068487,1185,12090,2766,4783,6718,8752,
119876068487,10949,11638,2794,4731,6824,8836,
119876568487,1318,12055,3037,4923,6886,8828,
119878068487,1557,11744,2883,4823,6825,8801,
119879068487,1465,12183,2952,4913,6901,8836,
119880568487,1353,11976,2773,4726,6818,9661,
119881068487,1626,12154,3067,4833,6742,9032,
119881568487,1192,12176,13476,4782,6853,8737,
119884068487,1278,22652,2791,4768,6749,52361,
119885068487,2602,13293,13461,4743,6845,8796,
119885568487,1269,1459,2711,4727,6881,8873,
119886568487,1317,11976,2791,4700,6817,8697,
119889568487,24981,11896,2963,4966,6946,8985,
119890068487,1614,12346,2857,4779,6787,8736,
119891068487,2464,11861,13639,4808,6840,8896,
119892568487,1490,12240,13888,5399,6822,8790,
119894568487,6496,23304,25064,5136,17747,9024,
119895068487,3228,13689,3458,15721,6885,8859,
119896568487,1455,1262,2956,4867,6921,8776,
119897568487,1392,13005,2851,4732,7042,9002,
119898068487,13338,12477,2934,4907,6957,9153,
119899068487,1261,12375,2987,4964,7082,8908,
119901068487,1618,12197,2972,4932,6737,8734,
119901568487,1950,1572,13708,4750,6873,8730,
119903068487,30054,12294,3456,4784,6854,8773,
119903568487,1229,1383,2852,4961,6677,8778,
119904568487,1745,12690,2832,4821,6872,8832,
119906068487,1342,11961,3079,4967,6734,8692,
119907068487,12653,1482,3151,4891,6736,8880,
119909068487,1039,1321,2859,15645,6867,8759,
119909568487,1332,1697,13633,4767,7068,9021,
119910068487,1299,1635,2794,4857,6897,8820,
119911068487,8815,12398,3040,4828,6939,8992,
119913568487,1195,12265,2887,4928,6923,8772,
119919568487,1636,12420,2884,4910,6862,8927,
119920068487,1852,1581,2875,4832,6854,9179,
119921068487,1586,11892,2750,4836,6875,8869,
119921568487,1465,12104,2760,4744,6810,8815,
119924568487,1339,12340,3035,4855,6839,8798,
119926068487,1443,12333,13746,4955,6856,8841,
119926568487,1321,11830,3242,4901,6787,8809,
119927068487,1351,11962,2752,4865,6852,8736,
119927568487,1321,1133,2718,4690,6951,8972,
119928068487,1590,12248,2766,5000,6773,9820,
119928568487,38695,12754,2827,4860,6721,8751,
119931068487,56506,12022,3183,4838,7013,9028,
119933068487,9966,12461,3386,4825,6926,8996,
119933568487,1102,12327,13587,15627,6899,8821,
119934568487,1279,12100,2986,4860,6877,8845,
119935068487,6379,12400,2889,5004,7064,9165,
119935568487,1312,11994,24319,15619,28388,19550,
119936068487,1428,11841,3029,4977,6808,8826,
119936568487,1683,11990,3073,4929,6880,8765,
119937568487,1479,12101,2762,4784,6872,8881,
119938068487,1561,12068,2962,5053,6938,9022,
119938568487,9736,1111,2829,4751,6802,8882,
119939568487,1563,12181,2780,4815,6850,8773,
119940068487,1163,1305,2844,4778,6746,8861,
119940568487,3552,12433,14010,15997,6715,8760,
119942568487,1062,1303,3046,5023,6980,9171,
119944068487,1489,12449,13908,5311,7181,9167,
119944568487,1622,12163,2881,5000,6850,8900,
119945568487,4374,15305,15455,5035,6888,8817,
119946068487,7669,11889,2894,4981,7334,8741,
119947568487,1058,1263,2805,4756,6833,30497,
119948568487,1636,12406,2885,5090,6895,8887,
119950068487,1273,1506,2916,5097,7080,8804,
119951068487,2898,12094,3257,4808,8431,8928,
119951568487,1139,1341,2715,4850,6800,8849,
119952068487,1367,11744,2929,4781,6789,8852,
119954568487,1807,11733,13623,4840,6732,9096,
119955068487,1335,12093,13692,4815,6884,8845,
119956068487,22765,1366,2951,5146,6884,8885,
119956568487,1569,12140,3082,5076,6950,8948,
119958068487,1271,11938,3009,4786,6759,8767,
119959068487,1253,12004,13790,4768,6956,8859,
119961068487,11302,1348,13763,26462,6938,19672,
119964568487,1210,1622,13324,4786,6751,8760,
119967068487,1569,12349,2840,4928,6906,8920,
119967568487,1470,12039,14209,5108,6787,8888,
119968068487,1421,12125,13866,37278,7161,8750,
119969068487,1370,11895,13694,4744,6800,8794,
119970068487,121449,1309,14206,15918,6901,41905,
119971068487,1395,12069,2903,4798,6983,8897,
119971568487,1424,11898,2740,4828,6768,8699,
119972068487,1365,12120,2775,4895,6854,8870,
119973068487,1173,1395,2951,4856,6851,8722,
119973568487,1062,1466,13644,4853,6833,8858,
119974068487,1065,1281,3002,5116,6749,8921,
119974568487,1054,1285,2884,4894,6885,8841,
119975568487,5011,16631,15248,15781,7035,8830,
119977568487,1229,12487,2920,4986,6766,8735,
119978568487,1292,1457,3002,4835,7020,9036,
119981568487,1453,1267,2854,4810,6800,8826,
119983068487,1451,12133,2870,4772,6904,8827,
119983568487,192427,194689,197308,194216,194127,193798,
119984568487,1274,22828,24680,70454,6910,30360,
119985568487,1593,12105,24479,4707,6781,8821,
119986068487,1735,12337,2813,15435,6823,8806,
119986568487,1490,12077,2864,4752,7158,8800,
119987068487,181555,12207,24423,26185,6783,8676,
119987568487,1195,11548,13106,4786,6854,8639,
119988068487,1236,11755,2792,4784,6818,8735,
119988568487,1344,11845,2851,4805,6930,8835,
119989068487,1421,11962,2762,4827,6680,8876,
119990568487,1635,12288,2885,5099,7780,8863,
119992568487,300000,356783,NULL,NULL,NULL,354406,
119993568487,1390,12030,2941,4899,7009,8825,
119994068487,300000,1198,2839,4795,6814,8777,
119995568487,31083,1183,2790,4757,6863,8820,
119998568487,1074,11949,2849,4906,6997,8931,
120002068487,1302,11621,13482,4799,6831,8901,
120002568487,1425,12236,2909,4755,6972,9027,
120003068487,1180,12170,13763,15739,7206,9085,
120003568487,1378,1698,3198,4753,6868,8825,
120004068487,1277,12605,13460,4803,6698,8754,
120005068487,7109,1655,13844,15743,17677,8764,
120007068487,1049,12735,2844,4853,6848,8879,
120007568487,1091,12167,2837,4763,6742,8728,
120009068487,1212,11791,2810,4826,6766,8809,
120009568487,1312,2409,13703,15885,17653,8852,
120010068487,11264,12461,2873,4929,6768,8839,
120010568487,1657,11993,2780,4906,7127,8751,
120011568487,1238,11840,2820,4787,6856,8902,
120012068487,1095,1301,13866,4973,6721,8697,
120012568487,1360,11604,2822,4920,6814,8995,
120013568487,1488,11858,2910,4758,6915,8890,
120015568487,1582,12288,13940,4989,6942,8851,
120017068487,5972,12114,13735,4874,6827,8865,
120017568487,1299,11927,13564,4809,6832,8825,
120018568487,2054,2452,2912,4890,6811,8794,
120019068487,1393,11866,2810,4787,6890,8708,
120020068487,1765,12416,3221,4897,6882,9253,
120021068487,1281,12706,2702,4837,6850,8695,
120022068487,2400,1459,2899,4847,6764,8866,
120022568487,26963,1503,2869,4928,7719,9452,
120023568487,1373,11910,2820,4697,6731,8780,
120024068487,1396,107766,2876,4675,7018,8862,
120024568487,1309,11860,2758,4855,6970,8989,
120025568487,1408,1209,2846,4862,6874,9252,
120026568487,1305,11745,2741,5064,7099,8786,
120028068487,9795,11915,2821,4821,6867,30877,
120028568487,1314,12055,3226,5021,7469,9078,
120029068487,1424,22510,13713,4808,17633,9353,
120029568487,2511,12142,13783,4816,6857,8894,
120030068487,1380,11929,13653,4954,7214,8770,
120030568487,1361,12743,2826,4901,7048,8703,
120031068487,1206,12217,2983,4952,6905,8771,
120031568487,1195,12182,2895,4871,6684,8927,
120032068487,30755,12271,2954,4832,6867,8874,
120032568487,1324,11839,2826,5099,6794,8791,
120033568487,1678,11681,2918,4817,6858,9006,
120035568487,1347,12398,3147,4964,6912,8771,
120038068487,1440,11800,2752,26737,17646,19418,
120038568487,1816,11763,13834,4784,6806,8706,
120039068487,1234,1452,2830,4801,6838,9043,
120040068487,1648,2031,13756,4810,7218,8925,
120040568487,1154,1359,2751,4728,6850,8838,
120042068487,1580,11675,2837,4748,6885,8775,
120042568487,1313,12147,3138,4972,6955,9008,
120043068487,1549,11842,3224,4805,6899,8789,
120044068487,1228,11707,2807,5124,6904,8771,
120044568487,1568,1222,3004,4868,6844,9573,
120047068487,1159,11667,13669,4869,6875,8845,
120048568487,1846,12093,13685,4766,7041,8835,
120049568487,1313,11937,24188,4966,28251,8681,
120050068487,1934,12489,2737,4742,7103,9059,

