,W-0,R-0,R-1,R-2,R-3,R-4,
130889725805,1,2,2,1,1,1,
130891225805,1,1,2,1,1,1,
130892225805,1,2,1,1,1,1,
130893225805,1,1,1,1,1,2,
130894225805,1,2,1,1,1,1,
130894725805,1,2,1,1,1,1,
130895225805,1,2,1,1,1,1,
130895725805,1,2,2,2,1,2,
130896225805,1,2,1,1,1,1,
130896725805,1,1,1,1,1,1,
130898225805,1,2,1,1,1,1,
130899225805,1,2,1,1,1,1,
130899725805,1,2,1,1,1,1,
130900225805,1,2,2,1,1,1,
130900725805,1,2,1,1,1,1,
130901225805,1,2,1,1,1,1,
130901725805,1,1,2,1,1,1,
130902225805,1,2,1,1,1,1,
130903225805,1,1,1,1,1,1,
130903725805,1,1,1,1,1,1,
130904225805,1,2,1,1,1,1,
130904725805,1,2,1,1,1,1,
130905725805,1,2,1,1,1,1,
130906725805,1,2,1,1,1,1,
130907225805,1,1,1,1,1,1,
130909225805,1,2,1,1,1,1,
130909725805,1,2,1,1,1,1,
130910225805,1,2,1,1,1,1,
130910725805,1,2,1,1,1,1,
130911225805,1,1,1,1,1,1,
130913725805,1,2,1,1,1,1,
130914725805,1,2,1,1,1,1,
130915225805,1,2,1,1,1,1,
130915725805,1,2,1,1,1,1,
130916225805,1,2,1,1,1,1,
130916725805,1,2,1,1,1,1,
130917725805,1,2,1,1,2,1,
130918225805,1,2,1,1,1,1,
130918725805,1,2,2,1,2,1,
130920725805,1,1,1,1,1,1,
130921225805,1,2,1,1,1,1,
130922725805,1,2,1,1,1,2,
130923225805,1,2,1,1,1,1,
130923725805,1,2,2,1,1,1,
130924225805,1,2,1,2,1,2,
130925225805,1,2,1,1,1,1,
130926725805,1,2,1,1,1,1,
130927225805,1,2,1,1,1,1,
130927725805,1,2,2,2,1,1,
130928725805,1,2,1,1,1,1,
130930225805,1,2,1,1,1,1,
130931225805,1,2,1,1,1,1,
130932725805,1,1,1,1,1,1,
130933225805,1,2,1,1,1,1,
130934225805,1,1,1,1,1,1,
130934725805,1,1,1,1,1,1,
130936225805,1,1,1,1,1,1,
130936725805,1,2,1,1,1,1,
130937225805,1,2,1,1,1,1,
130937725805,1,2,1,1,1,1,
130939725805,1,2,2,1,1,1,
130941725805,1,1,1,1,1,2,
130942225805,1,2,1,1,1,1,
130943725805,1,2,1,1,1,1,
130945225805,1,2,1,1,1,1,
130947725805,1,2,1,1,2,1,
130948225805,1,2,2,1,1,1,
130949225805,1,2,1,2,2,2,
130949725805,1,2,1,1,1,1,
130950225805,1,1,1,1,1,1,
130951225805,1,2,1,2,2,2,
130953725805,1,2,1,1,1,1,
130954225805,1,2,1,1,1,1,
130955225805,1,2,1,1,1,1,
130955725805,1,1,1,1,1,1,
130956225805,1,2,1,1,1,1,
130956725805,1,1,1,1,1,1,
130958725805,1,2,1,1,1,1,
130959725805,1,1,2,1,1,2,
130962225805,1,1,1,1,1,1,
130963225805,1,2,2,1,1,1,
130963725805,1,2,1,1,1,1,
130966225805,1,2,1,1,1,1,
130966725805,1,2,1,1,1,1,
130967725805,1,2,1,1,1,1,
130970225805,1,2,1,1,1,1,
130971725805,1,1,1,1,1,1,
130972225805,1,2,1,1,1,1,
130972725805,1,2,1,1,1,1,
130973225805,1,2,1,1,1,1,
130973725805,1,2,1,1,1,1,
130974225805,1,1,1,1,1,1,
130974725805,1,2,1,1,1,1,
130976225805,1,2,1,1,1,1,
130976725805,1,2,1,1,1,1,
130977225805,1,2,1,1,1,1,
130979725805,1,2,1,1,1,1,
130980225805,1,2,1,1,1,1,
130981225805,1,2,1,1,1,1,
130982225805,1,1,1,1,1,1,
130982725805,1,2,1,1,1,1,
130983225805,1,2,2,1,1,1,
130983725805,1,2,2,1,1,1,
130986225805,1,2,1,1,1,1,
130988225805,1,2,2,1,1,1,
130988725805,1,2,1,1,1,1,
130989225805,1,1,1,1,1,1,
130989725805,1,2,1,2,1,1,
130990225805,1,2,1,1,1,1,
130990725805,1,2,1,1,1,1,
130992225805,1,2,2,2,2,1,
130993225805,1,2,2,1,1,1,
130993725805,1,2,2,1,2,2,
130994225805,1,2,1,1,1,1,
130994725805,1,2,1,1,1,1,
130996225805,1,2,1,1,2,1,
130996725805,1,2,2,2,2,1,
130997725805,1,2,2,1,1,1,
130999725805,1,1,1,1,2,2,
131000725805,1,1,2,2,1,1,
131001725805,1,1,2,1,1,1,
131002725805,1,2,1,1,1,1,
131003225805,1,2,1,1,1,1,
131004725805,1,2,1,1,1,1,
131007225805,1,2,1,1,1,1,
131008225805,1,1,1,2,1,1,
131010725805,1,2,1,1,1,1,
131011225805,1,2,2,1,1,1,
131011725805,1,2,1,1,1,1,
131012225805,1,2,2,1,1,1,
131013725805,1,2,1,1,1,1,
131014225805,1,2,1,1,1,1,
131014725805,1,2,1,1,1,1,
131016725805,1,2,1,1,1,1,
131018225805,1,2,1,1,1,1,
131018725805,1,2,1,1,1,1,
131019225805,1,2,1,1,1,1,
131019725805,1,2,1,2,2,2,
131020225805,1,2,1,1,1,1,
131020725805,1,2,1,1,1,1,
131021225805,1,2,1,1,1,1,
131022725805,1,2,1,1,1,1,
131023725805,1,2,1,1,1,1,
131024225805,1,2,1,2,1,2,
131024725805,1,2,1,1,1,1,
131025225805,1,1,1,1,1,1,
131026225805,1,1,1,1,1,1,
131027225805,1,2,1,1,1,1,
131028225805,1,2,1,1,1,1,
131028725805,1,2,1,1,1,1,
131029225805,1,2,2,1,1,1,
131031725805,1,1,1,1,1,1,
131033725805,1,2,1,1,1,1,
131035225805,1,1,1,1,1,1,
131037225805,1,2,2,1,1,1,
131037725805,1,2,1,1,1,1,
131038725805,1,2,1,1,1,1,
131039725805,1,2,1,1,1,1,
131040225805,1,2,1,1,1,1,
131040725805,1,2,1,1,1,1,
131043225805,1,2,1,1,1,1,
131044225805,1,2,1,1,1,1,
131045725805,1,1,1,1,1,1,
131048225805,1,1,1,1,1,1,
131049725805,1,2,2,1,2,1,
131051225805,1,2,1,1,1,1,
131052725805,1,2,2,2,2,2,
131054225805,1,2,2,1,1,1,
131054725805,1,2,1,2,1,1,
131055225805,1,2,1,1,1,1,
131055725805,1,2,1,1,1,1,
131056225805,1,2,1,1,1,1,
131057225805,1,1,1,1,1,1,
131057725805,1,2,1,1,2,1,
131058225805,1,2,1,1,1,1,
131059225805,1,2,1,1,1,1,
131061225805,1,2,2,1,1,1,
131062225805,1,2,1,1,1,1,
131065225805,1,2,1,1,2,1,
131065725805,1,2,1,1,1,1,
131066725805,1,2,1,1,1,1,
131068225805,1,2,1,2,1,1,
131068725805,1,2,1,2,2,1,
131069225805,1,2,1,1,1,1,
131069725805,1,1,1,1,1,1,
131070725805,1,2,2,1,2,1,
131071725805,1,1,1,1,1,1,
131072225805,1,2,1,1,1,1,
131073225805,1,2,2,1,1,1,
131074725805,1,2,1,1,2,1,
131075225805,1,1,1,2,1,1,
131076225805,1,2,2,2,2,2,
131076725805,1,2,2,1,1,1,
131077225805,1,2,1,1,1,1,
131077725805,1,2,1,1,1,1,
131079725805,1,2,1,1,1,1,
131080225805,1,2,1,1,1,1,
131081725805,1,2,1,2,2,1,
131082225805,1,2,1,2,1,2,
131082725805,1,2,2,2,2,2,
131084725805,1,2,1,1,1,1,
131085725805,1,2,2,1,1,1,
131089725805,1,2,1,1,1,1,
131090225805,1,2,1,1,1,1,
131091225805,1,2,1,1,1,1,
131091725805,1,2,1,1,1,1,
131092725805,1,2,1,2,2,1,
131093225805,1,1,1,1,1,1,
131093725805,1,2,2,2,1,1,
131094725805,1,2,1,1,1,1,
131095225805,1,1,1,1,1,1,
131096725805,1,1,2,1,1,1,
131097225805,1,2,1,1,1,1,
131098725805,1,2,1,1,1,2,
131099225805,1,2,1,2,1,1,
131099725805,1,1,1,1,1,1,
131100725805,1,2,1,1,1,1,
131101725805,1,1,1,1,1,1,
131103225805,1,1,1,1,1,1,
131104225805,1,2,1,1,1,1,
131106225805,1,2,1,2,1,1,
131106725805,1,1,1,1,1,1,
131107225805,1,2,2,1,1,1,
131107725805,1,2,1,1,1,1,
131108725805,1,1,1,1,1,1,
131109225805,1,2,2,1,1,1,
131109725805,1,2,1,1,1,1,
131110225805,1,2,2,1,1,1,
131110725805,1,2,2,1,1,1,
131111225805,1,2,1,2,2,2,
131113225805,1,1,1,1,2,2,
131114225805,1,2,1,1,1,1,
131115725805,1,2,1,1,1,1,
131118225805,1,2,1,1,1,1,
131118725805,1,2,1,1,1,1,
131119225805,1,2,1,2,2,1,
131120725805,1,1,2,1,1,1,
131121225805,1,1,1,2,2,2,
131122225805,1,2,1,2,1,2,
131123225805,1,1,2,1,1,1,
131123725805,1,2,1,1,1,2,
131124225805,1,1,1,1,1,1,
131124725805,1,2,1,1,1,1,
131125225805,1,2,1,1,1,1,
131125725805,1,2,2,2,1,1,
131126225805,1,2,1,1,1,1,
131126725805,1,2,1,1,1,1,
131127225805,1,2,1,1,1,1,
131127725805,1,2,1,1,1,1,
131128725805,1,2,1,1,1,1,
131129225805,1,2,1,1,1,1,
131129725805,1,2,1,1,1,1,
131130725805,1,1,1,1,1,1,
131131225805,1,1,1,1,1,1,
131132225805,1,2,1,1,1,1,
131132725805,1,2,1,1,1,1,
131133225805,1,1,1,1,1,1,
131133725805,1,2,1,1,1,1,
131134725805,1,2,1,1,1,1,
131135225805,1,1,1,2,1,2,
131135725805,1,2,1,1,1,1,
131136225805,1,2,1,1,1,1,
131138725805,1,2,1,1,1,1,
131139225805,1,2,1,1,1,1,
131141225805,1,2,1,1,1,1,
131143725805,1,2,1,1,1,1,
131147225805,1,1,1,1,1,1,
131147725805,1,2,1,1,1,1,
131149225805,1,2,1,1,1,1,
131149725805,1,1,1,1,1,1,
131150225805,1,2,2,1,1,1,
131151725805,1,2,1,1,2,1,
131152225805,1,2,1,1,1,1,
131153225805,1,1,1,1,1,2,
131154225805,1,2,1,1,1,1,
131154725805,1,2,2,1,2,1,
131155225805,1,1,1,1,1,1,
131155725805,1,1,1,1,1,1,
131157225805,1,2,1,1,1,1,
131158225805,1,2,1,1,1,1,
131158725805,1,2,1,1,1,1,
131159725805,1,2,1,1,1,1,
131160725805,1,1,1,1,1,1,
131161225805,1,2,2,1,1,1,
131161725805,1,2,1,1,1,1,
131164725805,1,1,1,1,1,1,
131165725805,1,2,1,1,1,1,
131167225805,1,2,2,1,1,1,
131168225805,1,2,1,1,1,1,
131169225805,1,1,1,2,2,1,
131170725805,1,2,2,1,1,1,
131171225805,1,1,1,1,1,1,
131171725805,1,2,1,1,1,1,
131174225805,1,2,1,1,1,1,
131174725805,1,2,1,1,1,1,
131176225805,1,2,1,1,1,1,
131176725805,1,2,1,2,1,1,
131177225805,1,1,1,1,1,1,
131178725805,1,2,1,1,1,1,
131179225805,1,2,1,1,1,1,
131179725805,1,2,2,2,2,1,
131180725805,1,2,1,1,1,1,
131183725805,1,2,1,1,1,1,
131184225805,1,2,1,1,1,1,
131185225805,1,2,1,1,1,1,
131185725805,1,1,1,1,1,1,
131187225805,1,2,1,2,1,1,
131188225805,1,2,1,1,1,1,
131189725805,1,2,2,1,1,1,
131190225805,1,2,1,1,1,1,
131190725805,1,2,1,1,1,1,
131193225805,1,2,1,1,1,1,
131194225805,1,2,1,1,1,1,
131194725805,1,2,1,1,1,1,
131195725805,1,2,1,1,1,1,
131198725805,1,2,1,1,1,1,
131199225805,1,1,2,1,1,1,
131200225805,1,2,1,1,1,1,
131201725805,1,1,1,1,1,1,
131203725805,1,2,1,1,1,1,
131204225805,1,2,2,1,1,1,
131205725805,1,2,1,1,1,1,
131206725805,1,2,1,1,1,1,
131207225805,1,2,2,2,1,2,
131208225805,1,1,2,2,1,1,
131210225805,1,1,1,2,1,1,
131210725805,1,1,1,1,1,1,
131212225805,1,1,1,1,1,1,
131212725805,1,2,1,1,1,1,
131213725805,1,2,1,2,2,1,
131215225805,1,2,1,1,1,1,
131216225805,1,2,1,1,1,1,
131218225805,1,1,1,2,1,1,
131218725805,1,2,1,1,1,1,
131219225805,1,1,1,1,1,1,
131220225805,1,2,1,1,1,1,
131222725805,1,2,2,1,1,2,
131228725805,1,1,2,2,1,1,
131229225805,1,1,1,1,1,1,
131230225805,1,2,1,1,1,1,
131230725805,1,2,1,1,1,1,
131233725805,1,1,1,1,1,1,
131235225805,1,1,2,1,1,1,
131235725805,1,1,1,1,1,1,
131236225805,1,2,1,1,1,1,
131236725805,1,2,1,1,1,1,
131237225805,1,2,1,1,1,1,
131237725805,1,2,2,1,1,1,
131240225805,1,2,2,1,1,1,
131242225805,1,2,2,1,1,1,
131242725805,1,2,1,1,1,1,
131243725805,1,2,1,1,1,1,
131244225805,1,2,1,1,1,1,
131244725805,1,2,1,1,1,1,
131245225805,1,1,1,1,1,1,
131245725805,1,2,1,1,1,1,
131246725805,1,2,1,1,1,1,
131247225805,1,2,2,1,1,1,
131247725805,1,1,1,1,1,1,
131248725805,1,1,1,1,1,1,
131249225805,1,2,1,1,1,1,
131249725805,1,2,1,1,1,1,
131251725805,1,2,1,1,1,1,
131253225805,1,2,2,1,2,2,
131253725805,1,2,1,1,1,1,
131254725805,1,2,1,1,1,1,
131255225805,1,2,1,1,1,1,
131256725805,1,2,1,1,1,1,
131257725805,1,2,2,1,1,1,
131259225805,1,1,1,1,1,1,
131260225805,1,2,2,1,1,1,
131260725805,1,1,1,1,1,1,
131261225805,1,2,1,1,1,1,
131263725805,1,1,2,1,1,1,
131264225805,1,2,1,1,1,1,
131265225805,1,1,1,1,1,1,
131265725805,1,2,1,1,1,1,
131267225805,1,2,1,1,1,1,
131268225805,1,2,1,1,1,1,
131270225805,1,2,1,2,2,1,
131273725805,1,2,2,1,2,1,
131276225805,1,2,1,2,2,1,
131276725805,1,2,1,1,1,1,
131277225805,1,2,1,1,1,1,
131278225805,1,1,1,1,1,1,
131279225805,1,2,1,1,1,1,
131280225805,1,1,1,1,1,1,
131280725805,1,1,1,1,1,1,
131281225805,1,2,2,1,1,1,
131282225805,1,2,2,1,1,1,
131282725805,1,2,2,2,2,1,
131283225805,1,2,1,1,1,1,
131283725805,1,1,1,2,1,1,
131284725805,1,1,2,1,1,1,
131286725805,1,2,1,1,1,1,
131287725805,1,2,1,1,1,1,
131290725805,1,1,2,1,1,2,
131292225805,1,2,1,1,1,1,
131292725805,1,2,1,1,1,1,
131293725805,1,2,1,1,1,1,
131294725805,1,2,1,2,1,1,
131295225805,1,2,1,1,1,1,
131295725805,1,2,1,1,1,1,
131296225805,1,2,1,1,1,1,
131296725805,1,1,2,1,1,1,
131297225805,1,2,1,1,1,1,
131297725805,1,2,1,1,1,1,
131298225805,1,2,1,1,1,1,
131299725805,1,2,1,1,1,1,
131301725805,1,2,1,1,1,1,
131302725805,1,2,1,1,1,1,
131303225805,1,1,1,1,1,1,
131304725805,1,2,1,1,1,1,
131307725805,1,1,1,1,1,1,
131311225805,1,1,1,1,1,1,
131311725805,1,2,1,1,1,1,
131312225805,1,2,2,2,2,2,
131312725805,1,2,1,1,1,1,
131313225805,1,1,1,1,1,1,
131314225805,1,1,1,1,1,1,
131316225805,1,2,1,1,1,1,
131316725805,1,2,1,1,1,1,
131318225805,1,2,1,1,1,1,
131318725805,1,2,2,1,1,1,
131319225805,1,2,1,1,2,1,
131319725805,1,2,1,1,1,1,
131320725805,1,2,1,2,2,2,
131321225805,1,2,1,1,1,1,
131321725805,1,2,2,1,1,1,
131322725805,1,1,1,1,1,1,
131324725805,1,1,1,1,1,1,
131326225805,1,2,1,1,1,1,
131326725805,1,1,2,2,1,1,
131327725805,1,2,1,1,1,1,
131328225805,1,2,1,1,1,1,
131329225805,1,1,1,1,1,1,
131330225805,1,1,1,1,1,1,
131331225805,1,2,2,1,1,1,
131331725805,1,2,1,1,1,1,
131332725805,1,2,1,1,1,1,
131333225805,1,2,1,1,1,1,
131333725805,1,2,1,1,1,1,
131334725805,1,2,2,1,1,1,
131335725805,1,2,1,1,1,1,
131337225805,1,2,1,1,1,1,
131337725805,1,2,2,2,1,2,
131338225805,1,2,1,1,1,1,
131338725805,1,1,1,1,1,1,
131339225805,1,1,1,1,1,1,
131339725805,1,2,1,2,2,1,
131340225805,1,2,1,2,2,2,
131340725805,1,2,1,1,1,1,
131341225805,1,2,1,1,1,1,
131341725805,1,2,2,1,1,1,
131342725805,1,2,1,1,1,1,
131344725805,1,2,1,1,1,1,
131347225805,1,1,1,1,1,1,
131347725805,1,1,1,1,1,1,
131348225805,1,2,1,1,1,1,
131349225805,1,2,1,1,1,1,
131349725805,1,2,1,1,1,1,
131351225805,1,2,1,1,1,1,
131351725805,1,2,1,1,1,1,
131352225805,1,1,1,1,1,1,
131353225805,1,2,1,1,1,1,
131353725805,1,1,1,1,1,1,
131356225805,1,2,1,1,1,1,
131357725805,1,1,1,1,1,1,
131358725805,1,2,2,1,1,1,
131359225805,1,1,1,1,1,1,

