,W-0,R-0,R-1,R-2,R-3,R-4,
123745497445,1,2,2,2,2,2,
123746997445,1,2,1,1,1,1,
123747997445,1,2,1,1,2,1,
123748997445,1,2,2,1,2,2,
123749997445,1,2,1,2,1,1,
123750497445,1,2,1,1,1,1,
123750997445,1,2,2,1,1,1,
123751497445,1,2,1,1,1,1,
123751997445,1,2,2,1,1,1,
123752497445,1,2,1,1,1,1,
123753997445,1,2,2,1,1,1,
123754997445,1,2,1,1,1,1,
123755497445,1,2,2,1,1,1,
123755997445,1,2,1,1,1,1,
123756497445,1,2,1,1,1,1,
123756997445,1,2,1,1,1,1,
123757497445,1,2,1,1,1,1,
123757997445,1,2,1,1,1,1,
123758997445,1,2,2,2,2,2,
123759497445,1,2,2,2,2,2,
123759997445,1,2,2,1,1,1,
123760497445,1,2,1,1,1,1,
123761497445,1,2,2,1,2,1,
123762497445,1,2,2,2,1,1,
123762997445,1,2,1,1,1,1,
123764997445,1,2,1,1,1,1,
123765497445,1,2,1,1,1,1,
123765997445,1,2,1,1,1,1,
123766497445,1,2,1,1,1,1,
123766997445,1,2,1,1,1,1,
123769497445,1,2,1,1,1,1,
123770497445,1,2,1,1,1,1,
123770997445,1,2,1,1,1,1,
123771497445,1,2,2,1,1,1,
123771997445,1,2,1,1,1,1,
123772497445,1,2,1,1,1,1,
123773497445,1,2,1,1,1,1,
123773997445,1,2,1,1,1,1,
123774497445,1,2,1,1,1,1,
123776497445,1,2,1,1,1,1,
123776997445,1,2,1,1,1,1,
123778497445,1,2,1,1,1,1,
123778997445,1,2,1,1,2,2,
123779497445,1,2,1,1,1,1,
123779997445,1,2,1,1,1,1,
123780997445,1,2,2,2,2,2,
123782497445,1,2,1,1,1,1,
123782997445,1,2,1,1,1,1,
123783497445,1,2,1,1,1,1,
123784497445,1,2,1,1,1,1,
123785997445,1,2,1,1,1,1,
123786997445,1,2,1,1,1,1,
123788497445,1,2,1,1,1,1,
123788997445,1,2,1,1,1,1,
123789997445,1,2,2,2,1,2,
123790497445,1,2,1,1,1,1,
123791997445,1,2,1,1,1,1,
123792497445,1,2,1,1,1,1,
123792997445,1,2,2,1,1,1,
123793497445,1,2,1,1,1,1,
123795497445,1,2,1,1,1,1,
123797497445,1,2,1,1,1,1,
123797997445,1,2,1,1,1,1,
123799497445,1,2,1,1,1,1,
123800997445,1,2,1,1,1,1,
123803497445,1,2,1,1,1,1,
123803997445,1,2,1,2,1,1,
123804997445,1,2,2,2,2,2,
123805497445,1,2,1,1,1,1,
123805997445,1,2,1,1,1,1,
123806997445,1,2,2,1,2,1,
123809497445,1,2,1,1,1,1,
123809997445,1,2,1,1,1,1,
123810997445,1,2,2,2,1,2,
123811497445,1,2,1,1,1,1,
123811997445,1,2,2,2,1,1,
123812497445,1,2,2,1,1,1,
123814497445,1,2,2,2,1,1,
123815497445,1,2,2,1,1,1,
123817997445,1,2,1,1,1,1,
123818997445,1,2,1,1,1,1,
123819497445,1,2,1,1,1,1,
123821997445,1,2,2,1,1,1,
123822497445,1,2,1,1,1,1,
123823497445,1,2,1,2,1,2,
123825997445,1,2,1,1,1,1,
123827497445,1,2,1,1,1,1,
123827997445,1,2,1,1,1,1,
123828497445,1,2,1,1,1,1,
123828997445,1,2,1,2,2,1,
123829497445,1,2,1,2,2,1,
123829997445,1,2,2,1,1,1,
123830497445,1,2,1,1,1,1,
123831997445,1,2,2,1,1,1,
123832497445,1,2,1,1,1,1,
123832997445,1,2,1,1,1,1,
123835497445,1,2,1,1,1,1,
123835997445,1,2,2,1,1,1,
123836997445,1,2,1,1,1,1,
123837997445,1,2,1,1,1,1,
123838497445,1,2,1,1,1,1,
123838997445,1,2,1,1,1,1,
123839497445,1,2,1,2,2,1,
123841997445,1,2,1,1,1,1,
123843997445,1,2,2,1,1,1,
123844497445,1,2,1,1,1,1,
123844997445,1,2,2,2,1,2,
123845497445,1,2,1,1,1,1,
123845997445,1,2,1,1,2,1,
123846497445,1,2,1,1,1,1,
123847997445,1,2,1,1,1,1,
123848997445,1,2,1,1,1,1,
123849497445,1,2,2,1,2,1,
123849997445,1,2,1,1,1,1,
123850497445,1,2,1,1,1,1,
123851997445,1,2,1,1,1,1,
123852497445,1,2,2,2,2,2,
123853497445,1,2,2,1,1,1,
123855497445,1,2,1,1,1,1,
123856497445,1,2,1,1,1,1,
123857497445,1,2,1,1,1,1,
123858497445,1,2,1,1,1,1,
123858997445,1,2,2,1,1,1,
123860497445,1,2,1,1,1,1,
123862997445,1,2,1,1,2,2,
123863997445,1,2,1,1,1,1,
123866497445,1,2,1,1,1,1,
123866997445,1,2,1,1,1,1,
123867497445,1,2,1,1,1,1,
123867997445,1,2,2,2,2,1,
123869497445,1,2,1,1,1,1,
123869997445,1,2,1,1,1,1,
123870497445,1,2,1,1,1,1,
123872497445,1,2,2,2,2,2,
123873997445,1,2,2,2,2,2,
123874497445,1,2,1,1,1,1,
123874997445,1,2,1,1,1,1,
123875497445,1,2,2,2,1,1,
123875997445,1,2,2,2,2,2,
123876497445,1,1,1,1,1,1,
123876997445,1,2,2,2,2,2,
123878497445,1,2,2,1,2,1,
123879497445,1,2,2,1,1,1,
123879997445,1,2,1,1,1,1,
123880497445,1,2,2,1,1,1,
123880997445,1,2,2,1,1,1,
123881997445,1,2,1,1,1,1,
123882997445,1,2,1,1,1,1,
123883997445,1,2,1,1,1,1,
123884497445,1,2,1,1,1,1,
123884997445,1,2,2,2,2,2,
123887497445,1,2,1,1,1,1,
123889497445,1,2,1,1,1,1,
123890997445,1,2,1,1,2,1,
123892997445,1,2,1,1,1,1,
123893497445,1,2,1,1,1,1,
123894497445,1,2,2,1,1,1,
123895497445,1,2,1,2,1,1,
123895997445,1,2,1,1,1,1,
123896497445,1,2,1,1,1,1,
123898997445,1,2,2,1,1,1,
123899997445,1,2,1,1,1,1,
123901497445,1,2,2,1,2,1,
123903997445,1,2,1,1,1,1,
123905497445,1,2,1,2,2,2,
123906997445,1,2,1,1,1,1,
123908497445,1,2,2,2,2,2,
123909997445,1,2,2,1,1,1,
123910497445,1,2,1,1,1,1,
123910997445,1,2,1,1,1,1,
123911497445,1,2,1,2,2,1,
123911997445,1,2,1,1,1,1,
123912997445,1,2,1,1,1,1,
123913497445,1,2,1,1,1,2,
123913997445,1,2,1,1,1,1,
123914997445,1,2,2,2,2,2,
123916997445,1,2,1,1,1,1,
123917997445,1,2,1,1,1,1,
123920997445,1,2,1,1,1,1,
123921497445,1,2,1,1,1,1,
123922497445,1,2,1,1,1,1,
123923997445,1,2,1,1,1,1,
123924497445,1,2,2,1,1,1,
123924997445,1,2,2,1,2,1,
123925497445,1,2,1,1,1,1,
123926497445,1,2,1,1,1,1,
123927497445,1,2,2,1,1,1,
123927997445,1,2,2,1,1,1,
123928997445,1,2,1,1,1,1,
123930497445,1,2,2,1,1,1,
123930997445,1,2,2,1,1,1,
123931997445,1,2,2,1,1,1,
123932497445,1,2,1,1,2,2,
123932997445,1,2,1,1,1,1,
123933497445,1,2,2,1,2,2,
123935497445,1,2,2,2,2,2,
123935997445,1,2,1,1,1,1,
123937497445,1,2,1,1,1,1,
123937997445,1,2,1,1,1,1,
123938497445,1,2,2,2,1,1,
123940497445,1,2,1,1,1,1,
123941497445,1,2,1,1,1,1,
123945497445,1,2,1,1,1,1,
123945997445,1,2,1,1,1,1,
123946997445,1,2,1,1,1,1,
123947497445,1,2,1,1,1,1,
123948497445,1,2,1,1,1,1,
123948997445,1,2,1,1,1,1,
123949497445,1,2,1,1,1,1,
123950497445,1,2,1,1,1,1,
123950997445,1,2,2,1,1,1,
123952497445,1,2,1,1,2,2,
123952997445,1,1,1,1,1,1,
123954497445,1,2,2,1,1,1,
123954997445,1,2,1,1,1,1,
123955497445,1,2,1,1,1,1,
123956497445,1,2,1,1,1,1,
123957497445,1,2,1,1,1,1,
123958997445,1,2,1,1,1,1,
123959997445,1,2,1,1,1,1,
123961997445,1,2,1,1,1,1,
123962497445,1,2,1,1,1,1,
123962997445,1,2,1,1,1,1,
123963497445,1,2,1,1,1,1,
123964497445,1,2,2,1,2,1,
123964997445,1,2,1,2,2,2,
123965497445,1,2,2,1,1,1,
123965997445,1,2,1,2,2,1,
123966497445,1,2,1,1,1,1,
123966997445,1,2,1,1,1,1,
123968997445,1,2,2,1,2,2,
123969997445,1,2,1,1,1,1,
123971497445,1,2,1,1,1,1,
123973997445,1,2,1,1,1,1,
123974497445,1,2,2,2,2,2,
123974997445,1,2,2,1,1,1,
123976497445,1,2,1,1,1,1,
123976997445,1,2,1,1,1,1,
123977997445,1,2,1,1,1,1,
123978997445,1,2,1,1,1,1,
123979497445,1,2,2,1,1,1,
123979997445,1,2,1,1,1,1,
123980497445,1,2,2,1,1,1,
123980997445,1,2,1,1,1,1,
123981497445,1,2,1,1,1,1,
123981997445,1,2,1,1,1,1,
123982497445,1,2,1,1,1,1,
123982997445,1,2,1,1,1,1,
123983497445,1,2,1,1,1,1,
123984497445,1,2,2,1,1,1,
123984997445,1,2,2,1,1,1,
123985497445,1,2,1,1,1,1,
123986497445,1,2,2,1,1,1,
123986997445,1,2,1,1,1,1,
123987997445,1,2,1,1,1,2,
123988497445,1,2,1,1,1,1,
123988997445,1,2,2,2,1,1,
123989497445,1,2,1,1,1,1,
123990497445,1,2,2,2,2,1,
123990997445,1,2,1,1,1,1,
123991497445,1,2,1,1,1,1,
123991997445,1,2,1,1,1,1,
123994497445,1,2,1,1,1,1,
123994997445,1,2,1,1,1,1,
123996997445,1,2,2,2,2,2,
123999497445,1,2,2,2,2,1,
124002997445,1,2,1,1,1,1,
124003497445,1,2,1,1,1,1,
124004997445,1,2,1,1,1,1,
124005497445,1,2,1,1,1,1,
124005997445,1,2,2,1,1,1,
124007497445,1,2,2,2,1,2,
124007997445,1,2,1,1,1,1,
124008997445,1,2,1,2,2,1,
124009997445,1,2,2,1,1,1,
124010497445,1,2,1,1,1,1,
124010997445,1,2,1,1,1,1,
124011497445,1,2,1,1,1,1,
124012997445,1,2,1,1,1,1,
124013997445,1,2,1,1,1,1,
124014497445,1,2,1,1,1,1,
124015497445,1,2,1,1,1,1,
124016497445,1,2,1,1,1,1,
124016997445,1,2,1,1,1,1,
124017497445,1,2,1,1,1,1,
124020497445,1,2,2,1,1,1,
124021497445,1,2,1,1,1,1,
124022997445,1,2,1,1,1,1,
124023997445,1,2,1,1,1,1,
124024997445,1,2,1,1,1,1,
124026497445,1,2,1,1,1,1,
124026997445,1,2,2,2,1,1,
124027497445,1,2,1,1,1,1,
124029997445,1,2,1,1,1,1,
124030497445,1,2,1,1,1,1,
124031997445,1,2,1,1,1,1,
124032497445,1,2,1,1,1,1,
124032997445,1,2,1,1,1,1,
124034497445,1,2,2,1,1,1,
124034997445,1,2,2,1,2,1,
124035497445,1,2,2,2,1,2,
124036497445,1,2,1,1,1,2,
124039497445,1,2,1,1,1,1,
124039997445,1,2,1,1,1,1,
124040997445,1,2,1,1,1,1,
124041497445,1,2,2,1,1,2,
124042997445,1,2,1,1,1,1,
124043997445,1,2,1,1,1,1,
124045497445,1,2,1,1,1,1,
124045997445,1,2,1,2,2,1,
124046497445,1,2,2,2,1,1,
124048997445,1,2,2,2,2,2,
124049997445,1,2,1,1,1,1,
124050497445,1,2,1,1,1,1,
124051497445,1,2,1,1,1,1,
124054497445,1,2,1,1,1,1,
124054997445,1,2,1,1,1,1,
124055997445,1,2,2,2,1,1,
124057497445,1,2,1,1,1,1,
124059497445,1,2,1,1,1,1,
124059997445,1,2,1,1,1,1,
124061497445,1,2,1,1,1,1,
124062497445,1,2,1,2,1,2,
124062997445,1,2,2,1,1,1,
124063997445,1,2,1,1,1,1,
124065997445,1,2,2,2,2,2,
124066497445,1,2,1,1,1,1,
124067997445,1,2,1,2,1,1,
124068497445,1,2,1,1,1,1,
124069497445,1,2,1,1,1,1,
124070997445,1,2,1,1,1,1,
124071997445,1,2,1,1,1,1,
124073997445,1,2,1,1,1,1,
124074497445,1,2,1,1,1,1,
124074997445,1,2,2,1,1,2,
124075997445,1,2,1,1,1,1,
124078497445,1,2,1,1,1,1,
124084497445,1,2,2,2,2,2,
124084997445,1,2,1,1,1,1,
124085997445,1,2,1,1,1,1,
124086497445,1,2,1,1,1,1,
124089497445,1,2,1,2,2,1,
124090997445,1,2,2,1,1,1,
124091497445,1,2,1,1,1,1,
124091997445,1,2,1,1,1,1,
124092497445,1,2,2,1,1,1,
124092997445,1,2,1,1,1,1,
124093497445,1,2,1,1,1,1,
124095997445,1,2,2,1,1,1,
124097997445,1,2,2,1,1,1,
124098497445,1,2,1,1,1,1,
124099497445,1,2,2,2,2,2,
124099997445,1,2,2,2,2,2,
124100497445,1,2,2,2,2,2,
124100997445,1,2,1,1,1,1,
124101497445,1,2,1,1,1,1,
124102497445,1,2,2,2,2,2,
124102997445,1,2,2,2,2,2,
124103497445,1,2,2,2,1,1,
124104497445,1,2,2,1,1,1,
124104997445,1,2,1,1,1,1,
124105497445,1,2,1,1,1,1,
124107497445,1,2,1,1,1,1,
124108997445,1,2,1,1,1,1,
124109497445,1,2,1,1,1,1,
124110497445,1,2,2,1,1,1,
124110997445,1,2,2,1,1,1,
124112497445,1,2,1,1,1,1,
124113497445,1,2,1,1,1,1,
124114997445,1,2,1,1,1,1,
124115997445,1,2,1,1,1,1,
124116497445,1,2,1,2,1,2,
124116997445,1,2,2,1,1,1,
124119497445,1,2,1,1,1,1,
124119997445,1,2,2,2,2,1,
124120997445,1,2,1,1,1,1,
124121497445,1,2,1,1,1,1,
124122997445,1,2,1,1,1,1,
124123997445,1,2,1,1,1,1,
124125997445,1,2,2,1,1,1,
124129497445,1,2,1,1,1,1,
124131997445,1,2,1,1,1,1,
124132497445,1,2,1,1,1,1,
124132997445,1,2,2,1,1,1,
124133997445,1,2,1,1,1,1,
124134997445,1,2,1,1,1,1,
124135997445,1,2,2,2,1,1,
124136497445,1,2,2,1,1,1,
124136997445,1,2,2,1,1,1,
124137997445,1,2,1,1,1,1,
124138497445,1,2,1,1,1,1,
124138997445,1,2,1,1,1,1,
124139497445,1,2,2,1,2,1,
124140497445,1,2,2,1,1,1,
124142497445,1,2,2,1,1,1,
124143497445,1,2,2,1,1,1,
124146497445,1,2,1,1,1,1,
124147997445,1,2,1,1,1,1,
124148497445,1,2,1,1,1,1,
124149497445,1,2,2,1,1,1,
124150497445,1,2,1,1,1,1,
124150997445,1,2,1,1,1,1,
124151497445,1,2,1,2,1,1,
124151997445,1,2,1,1,1,1,
124152497445,1,2,1,1,1,1,
124152997445,1,2,2,2,2,2,
124153497445,1,2,2,1,2,1,
124153997445,1,2,2,1,1,1,
124155497445,1,2,1,1,1,1,
124157497445,1,2,1,2,1,1,
124158497445,1,2,2,1,2,1,
124158997445,1,2,2,2,2,1,
124160497445,1,2,2,2,2,2,
124163497445,1,2,1,1,1,1,
124166997445,1,2,1,1,1,1,
124167497445,1,2,2,2,1,1,
124167997445,1,2,2,1,1,2,
124168497445,1,2,1,1,1,1,
124168997445,1,2,1,1,1,2,
124169997445,1,2,1,1,1,1,
124171997445,1,2,2,1,1,1,
124172497445,1,2,1,2,1,1,
124173997445,1,2,1,2,2,2,
124174497445,1,2,1,1,1,1,
124174997445,1,2,2,2,1,1,
124175497445,1,2,1,1,1,1,
124176497445,1,2,1,1,1,1,
124176997445,1,2,1,1,1,1,
124177497445,1,2,1,1,1,1,
124178497445,1,2,1,2,2,1,
124180497445,1,2,1,1,1,1,
124181997445,1,2,1,1,1,1,
124182497445,1,2,2,2,2,2,
124183497445,1,2,2,2,2,2,
124183997445,1,2,1,1,1,1,
124184997445,1,2,1,1,1,2,
124185997445,1,2,1,1,1,1,
124186997445,1,2,1,1,1,1,
124187497445,1,2,1,2,2,2,
124188497445,1,2,1,2,2,2,
124188997445,1,2,2,1,1,1,
124189497445,1,2,2,2,2,2,
124190497445,1,2,2,1,1,1,
124191497445,1,2,2,1,1,1,
124192997445,1,2,1,1,1,1,
124193497445,1,2,1,1,1,1,
124193997445,1,2,1,1,1,1,
124194497445,1,2,1,1,1,1,
124194997445,1,2,1,1,1,1,
124195497445,1,1,1,1,1,1,
124195997445,1,1,1,1,1,1,
124196497445,1,1,1,1,1,1,
124196997445,1,2,2,2,2,2,
124197497445,1,2,2,2,2,2,
124198497445,1,2,1,1,1,1,
124200497445,1,2,1,1,1,1,
124202997445,1,2,1,1,1,1,
124203497445,1,2,1,1,2,1,
124203997445,1,2,1,1,1,1,
124204997445,1,2,2,1,1,1,
124205497445,1,2,1,1,1,1,
124206997445,1,2,1,1,1,1,
124207497445,1,2,1,1,1,1,
124207997445,1,2,1,1,1,1,
124208997445,1,2,1,1,1,1,
124209497445,1,2,1,1,1,1,
124211997445,1,2,1,1,1,1,
124213497445,1,2,1,1,1,1,
124214497445,1,2,1,1,1,1,
124214997445,1,2,1,1,2,2,

