,W-0,R-0,R-1,R-2,R-3,R-4,
115412333907,1,2,2,2,2,2,
115413833907,1,2,1,1,1,1,
115414833907,1,1,1,1,1,1,
115415833907,1,1,1,1,1,1,
115416833907,1,2,1,1,1,1,
115417333907,1,1,1,1,1,1,
115417833907,1,1,1,1,1,1,
115418333907,1,2,1,1,1,1,
115418833907,1,1,1,1,1,1,
115419333907,1,1,1,1,1,1,
115420833907,1,2,1,1,1,1,
115421833907,1,1,1,1,1,1,
115422333907,1,1,1,1,1,1,
115422833907,1,2,1,1,1,1,
115423333907,1,1,1,1,1,1,
115423833907,1,2,1,1,1,1,
115424333907,1,2,1,1,1,1,
115424833907,1,2,1,1,1,1,
115425833907,1,2,1,1,1,1,
115426333907,1,2,2,2,2,2,
115426833907,1,2,1,1,1,1,
115427333907,1,1,1,1,1,1,
115428333907,1,2,1,1,1,1,
115429333907,1,1,1,1,1,1,
115429833907,1,1,1,1,1,1,
115431833907,1,2,1,1,1,1,
115432333907,1,1,1,1,1,1,
115432833907,1,2,1,1,1,1,
115433333907,1,1,1,1,1,1,
115433833907,1,2,1,1,1,1,
115436333907,1,1,1,1,1,1,
115437333907,1,2,1,1,1,1,
115437833907,1,2,1,1,1,1,
115438333907,1,1,1,1,1,1,
115438833907,1,1,1,1,1,1,
115439333907,1,1,1,1,1,1,
115440333907,1,1,1,1,1,1,
115440833907,1,1,1,1,1,1,
115441333907,1,2,1,1,1,1,
115443333907,1,2,1,1,1,1,
115443833907,1,1,1,1,1,1,
115445333907,1,1,1,1,1,1,
115445833907,1,1,1,1,1,1,
115446333907,1,1,1,1,1,1,
115446833907,1,1,1,1,1,1,
115447833907,1,1,1,1,1,1,
115449333907,1,1,1,1,1,1,
115449833907,1,2,1,1,1,1,
115450333907,1,1,1,1,1,1,
115451333907,1,2,1,1,1,1,
115452833907,1,1,1,1,1,1,
115453833907,1,2,1,1,1,1,
115455333907,1,2,1,1,1,1,
115455833907,1,1,1,1,1,1,
115456833907,1,2,1,1,1,1,
115457333907,1,1,1,1,1,1,
115458833907,1,2,1,1,1,1,
115459333907,1,1,1,1,1,1,
115459833907,1,2,1,1,1,1,
115460333907,1,2,1,1,1,1,
115462333907,1,2,1,1,1,1,
115464333907,1,1,1,1,1,1,
115464833907,1,1,1,1,1,1,
115466333907,1,1,1,1,1,1,
115467833907,1,1,1,1,1,1,
115470333907,1,2,1,1,1,1,
115470833907,1,1,1,1,1,1,
115471833907,1,1,1,1,1,1,
115472333907,1,1,1,1,1,1,
115472833907,1,1,1,1,1,1,
115473833907,1,1,1,1,1,1,
115476333907,1,2,2,2,2,2,
115476833907,1,1,1,1,1,1,
115477833907,1,1,1,1,1,1,
115478333907,1,1,1,1,1,1,
115478833907,1,1,1,1,1,1,
115479333907,1,2,1,1,1,1,
115481333907,1,1,1,1,1,1,
115482333907,1,2,1,1,1,1,
115484833907,1,2,1,1,1,1,
115485833907,1,1,1,1,1,1,
115486333907,1,1,1,1,1,1,
115488833907,1,2,1,1,1,1,
115489333907,1,1,1,1,1,1,
115490333907,1,2,1,1,1,1,
115492833907,1,1,1,1,1,1,
115494333907,1,1,1,1,1,1,
115494833907,1,1,1,1,1,1,
115495333907,1,1,1,1,1,1,
115495833907,1,2,1,1,1,1,
115496333907,1,1,1,1,1,1,
115496833907,1,1,1,1,1,1,
115497333907,1,1,1,1,1,1,
115498833907,1,1,1,1,1,1,
115499333907,1,1,1,1,1,1,
115499833907,1,1,1,1,1,1,
115502333907,1,2,1,1,1,1,
115502833907,1,1,1,1,1,1,
115503833907,1,1,1,1,1,1,
115504833907,1,2,1,1,1,1,
115505333907,1,1,1,1,1,1,
115505833907,1,1,1,1,1,1,
115506333907,1,1,1,1,1,1,
115508833907,1,1,1,1,1,1,
115510833907,1,2,1,1,1,1,
115511333907,1,1,1,1,1,1,
115511833907,1,2,1,1,1,1,
115512333907,1,1,1,1,1,1,
115512833907,1,1,1,1,1,1,
115513333907,1,2,1,1,1,1,
115514833907,1,2,1,1,1,1,
115515833907,1,2,1,1,1,1,
115516333907,1,2,1,1,1,1,
115516833907,1,1,1,1,1,1,
115517333907,1,1,1,1,1,1,
115518833907,1,2,1,1,1,1,
115519333907,1,1,1,1,1,1,
115520333907,1,1,1,1,1,1,
115522333907,1,1,1,1,1,1,
115523333907,1,1,1,1,1,1,
115524333907,1,1,1,1,1,1,
115525333907,1,1,1,1,1,1,
115525833907,1,1,1,1,1,1,
115527333907,1,2,1,1,1,1,
115529833907,1,1,1,1,1,1,
115530833907,1,2,1,1,1,1,
115533333907,1,2,1,1,1,1,
115533833907,1,1,1,1,1,1,
115534333907,1,1,1,1,1,1,
115534833907,1,1,1,1,1,1,
115536333907,1,1,1,1,1,1,
115536833907,1,1,1,1,1,1,
115537333907,1,1,1,1,1,1,
115539333907,1,2,1,1,1,1,
115540833907,1,1,1,1,1,1,
115541333907,1,2,1,1,1,1,
115541833907,1,2,1,1,1,1,
115542333907,1,1,1,1,1,1,
115542833907,1,2,1,1,1,1,
115543333907,1,1,1,1,1,1,
115543833907,1,2,1,1,1,1,
115545333907,1,2,1,1,1,1,
115546333907,1,2,1,1,1,1,
115546833907,1,1,1,1,1,1,
115547333907,1,1,1,1,1,1,
115547833907,1,1,1,1,1,1,
115548833907,1,1,1,1,1,1,
115549833907,1,1,1,1,1,1,
115550833907,1,1,1,1,1,1,
115551333907,1,1,1,1,1,1,
115551833907,1,1,1,1,1,1,
115554333907,1,2,1,1,1,1,
115556333907,1,2,1,1,1,1,
115557833907,1,1,1,1,1,1,
115559833907,1,1,1,1,1,1,
115560333907,1,1,1,1,1,1,
115561333907,1,1,1,1,1,1,
115562333907,1,1,1,1,1,1,
115562833907,1,1,1,1,1,1,
115563333907,1,1,1,1,1,1,
115565833907,1,2,1,1,1,1,
115566833907,1,1,1,1,1,1,
115568333907,1,1,1,1,1,1,
115570833907,1,1,1,1,1,1,
115572333907,1,2,1,1,1,1,
115573833907,1,1,1,1,1,1,
115575333907,1,1,1,1,1,1,
115576833907,1,2,1,1,1,1,
115577333907,1,1,1,1,1,1,
115577833907,1,1,1,1,1,1,
115578333907,1,1,1,1,1,1,
115578833907,1,2,1,1,1,1,
115579833907,1,1,1,1,1,1,
115580333907,1,1,1,1,1,1,
115580833907,1,1,1,1,1,1,
115581833907,1,1,1,1,1,1,
115583833907,1,1,1,1,1,1,
115584833907,1,1,1,1,1,1,
115587833907,1,1,1,1,1,1,
115588333907,1,1,1,1,1,1,
115589333907,1,1,1,1,1,1,
115590833907,1,1,1,1,1,1,
115591333907,1,1,1,1,1,1,
115591833907,1,1,1,1,1,1,
115592333907,1,1,1,1,1,1,
115593333907,1,1,1,1,1,1,
115594333907,1,1,1,1,1,1,
115594833907,1,2,1,1,1,1,
115595833907,1,1,1,1,1,1,
115597333907,1,1,1,1,1,1,
115597833907,1,1,1,1,1,1,
115598833907,1,1,1,1,1,1,
115599333907,1,1,1,1,1,1,
115599833907,1,2,1,1,1,1,
115600333907,1,1,1,1,1,1,
115602333907,1,1,1,1,1,1,
115602833907,1,2,1,1,1,1,
115604333907,1,1,1,1,1,1,
115604833907,1,1,1,1,1,1,
115605333907,1,2,1,1,1,1,
115607333907,1,1,1,1,1,1,
115608333907,1,1,1,1,1,1,
115612333907,1,1,1,1,1,1,
115612833907,1,2,1,1,1,1,
115613833907,1,1,1,1,1,1,
115614333907,1,1,1,1,1,1,
115615333907,1,2,1,1,1,1,
115615833907,1,1,1,1,1,1,
115616333907,1,1,1,1,1,1,
115617333907,1,1,1,1,1,1,
115617833907,1,2,1,1,1,1,
115619333907,1,2,1,1,1,1,
115619833907,1,1,1,1,1,1,
115621333907,1,2,1,1,1,1,
115621833907,1,2,1,1,1,1,
115622333907,1,1,1,1,1,1,
115623333907,1,1,1,1,1,1,
115624333907,1,1,1,1,1,1,
115625833907,1,2,1,1,1,1,
115626833907,1,1,1,1,1,1,
115628833907,1,1,1,1,1,1,
115629333907,1,2,1,1,1,1,
115629833907,1,1,1,1,1,1,
115630333907,1,2,1,1,1,1,
115631333907,1,1,1,1,1,1,
115631833907,1,1,1,1,1,1,
115632333907,1,2,1,1,1,1,
115632833907,1,1,1,1,1,1,
115633333907,1,2,1,1,1,1,
115633833907,1,1,1,1,1,1,
115635833907,1,2,1,1,1,1,
115636833907,1,2,1,1,1,1,
115638333907,1,1,1,1,1,1,
115640833907,1,1,1,1,1,1,
115641333907,1,1,1,1,1,1,
115641833907,1,2,1,1,1,1,
115643333907,1,2,1,1,1,1,
115643833907,1,2,1,1,1,1,
115644833907,1,1,1,1,1,1,
115645833907,1,2,1,1,1,1,
115646333907,1,1,1,1,1,1,
115646833907,1,2,1,1,1,1,
115647333907,1,1,1,1,1,1,
115647833907,1,1,1,1,1,1,
115648333907,1,2,1,1,1,1,
115648833907,1,1,1,1,1,1,
115649333907,1,1,1,1,1,1,
115649833907,1,2,1,1,1,1,
115650333907,1,1,1,1,1,1,
115651333907,1,1,1,1,1,1,
115651833907,1,1,1,1,1,1,
115652333907,1,1,1,1,1,1,
115653333907,1,2,1,1,1,1,
115653833907,1,2,1,1,1,1,
115654833907,1,1,1,1,1,1,
115655333907,1,2,1,1,1,1,
115655833907,1,1,1,1,1,1,
115656333907,1,1,1,1,1,1,
115657333907,1,2,1,1,1,1,
115657833907,1,2,1,1,1,1,
115658333907,1,2,1,1,1,1,
115658833907,1,1,1,1,1,1,
115661333907,1,1,1,1,1,1,
115661833907,1,1,1,1,1,1,
115663833907,1,2,1,1,1,1,
115666333907,1,2,1,1,1,1,
115669833907,1,1,1,1,1,1,
115670333907,1,1,1,1,1,1,
115671833907,1,2,1,1,1,1,
115672333907,1,2,1,1,1,1,
115672833907,1,1,1,1,1,1,
115674333907,1,1,1,1,1,1,
115674833907,1,1,1,1,1,1,
115675833907,1,2,1,1,1,1,
115676833907,1,1,1,1,1,1,
115677333907,1,2,1,1,1,1,
115677833907,1,1,1,1,1,1,
115678333907,1,1,1,1,1,1,
115679833907,1,2,1,1,1,1,
115680833907,1,2,1,1,1,1,
115681333907,1,1,1,1,1,1,
115682333907,1,1,1,1,1,1,
115683333907,1,1,1,1,1,1,
115683833907,1,2,1,1,1,1,
115684333907,1,2,1,1,1,1,
115687333907,1,2,1,1,1,1,
115688333907,1,1,1,1,1,1,
115689833907,1,1,1,1,1,1,
115690833907,1,2,1,1,1,1,
115691833907,1,1,1,1,1,1,
115693333907,1,1,1,1,1,1,
115693833907,1,2,1,1,1,1,
115694333907,1,1,1,1,1,1,
115696833907,1,2,2,1,1,1,
115697333907,1,2,1,1,1,1,
115698833907,1,1,1,1,1,1,
115699333907,1,1,1,1,1,1,
115699833907,1,2,1,1,1,1,
115701333907,1,1,1,1,1,1,
115701833907,1,1,1,1,1,1,
115702333907,1,2,1,1,1,1,
115703333907,1,1,1,1,1,1,
115706333907,1,2,1,1,1,1,
115706833907,1,1,1,1,1,1,
115707833907,1,1,1,1,1,1,
115708333907,1,1,1,1,1,1,
115709833907,1,1,1,1,1,1,
115710833907,1,1,1,1,1,1,
115712333907,1,2,1,1,1,1,
115712833907,1,1,1,1,1,1,
115713333907,1,1,1,1,1,1,
115715833907,1,2,1,1,1,1,
115716833907,1,1,1,1,1,1,
115717333907,1,1,1,1,1,1,
115718333907,1,1,1,1,1,1,
115721333907,1,1,1,1,1,1,
115721833907,1,1,1,1,1,1,
115722833907,1,1,1,1,1,1,
115724333907,1,1,1,1,1,1,
115726333907,1,1,1,1,1,1,
115726833907,1,2,1,1,1,1,
115728333907,1,1,1,1,1,1,
115729333907,1,1,1,1,1,1,
115729833907,1,2,1,1,1,1,
115730833907,1,1,1,1,1,1,
115732833907,1,1,1,1,1,1,
115733333907,1,1,1,1,1,1,
115734833907,1,2,1,1,1,1,
115735333907,1,2,1,1,1,1,
115736333907,1,2,1,1,1,1,
115737833907,1,1,1,1,1,1,
115738833907,1,1,1,1,1,1,
115740833907,1,1,1,1,1,1,
115741333907,1,1,1,1,1,1,
115741833907,1,2,1,1,1,1,
115742833907,1,2,1,1,1,1,
115745333907,1,2,1,1,1,1,
115751333907,1,1,1,1,1,1,
115751833907,1,1,1,1,1,1,
115752833907,1,1,1,1,1,1,
115753333907,1,2,1,1,1,1,
115756333907,1,1,1,1,1,1,
115757833907,1,1,1,1,1,1,
115758333907,1,2,1,1,1,1,
115758833907,1,1,1,1,1,1,
115759333907,1,1,1,1,1,1,
115759833907,1,2,1,1,1,1,
115760333907,1,2,1,1,1,1,
115762833907,1,1,1,1,1,1,
115764833907,1,1,1,1,1,1,
115765333907,1,1,1,1,1,1,
115766333907,1,1,1,1,1,1,
115766833907,1,1,1,1,1,1,
115767333907,1,2,1,1,1,1,
115767833907,1,1,1,1,1,1,
115768333907,1,1,1,1,1,1,
115769333907,1,1,1,1,1,1,
115769833907,1,2,1,1,1,1,
115770333907,1,1,1,1,1,1,
115771333907,1,1,1,1,1,1,
115771833907,1,1,1,1,1,1,
115772333907,1,2,1,1,1,1,
115774333907,1,2,1,1,1,1,
115775833907,1,1,1,1,1,1,
115776333907,1,1,1,1,1,1,
115777333907,1,1,1,1,1,1,
115777833907,1,1,1,1,1,1,
115779333907,1,2,1,1,1,1,
115780333907,1,1,1,1,1,1,
115781833907,1,1,1,1,1,1,
115782833907,1,1,1,1,1,1,
115783333907,1,1,1,1,1,1,
115783833907,1,2,1,1,1,1,
115786333907,1,1,1,1,1,1,
115786833907,1,1,1,1,1,1,
115787833907,1,2,1,1,1,1,
115788333907,1,2,1,1,1,1,
115789833907,1,1,1,1,1,1,
115790833907,1,1,1,1,1,1,
115792833907,1,1,1,1,1,1,
115796333907,1,1,1,1,1,1,
115798833907,1,1,1,1,1,1,
115799333907,1,2,1,1,1,1,
115799833907,1,1,1,1,1,1,
115800833907,1,1,1,1,1,1,
115801833907,1,2,1,1,1,1,
115802833907,1,1,1,1,1,1,
115803333907,1,1,1,1,1,1,
115803833907,1,1,1,1,1,1,
115804833907,1,1,1,1,1,1,
115805333907,1,2,1,1,1,1,
115805833907,1,2,1,1,1,1,
115806333907,1,2,1,1,1,1,
115807333907,1,1,1,1,1,1,
115809333907,1,1,1,1,1,1,
115810333907,1,2,1,1,1,1,
115813333907,1,1,1,1,1,1,
115814833907,1,1,1,1,1,1,
115815333907,1,1,1,1,1,1,
115816333907,1,1,1,1,1,1,
115817333907,1,2,2,1,1,1,
115817833907,1,1,1,1,1,1,
115818333907,1,1,1,1,1,1,
115818833907,1,1,1,1,1,1,
115819333907,1,2,1,1,1,1,
115819833907,1,2,2,2,1,1,
115820333907,1,1,1,1,1,1,
115820833907,1,1,1,1,1,1,
115822333907,1,1,1,1,1,1,
115824333907,1,1,1,1,1,1,
115825333907,1,1,1,1,1,1,
115825833907,1,1,1,1,1,1,
115827333907,1,1,1,1,1,1,
115830333907,1,1,1,1,1,1,
115833833907,1,1,1,1,1,1,
115834333907,1,1,1,1,1,1,
115834833907,1,1,1,1,1,1,
115835333907,1,1,1,1,1,1,
115835833907,1,1,1,1,1,1,
115836833907,1,1,1,1,1,1,
115838833907,1,1,1,1,1,1,
115839333907,1,2,1,1,1,1,
115840833907,1,2,1,1,1,1,
115841333907,1,1,1,1,1,1,
115841833907,1,2,1,1,1,1,
115842333907,1,1,1,1,1,1,
115843333907,1,2,1,1,1,1,
115843833907,1,1,1,1,1,1,
115844333907,1,1,1,1,1,1,
115845333907,1,1,1,1,1,1,
115847333907,1,1,1,1,1,1,
115848833907,1,2,1,1,1,1,
115849333907,1,1,1,1,1,1,
115850333907,1,2,1,1,1,1,
115850833907,1,1,1,1,1,1,
115851833907,1,1,1,1,1,1,
115852833907,1,1,1,1,1,1,
115853833907,1,1,1,1,1,1,
115854333907,1,1,1,1,1,1,
115855333907,1,1,1,1,1,1,
115855833907,1,2,1,1,1,1,
115856333907,1,2,1,1,1,1,
115857333907,1,1,1,1,1,1,
115858333907,1,1,1,1,1,1,
115859833907,1,1,1,1,1,1,
115860333907,1,1,1,1,1,1,
115860833907,1,2,1,1,1,1,
115861333907,1,1,1,1,1,1,
115861833907,1,2,1,1,1,1,
115862333907,1,1,1,1,1,1,
115862833907,1,1,1,1,1,1,
115863333907,1,2,1,1,1,1,
115863833907,1,1,1,1,1,1,
115864333907,1,2,1,1,1,1,
115865333907,1,1,1,1,1,1,
115867333907,1,1,1,1,1,1,
115869833907,1,2,1,1,1,1,
115870333907,1,1,1,1,1,1,
115870833907,1,2,1,1,1,1,
115871833907,1,1,1,1,1,1,
115872333907,1,1,1,1,1,1,
115873833907,1,1,1,1,1,1,
115874333907,1,1,1,1,1,1,
115874833907,1,1,1,1,1,1,
115875833907,1,2,1,1,1,1,
115876333907,1,1,1,1,1,1,
115878833907,1,1,1,1,1,1,
115880333907,1,1,1,1,1,1,
115881333907,1,1,1,1,1,1,
115881833907,1,2,1,1,1,1,

