,W-0,R-0,R-1,R-2,R-3,R-4,
130294232350,1,2,1,1,1,1,
130295732350,1,2,2,2,2,2,
130296732350,1,2,2,1,1,1,
130297732350,1,2,2,1,2,1,
130298732350,1,2,2,2,2,2,
130299232350,1,2,2,2,1,2,
130299732350,1,2,1,1,1,1,
130300232350,1,2,1,1,1,1,
130300732350,1,2,2,1,1,1,
130301232350,1,2,2,2,1,1,
130302732350,1,2,1,1,1,1,
130303732350,1,2,1,1,1,1,
130304232350,1,2,2,2,2,1,
130304732350,1,2,2,1,1,1,
130305232350,1,2,1,1,1,1,
130305732350,1,2,1,1,1,1,
130306232350,1,2,2,1,1,1,
130306732350,1,2,1,1,1,1,
130307732350,1,2,1,1,1,1,
130308232350,1,2,1,1,1,1,
130308732350,1,2,1,1,1,1,
130309232350,1,2,2,1,1,1,
130310232350,1,2,1,1,1,1,
130311232350,1,2,1,1,1,1,
130311732350,1,2,2,2,1,1,
130313732350,1,2,1,1,1,1,
130314232350,1,2,2,1,1,1,
130314732350,1,2,2,1,2,1,
130315232350,1,2,1,1,1,1,
130315732350,1,2,2,2,1,1,
130318232350,1,2,1,1,1,1,
130319232350,1,2,1,1,1,1,
130319732350,1,2,2,1,1,2,
130320232350,1,2,1,2,1,1,
130320732350,1,2,1,1,1,1,
130321232350,1,2,1,1,1,1,
130322232350,1,2,1,1,1,1,
130322732350,1,2,2,1,1,1,
130323232350,1,2,1,1,1,1,
130325232350,1,2,1,1,1,1,
130325732350,1,2,1,1,1,1,
130327232350,1,2,1,1,1,1,
130327732350,1,2,1,1,1,1,
130328232350,1,2,2,2,1,2,
130328732350,1,2,1,1,1,1,
130329732350,1,2,1,1,1,1,
130331232350,1,2,1,1,1,1,
130331732350,1,2,2,1,1,1,
130332232350,1,2,1,1,1,1,
130333232350,1,2,1,1,1,1,
130334732350,1,2,2,2,2,2,
130335732350,1,2,1,1,1,1,
130337232350,1,2,1,1,1,1,
130337732350,1,2,1,1,1,1,
130338732350,1,2,1,1,1,1,
130339232350,1,2,1,1,2,1,
130340732350,1,2,1,1,1,1,
130341232350,1,2,1,1,1,1,
130341732350,1,2,1,1,2,1,
130342232350,1,2,2,1,1,1,
130344232350,1,2,1,1,1,1,
130346232350,1,2,1,1,1,1,
130346732350,1,2,2,1,1,1,
130348232350,1,2,1,1,1,1,
130349732350,1,2,1,1,1,1,
130352232350,1,2,1,1,1,1,
130352732350,1,2,1,1,1,1,
130353732350,1,2,2,2,2,2,
130354232350,1,2,2,1,1,2,
130354732350,1,2,1,1,1,1,
130355732350,1,2,1,1,1,1,
130358232350,1,2,1,1,1,1,
130358732350,1,2,1,1,1,1,
130359732350,1,2,1,1,1,1,
130360232350,1,2,2,2,2,1,
130360732350,1,2,1,1,1,1,
130361232350,1,2,1,1,1,1,
130363232350,1,2,1,1,1,1,
130364232350,1,2,2,1,2,2,
130366732350,1,2,1,1,1,1,
130367732350,1,2,1,1,1,1,
130368232350,1,2,1,1,1,1,
130370732350,1,2,1,1,1,1,
130371232350,1,2,1,1,2,2,
130372232350,1,2,2,1,1,1,
130374732350,1,2,1,1,1,1,
130376232350,1,2,2,2,2,2,
130376732350,1,2,1,1,1,1,
130377232350,1,2,2,1,1,1,
130377732350,1,2,1,1,1,1,
130378232350,1,2,1,1,1,1,
130378732350,1,2,2,1,1,1,
130379232350,1,2,2,2,1,1,
130380732350,1,2,1,1,1,1,
130381232350,1,2,1,1,1,1,
130381732350,1,2,1,1,1,1,
130384232350,1,2,1,1,1,1,
130384732350,1,2,2,1,2,2,
130385732350,1,2,2,2,1,1,
130386732350,1,2,1,1,1,1,
130387232350,1,2,2,2,2,1,
130387732350,1,2,1,1,1,1,
130388232350,1,2,1,1,1,1,
130390732350,1,2,1,1,1,1,
130392732350,1,2,1,1,1,1,
130393232350,1,2,2,1,1,1,
130393732350,1,2,1,1,1,2,
130394232350,1,2,2,1,1,1,
130394732350,1,2,1,2,1,2,
130395232350,1,2,2,1,1,1,
130396732350,1,2,1,1,1,1,
130397732350,1,2,2,1,1,1,
130398232350,1,2,1,1,1,1,
130398732350,1,2,2,2,2,1,
130399232350,1,2,1,1,1,1,
130400732350,1,2,2,1,1,1,
130401232350,1,2,1,1,1,1,
130402232350,1,2,2,1,1,1,
130404232350,1,2,1,1,1,1,
130405232350,1,2,2,1,1,1,
130406232350,1,2,1,1,1,1,
130407232350,1,2,1,1,1,1,
130407732350,1,2,2,1,1,1,
130409232350,1,2,2,1,1,1,
130411732350,1,2,2,2,2,2,
130412732350,1,2,1,1,1,1,
130415232350,1,2,1,1,1,1,
130415732350,1,2,1,1,1,1,
130416232350,1,2,1,1,1,1,
130416732350,1,2,2,2,2,1,
130418232350,1,2,2,1,2,1,
130418732350,1,2,1,2,2,2,
130419232350,1,2,1,1,1,1,
130421232350,1,2,1,1,1,1,
130422732350,1,2,2,1,1,1,
130423232350,1,2,1,2,2,1,
130423732350,1,2,1,1,1,1,
130424232350,1,2,1,2,2,1,
130424732350,1,2,1,1,1,1,
130425232350,1,2,1,1,1,1,
130425732350,1,2,2,1,1,1,
130427232350,1,2,1,1,1,1,
130428232350,1,2,1,1,1,1,
130428732350,1,2,2,1,2,2,
130429232350,1,2,2,2,2,2,
130429732350,1,2,2,2,2,1,
130430732350,1,2,1,1,1,1,
130431732350,1,2,2,1,1,1,
130432732350,1,2,1,1,1,1,
130433232350,1,2,1,1,1,1,
130433732350,1,2,1,1,1,1,
130436232350,1,2,1,1,1,1,
130438232350,1,2,2,1,1,1,
130439732350,1,2,2,1,1,1,
130441732350,1,2,1,1,1,1,
130442232350,1,2,1,1,1,1,
130443232350,1,2,1,1,1,1,
130444232350,1,2,2,1,1,1,
130444732350,1,2,1,1,1,1,
130445232350,1,2,1,1,1,1,
130447732350,1,2,1,1,1,1,
130448732350,1,2,1,1,2,2,
130450232350,1,2,1,1,1,1,
130452732350,1,2,1,1,1,1,
130454232350,1,2,1,1,1,1,
130455732350,1,2,1,1,1,1,
130457232350,1,2,2,2,1,1,
130458732350,1,2,1,1,1,1,
130459232350,1,2,2,1,1,1,
130459732350,1,2,2,2,2,1,
130460232350,1,2,1,1,1,1,
130460732350,1,2,1,1,1,1,
130461732350,1,2,2,2,1,1,
130462232350,1,2,2,1,1,1,
130462732350,1,2,1,1,1,1,
130463732350,1,2,1,1,1,1,
130465732350,1,2,1,1,1,1,
130466732350,1,2,2,1,1,1,
130469732350,1,2,2,1,1,1,
130470232350,1,2,2,1,1,1,
130471232350,1,2,2,1,1,1,
130472732350,1,2,1,1,1,1,
130473232350,1,2,1,2,1,1,
130473732350,1,2,2,1,1,1,
130474232350,1,2,1,1,1,1,
130475232350,1,2,1,1,1,1,
130476232350,1,2,1,1,1,1,
130476732350,1,2,2,2,2,2,
130477732350,1,2,1,1,2,2,
130479232350,1,2,2,2,1,2,
130479732350,1,2,2,1,1,1,
130480732350,1,2,2,1,1,1,
130481232350,1,2,2,2,2,2,
130481732350,1,2,2,1,1,2,
130482232350,1,2,2,2,2,1,
130484232350,1,1,1,1,1,1,
130484732350,1,2,1,1,1,1,
130486232350,1,2,1,1,1,2,
130486732350,1,2,1,1,1,1,
130487232350,1,2,1,1,1,1,
130489232350,1,2,2,2,2,1,
130490232350,1,2,2,1,1,1,
130494232350,1,2,1,1,1,1,
130494732350,1,2,1,1,1,1,
130495732350,1,2,1,1,1,1,
130496232350,1,2,2,2,1,1,
130497232350,1,2,2,2,1,1,
130497732350,1,2,1,1,1,1,
130498232350,1,2,2,1,1,1,
130499232350,1,2,2,1,1,1,
130499732350,1,2,2,2,2,1,
130501232350,1,2,2,2,1,1,
130501732350,1,2,1,1,1,1,
130503232350,1,2,2,1,1,1,
130503732350,1,2,2,1,1,1,
130504232350,1,2,1,1,1,1,
130505232350,1,2,1,1,1,1,
130506232350,1,2,1,1,1,1,
130507732350,1,2,2,1,1,1,
130508732350,1,2,1,1,1,1,
130510732350,1,2,1,1,1,1,
130511232350,1,2,1,1,1,1,
130511732350,1,2,2,1,1,1,
130512232350,1,2,1,1,1,1,
130513232350,1,2,1,1,1,1,
130513732350,1,2,2,2,2,2,
130514232350,1,2,1,1,1,1,
130514732350,1,2,1,1,1,1,
130515232350,1,2,1,1,1,1,
130515732350,1,2,1,1,1,1,
130517732350,1,2,2,1,2,1,
130518732350,1,2,2,2,2,2,
130520232350,1,2,2,2,2,2,
130522732350,1,2,2,1,1,1,
130523232350,1,2,1,1,1,1,
130523732350,1,2,1,2,2,2,
130525232350,1,2,1,1,2,1,
130525732350,1,2,1,1,1,1,
130526732350,1,2,2,1,1,1,
130527732350,1,2,1,1,1,1,
130528232350,1,2,2,2,2,2,
130528732350,1,2,1,1,1,1,
130529232350,1,2,1,1,1,1,
130529732350,1,2,2,2,2,1,
130530232350,1,2,1,1,1,1,
130530732350,1,2,2,1,1,1,
130531232350,1,2,1,1,1,1,
130531732350,1,2,1,1,1,1,
130532232350,1,2,2,1,1,2,
130533232350,1,2,1,1,1,1,
130533732350,1,2,2,2,1,1,
130534232350,1,2,1,1,1,1,
130535232350,1,2,1,1,1,1,
130535732350,1,2,2,2,2,2,
130536732350,1,2,2,1,1,1,
130537232350,1,2,1,1,1,1,
130537732350,1,2,1,1,1,1,
130538232350,1,2,2,1,1,1,
130539232350,1,2,1,1,1,1,
130539732350,1,2,1,1,1,1,
130540232350,1,2,1,1,1,1,
130540732350,1,2,1,1,1,1,
130543232350,1,2,1,1,1,1,
130543732350,1,2,1,1,1,1,
130545732350,1,2,2,2,2,1,
130548232350,1,2,2,1,1,1,
130551732350,1,2,1,1,1,1,
130552232350,1,2,1,1,1,1,
130553732350,1,2,1,1,1,1,
130554232350,1,2,1,1,1,1,
130554732350,1,2,1,1,1,1,
130556232350,1,2,1,2,1,1,
130556732350,1,2,1,1,1,1,
130557732350,1,2,1,2,1,2,
130558732350,1,2,1,1,1,1,
130559232350,1,2,1,1,1,1,
130559732350,1,2,1,1,1,1,
130560232350,1,2,1,1,1,1,
130561732350,1,2,1,1,1,1,
130562732350,1,2,1,1,1,1,
130563232350,1,2,1,1,1,1,
130564232350,1,2,1,1,1,1,
130565232350,1,2,1,1,1,1,
130565732350,1,2,1,1,1,1,
130566232350,1,2,2,1,1,1,
130569232350,1,2,1,1,1,1,
130570232350,1,2,2,2,1,2,
130571732350,1,2,2,1,1,1,
130572732350,1,2,1,1,1,1,
130573732350,1,2,1,1,1,1,
130575232350,1,2,2,2,1,2,
130575732350,1,2,2,1,1,1,
130576232350,1,2,2,1,1,1,
130578732350,1,2,1,1,1,1,
130579232350,1,2,1,1,1,1,
130580732350,1,2,1,1,1,1,
130581232350,1,2,1,1,1,1,
130581732350,1,2,2,1,1,1,
130583232350,1,2,1,1,1,1,
130583732350,1,2,1,2,2,1,
130584232350,1,2,2,1,1,1,
130585232350,1,2,1,1,1,1,
130588232350,1,2,1,1,1,1,
130588732350,1,2,1,1,2,2,
130589732350,1,2,1,1,1,1,
130590232350,1,2,1,1,1,1,
130591732350,1,2,1,1,1,1,
130592732350,1,2,1,1,1,1,
130594232350,1,2,2,1,1,1,
130594732350,1,2,1,1,1,1,
130595232350,1,2,2,1,1,1,
130597732350,1,2,2,1,1,1,
130598732350,1,2,1,1,1,1,
130599232350,1,2,2,1,1,1,
130600232350,1,2,1,1,1,1,
130603232350,1,2,1,1,1,1,
130603732350,1,2,1,1,1,1,
130604732350,1,2,2,1,1,1,
130606232350,1,2,1,1,1,1,
130608232350,1,2,2,1,1,1,
130608732350,1,2,1,1,1,1,
130610232350,1,2,1,2,1,1,
130611232350,1,2,1,1,1,1,
130611732350,1,2,1,2,2,2,
130612732350,1,2,1,1,1,1,
130614732350,1,2,2,2,2,1,
130615232350,1,2,1,1,1,1,
130616732350,1,2,1,1,1,1,
130617232350,1,2,2,1,2,2,
130618232350,1,2,1,1,1,1,
130619732350,1,2,2,1,1,1,
130620732350,1,2,2,2,2,1,
130622732350,1,2,1,1,1,1,
130623232350,1,2,1,1,1,1,
130623732350,1,2,2,2,2,2,
130624732350,1,2,1,1,1,1,
130627232350,1,2,2,1,1,1,
130633232350,1,2,2,1,1,1,
130633732350,1,2,1,1,1,1,
130634732350,1,2,2,1,1,1,
130635232350,1,2,2,2,1,1,
130638232350,1,2,1,1,1,1,
130639732350,1,2,2,2,2,2,
130640232350,1,2,2,2,1,1,
130640732350,1,2,1,1,1,1,
130641232350,1,2,1,1,1,1,
130641732350,1,2,1,1,1,1,
130642232350,1,2,2,1,1,2,
130644732350,1,2,1,2,2,1,
130646732350,1,2,1,1,1,1,
130647232350,1,1,1,1,1,1,
130648232350,1,2,1,1,1,1,
130648732350,1,2,1,1,1,1,
130649232350,1,2,1,1,1,1,
130649732350,1,2,1,1,1,1,
130650232350,1,2,1,1,1,1,
130651232350,1,2,2,1,1,1,
130651732350,1,2,1,1,1,1,
130652232350,1,2,2,1,1,1,
130653232350,1,2,1,1,1,1,
130653732350,1,2,1,1,1,1,
130654232350,1,2,2,1,1,1,
130656232350,1,2,1,1,1,1,
130657732350,1,2,1,1,1,1,
130658232350,1,2,1,2,1,1,
130659232350,1,2,2,2,2,1,
130659732350,1,2,1,1,1,1,
130661232350,1,2,2,2,1,2,
130662232350,1,2,1,1,1,1,
130663732350,1,2,1,1,1,1,
130664732350,1,2,2,1,1,1,
130665232350,1,2,1,1,1,1,
130665732350,1,2,1,1,1,1,
130668232350,1,2,1,1,1,1,
130668732350,1,2,1,1,1,1,
130669732350,1,2,1,1,1,1,
130670232350,1,2,1,1,1,1,
130671732350,1,2,2,1,1,1,
130672732350,1,2,1,1,1,1,
130674732350,1,2,2,1,1,1,
130678232350,1,2,2,1,1,1,
130680732350,1,2,2,2,1,1,
130681232350,1,2,1,1,1,1,
130681732350,1,2,1,1,1,1,
130682732350,1,2,2,1,1,1,
130683732350,1,2,2,2,2,2,
130684732350,1,2,1,1,1,1,
130685232350,1,2,1,1,1,1,
130685732350,1,2,1,2,1,1,
130686732350,1,2,2,1,1,1,
130687232350,1,2,1,1,1,1,
130687732350,1,2,1,2,1,1,
130688232350,1,2,1,1,1,1,
130689232350,1,2,2,1,1,1,
130691232350,1,2,1,1,1,1,
130692232350,1,2,1,1,1,1,
130695232350,1,1,1,1,1,1,
130696732350,1,2,2,1,1,1,
130697232350,1,2,1,1,1,1,
130698232350,1,2,1,1,1,1,
130699232350,1,2,1,1,1,1,
130699732350,1,2,1,1,1,1,
130700232350,1,2,1,1,1,1,
130700732350,1,2,1,1,1,1,
130701232350,1,2,1,1,1,1,
130701732350,1,2,1,1,1,1,
130702232350,1,2,1,1,1,1,
130702732350,1,2,1,2,1,1,
130704232350,1,2,1,1,1,1,
130706232350,1,2,2,1,1,2,
130707232350,1,2,2,1,2,1,
130707732350,1,2,1,1,1,1,
130709232350,1,2,1,1,1,1,
130712232350,1,2,2,2,1,1,
130715732350,1,2,2,1,1,1,
130716232350,1,2,1,1,1,1,
130716732350,1,2,1,1,1,1,
130717232350,1,2,1,1,1,1,
130717732350,1,2,1,1,1,1,
130718732350,1,2,2,1,1,1,
130720732350,1,2,1,1,1,1,
130721232350,1,2,1,1,1,1,
130722732350,1,2,1,1,1,1,
130723232350,1,2,1,1,1,1,
130723732350,1,2,1,1,1,1,
130724232350,1,2,2,2,2,2,
130725232350,1,2,2,1,1,1,
130725732350,1,2,1,1,1,1,
130726232350,1,2,2,1,1,1,
130727232350,1,2,2,2,1,1,
130729232350,1,2,1,1,1,1,
130730732350,1,2,1,1,1,1,
130731232350,1,2,1,1,1,1,
130732232350,1,2,1,1,1,1,
130732732350,1,2,2,1,2,1,
130733732350,1,2,1,1,1,1,
130734732350,1,2,1,1,1,1,
130735732350,1,2,1,2,1,1,
130736232350,1,2,1,1,1,1,
130737232350,1,2,2,1,1,1,
130737732350,1,2,1,1,1,1,
130738232350,1,2,2,1,1,1,
130739232350,1,2,1,1,1,1,
130740232350,1,2,2,1,1,2,
130741732350,1,2,2,1,1,1,
130742232350,1,2,2,1,1,1,
130742732350,1,2,1,1,1,1,
130743232350,1,2,1,2,2,1,
130743732350,1,2,1,1,2,2,
130744232350,1,2,2,1,1,1,
130744732350,1,2,1,1,1,1,
130745232350,1,2,1,2,1,1,
130745732350,1,2,2,2,2,2,
130746232350,1,2,2,1,1,1,
130747232350,1,2,2,2,1,1,
130749232350,1,2,1,1,1,1,
130751732350,1,2,1,1,1,1,
130752232350,1,2,2,2,2,1,
130752732350,1,2,1,1,1,1,
130753732350,1,2,1,1,1,1,
130754232350,1,2,1,1,1,1,
130755732350,1,2,2,1,1,1,
130756232350,1,2,2,1,1,1,
130756732350,1,2,1,1,1,1,
130757732350,1,2,2,1,1,1,
130758232350,1,2,2,1,1,1,
130760732350,1,2,1,1,1,1,
130762232350,1,2,1,1,1,1,
130763232350,1,2,1,1,1,1,
130763732350,1,2,1,1,1,1,

