,W-0,R-0,R-1,R-2,R-3,R-4,
125531813315,35667,21426,21807,12037,13273,13791,
125533313315,300000,14470,5852,5641,6947,8993,
125534313315,178556,13540,36151,5045,20523,20231,
125535313315,300000,23840,3218,4915,18152,9251,
125536313315,NULL,NULL,NULL,NULL,NULL,NULL,
125536813315,99037,61396,70153,60341,59968,60386,
125537313315,300000,12398,3247,4899,7076,8845,
125537813315,NULL,NULL,NULL,NULL,NULL,NULL,
125538313315,32535,12973,11965,11059,15452,14055,
125538813315,47800,12389,12882,11597,13303,11013,
125540313315,53006,1357,2916,48931,18596,42874,
125541313315,21124,12068,2951,4842,6835,8976,
125541813315,40519,11908,14232,4933,7035,8939,
125542313315,15934,11960,2996,16255,7209,8838,
125542813315,22758,11868,2898,4856,6831,8830,
125543313315,46554,12385,3359,5044,6970,9187,
125543813315,52936,12918,3009,4965,6917,9001,
125544313315,16901,12164,3016,4896,6941,8898,
125545313315,31924,12796,2893,4903,6984,8883,
125545813315,46927,12197,3092,4861,6858,9010,
125546313315,15550,11741,3104,4928,6838,9137,
125546813315,25062,11779,2904,4942,6955,8955,
125547813315,23765,11836,2948,4818,6999,8897,
125548813315,35057,1331,2889,4949,6825,8922,
125549313315,24717,11955,14622,5096,6907,9000,
125551313315,30825,11537,3147,5318,6827,8924,
125551813315,29044,7075,7843,7566,7230,9443,
125552313315,21300,1126,3072,4775,6861,10760,
125552813315,19293,12337,2894,4772,6876,9101,
125553313315,16517,11722,13582,4914,6956,8912,
125555813315,184434,110608,112088,125174,115820,129336,
125556813315,49003,11841,2996,4984,7055,9142,
125557313315,36230,12141,3164,4835,6791,8911,
125557813315,11057,12244,2870,4869,6919,8846,
125558313315,25842,1932,2825,4910,6831,8764,
125558813315,110366,11942,14228,4833,6851,8948,
125559813315,36735,12253,2811,4790,6621,8852,
125560313315,78872,3157,2931,4767,6717,8808,
125560813315,35459,12643,2845,4854,6862,9277,
125562813315,62343,11879,2813,4775,6959,8781,
125563313315,21221,1465,3012,4676,6805,8801,
125564813315,14607,1678,2993,4835,6960,8942,
125565313315,29344,12126,2952,4748,6855,8812,
125565813315,21381,12087,13787,4818,6756,8806,
125566313315,30448,11770,13500,4848,6783,8798,
125567313315,45774,12164,13636,4743,6735,41429,
125568813315,122422,87811,90103,91219,82356,94818,
125569313315,78114,11974,13797,4867,6933,8946,
125569813315,116582,22475,2862,15953,7555,8852,
125570813315,27243,11855,13735,4911,6751,8912,
125572313315,27178,11875,13863,4896,6856,8805,
125573313315,39398,11887,13547,15575,6896,8948,
125574813315,45516,1395,2673,4794,6786,8928,
125575313315,21313,11938,2904,4683,6803,8864,
125576313315,33401,12415,2908,5060,6861,8799,
125576813315,48335,12096,3618,5055,7018,8925,
125578313315,36364,12180,2862,4822,6815,8835,
125578813315,34772,11806,2853,4790,6612,8662,
125579313315,26360,11934,3035,4883,6790,8919,
125579813315,24316,1144,2870,4662,6850,9649,
125581813315,39897,11838,24893,15997,17542,19488,
125583813315,43045,11826,2838,4843,6876,8828,
125584313315,40915,1594,3440,4806,6792,8970,
125585813315,45488,12011,3011,5135,6808,8824,
125587313315,83085,12022,13669,4850,6763,8887,
125589813315,22284,1321,2862,15466,17570,8929,
125590313315,15207,12001,3028,5329,6785,8871,
125591313315,46471,11957,3078,4900,6958,8982,
125591813315,48364,11848,2855,4978,6865,8827,
125592313315,29067,1313,3038,4863,6842,8803,
125593313315,29464,11721,2752,4743,6818,8818,
125595813315,35354,11626,2873,4806,6761,8731,
125596313315,10453,12681,15392,5116,7024,8959,
125597313315,42504,11865,2953,4895,17650,19664,
125597813315,29515,11789,2831,28883,6755,8798,
125598313315,55219,1135,2725,4945,6848,8898,
125598813315,36061,1190,13670,15845,17388,19534,
125600813315,36647,11778,3385,4989,6670,8854,
125601813315,28002,11362,2810,4888,6767,19606,
125604313315,17570,11817,2879,4824,6822,8875,
125605313315,103184,11973,3010,4810,6850,8842,
125605813315,72980,20872,21094,20954,20534,30977,
125608313315,29169,11943,2762,5128,6818,8876,
125608813315,43407,11805,13268,4733,6588,8581,
125609813315,55888,2025,2865,4868,6732,8656,
125612313315,17300,1210,2893,4811,6764,8803,
125613813315,23948,11820,2907,4744,6764,8954,
125614313315,39922,11843,2859,4858,6848,8810,
125614813315,57875,11901,3061,4830,7091,8851,
125615313315,300000,11991,13812,4822,17881,8812,
125615813315,67333,12009,2960,4846,6888,8964,
125616313315,11287,12287,2833,4918,6948,8918,
125616813315,31337,12098,2898,4772,6961,8986,
125618313315,24642,11557,2962,4794,6794,8853,
125618813315,35202,11873,2897,4860,6821,8847,
125619313315,107550,12220,3118,5045,6828,8818,
125621813315,10794,1381,2844,4788,6886,8937,
125622313315,30407,11887,2785,4784,17530,8811,
125623313315,15545,11917,2850,4938,6801,8805,
125624313315,35884,1495,24426,15602,6950,30647,
125624813315,48221,11850,2897,4856,6679,8853,
125625313315,40620,11912,2918,4889,6841,8880,
125625813315,96470,1177,2979,5298,6757,8730,
125628313315,9020,11949,2916,15583,7437,8880,
125630313315,65000,1144,2879,4891,6643,8816,
125630813315,100941,1310,13333,4862,6855,8812,
125631313315,13862,11596,3090,4790,6667,8769,
125631813315,33522,1216,2854,4877,7008,8906,
125632313315,24518,11818,2893,4833,7106,9450,
125632813315,50912,11990,2876,4884,6736,8750,
125634313315,39753,11605,2972,4808,6761,8825,
125635313315,105571,11929,2930,5920,17641,8956,
125635813315,31852,1635,13548,4801,6854,9202,
125636313315,30430,12037,2810,4816,6799,8848,
125636813315,30247,1390,2819,5156,6766,8864,
125638313315,52394,13150,2904,4968,6799,12348,
125638813315,38342,11973,13931,4826,7000,8940,
125639813315,17048,11770,3106,4988,6805,8753,
125641813315,19999,11736,2845,4877,6741,8634,
125642813315,33603,11919,2771,4908,6799,11855,
125643813315,20983,11736,2782,4802,6790,8749,
125644813315,30628,11655,2941,4814,6787,8785,
125645313315,31652,11587,2818,4815,6792,8813,
125646813315,19114,11729,2893,4793,6741,8750,
125649313315,17768,12132,3313,15573,17584,8675,
125650313315,47152,11924,3113,4903,6961,8886,
125652813315,21537,16028,5773,5427,6995,8766,
125653313315,69020,11841,3221,4875,6766,8826,
125653813315,43386,11860,13540,4858,6796,8764,
125654313315,48996,11916,2869,4792,6983,8830,
125655813315,8009,1297,13884,15575,6939,20756,
125656313315,22035,11646,3011,4787,6725,8824,
125656813315,8589,12086,2936,4881,7237,8958,
125658813315,17537,11665,2831,4808,6833,8821,
125660313315,11410,11885,2833,4796,7063,8818,
125660813315,66052,12585,13664,4823,6811,8925,
125661313315,46768,11816,2932,15558,6847,8776,
125661813315,84258,11888,2984,4906,6854,8891,
125662313315,35034,11571,2865,4853,6653,8753,
125662813315,121433,50838,49585,49784,49974,50801,
125663313315,26028,1210,2847,4856,6926,8864,
125664813315,41442,11818,2795,4757,6748,9329,
125665813315,37769,11897,13828,4796,6784,8827,
125666313315,300000,11984,2977,4923,6820,8928,
125666813315,65036,12356,2953,4856,17629,19854,
125667313315,19130,1252,14033,4837,6933,8801,
125668313315,36674,12020,13893,4964,6963,8846,
125669313315,73468,12182,2890,5122,6912,8939,
125670313315,27840,1449,2887,4782,6820,8725,
125670813315,38004,1550,2782,4839,6887,8874,
125671313315,19957,11995,2876,4909,6822,8864,
125673813315,37443,1203,14035,4739,6829,19634,
125675813315,284860,11929,2940,4810,6732,8943,
125677313315,188727,12021,3073,5196,7145,8855,
125679313315,300000,1566,13835,5131,7102,9778,
125679813315,252060,11574,13632,15596,7016,8895,
125680813315,48246,11963,13974,15852,6943,9270,
125681813315,58289,11758,2860,5600,6741,8914,
125682313315,34142,1252,2772,4724,6674,8750,
125682813315,50281,12267,34813,4841,28173,8818,
125685313315,35348,11807,2595,4867,6626,8770,
125686313315,8537,11888,2886,4719,6686,11846,
125687813315,300000,11793,2887,5062,6857,9008,
125690313315,15233,11379,13319,4764,6603,8802,
125691813315,83543,1341,34475,4737,17818,8947,
125693313315,19817,11998,2643,4683,6788,8846,
125694813315,14120,11810,2967,4861,7580,8813,
125696313315,48369,3878,13820,5325,6779,8752,
125696813315,23939,11774,2623,15554,6738,19445,
125697313315,27329,11629,2827,4806,6730,8676,
125697813315,14783,1140,2818,4908,6731,9761,
125698313315,56037,11791,3026,16165,6799,8723,
125699313315,32156,11739,2897,4765,6918,8788,
125699813315,48560,8505,13640,15756,17600,19633,
125700313315,17474,11586,2933,4904,6678,8799,
125701313315,42468,11815,13450,4739,6839,8798,
125703313315,51471,11890,2907,4828,6837,8844,
125704313315,87888,11650,2874,4740,6733,8826,
125707313315,42347,12658,3041,4619,6716,8737,
125707813315,93547,15465,5467,5567,6929,8681,
125708813315,43067,1304,13602,4877,6784,8929,
125710313315,221993,68181,67505,67675,67302,68895,
125710813315,300000,11995,13588,15430,28096,8857,
125711313315,258753,176596,176515,180033,180125,174663,
125711813315,207017,12161,24639,15737,17827,30669,
125712813315,150044,12281,3310,16501,8554,9426,
125713813315,115355,44195,35834,37382,42419,42492,
125714313315,58930,11760,3039,4981,6939,8841,
125715313315,50434,1260,2845,4846,6862,8677,
125716813315,21914,11779,2625,4897,6803,8746,
125717313315,27204,11603,2819,4783,6802,9235,
125718313315,22786,11784,2843,4835,6834,8792,
125718813315,28399,12218,2812,4778,6778,19996,
125719313315,26288,1140,2845,4916,6844,8779,
125719813315,52430,11816,3006,4838,6877,8913,
125721813315,33903,11636,2831,4735,6843,8815,
125722313315,28222,1183,13603,4849,6893,8741,
125723813315,29452,11596,2806,4891,6764,8811,
125724313315,50347,11942,3000,5341,6830,9013,
125724813315,36883,1268,2800,4981,6918,8805,
125726813315,51502,11760,2865,4731,6739,8996,
125727813315,30097,1205,2890,4825,17448,19939,
125731813315,18283,12623,2834,4931,6834,9090,
125732313315,121185,11882,2873,4954,6825,8861,
125733313315,191016,11978,2936,5030,7056,8941,
125733813315,69090,1115,2823,4840,6677,8791,
125734813315,12443,11850,13850,4877,6749,8801,
125735313315,88677,11783,13647,4903,6792,8822,
125735813315,30545,11592,2952,5014,6752,8786,
125736813315,42017,11969,2934,4978,6732,8832,
125737313315,12671,11744,2834,4806,6799,8942,
125738813315,35138,12080,2877,4954,6887,8776,
125739313315,42142,1155,2725,4859,6721,8791,
125740813315,24432,11563,2727,4853,6770,8831,
125741313315,33561,11813,2782,4795,6887,8888,
125741813315,20140,1422,2854,4863,6886,9046,
125742813315,16366,1248,2779,4847,6764,8841,
125743813315,53087,12372,2992,15840,6820,8832,
125745313315,32165,11776,13535,5011,6800,8807,
125746313315,52391,11486,2823,4786,6649,8838,
125748313315,34896,1362,13572,4899,6754,8833,
125748813315,35303,11814,13666,4792,6840,9164,
125749313315,27813,12314,2857,4947,6807,8778,
125749813315,42142,11455,2841,4792,6825,8735,
125750813315,64342,1574,3231,4858,6775,8768,
125751313315,25461,1183,2833,4800,6735,8865,
125751813315,35196,11830,2874,4958,6826,8611,
125752313315,50275,11918,13753,15489,17590,8872,
125752813315,32205,11885,13519,4836,6827,8866,
125753313315,58231,14036,13857,13660,17650,19588,
125755313315,15993,11733,2847,4853,6618,8909,
125756313315,40284,11520,2621,4766,6718,8657,
125757813315,24591,11302,2845,4850,6801,8784,
125760313315,38585,11741,3014,4970,6924,8847,
125760813315,8988,11805,2856,4985,6836,8871,
125761313315,45923,12031,3158,4986,6776,8821,
125762813315,12962,1504,3049,5027,6868,8864,
125763313315,20552,11786,2882,5108,6834,8741,
125764313315,51058,1167,2766,4746,6818,8784,
125765313315,62275,22530,3421,26561,17792,19604,
125765813315,96569,1149,13619,4778,6755,8783,
125766313315,277179,11943,3038,4931,6914,8787,
125766813315,69280,1496,2802,16779,18079,8854,
125767313315,37897,11681,2853,4824,6788,8806,
125767813315,30111,1346,2771,4804,6720,8771,
125768313315,16661,11905,2956,5007,6841,8917,
125768813315,43919,11662,2838,4974,6780,8841,
125769313315,48530,1378,3466,4801,6841,8933,
125769813315,12437,11500,2718,4997,6807,8815,
125770813315,23646,11822,3135,4849,6803,8869,
125771313315,38889,1234,2903,4819,6854,8679,
125771813315,22339,11870,3180,4905,7064,9026,
125772813315,111678,1229,3010,4961,6883,8971,
125773313315,56919,11646,2826,4749,6774,8652,
125774313315,19463,1224,2869,4811,17469,8845,
125774813315,29145,11502,2827,15757,28395,9202,
125775313315,32961,1215,13793,4859,9836,8879,
125775813315,36347,1198,2894,4897,6784,8824,
125776813315,33349,11841,2965,4953,6649,8786,
125777313315,37266,11566,2846,4896,6965,8916,
125777813315,52157,11782,13458,15420,10336,19268,
125778313315,10819,1331,3065,4622,6833,8999,
125780813315,14560,11494,2809,4881,6668,8744,
125781313315,29068,1355,2929,4844,6779,8802,
125783313315,32908,33047,2835,4797,6794,30154,
125785813315,38898,1823,13622,4732,6830,8838,
125789313315,70633,22576,13573,4908,6939,19590,
125789813315,30863,1349,2869,4829,6752,8797,
125791313315,59948,22768,26282,17585,28906,19828,
125791813315,18386,11722,2878,4790,6781,8804,
125792313315,45322,12367,13901,15566,6863,8856,
125793813315,34430,1343,2844,4646,17478,19609,
125794313315,79184,12242,3089,5044,7059,8912,
125795313315,300000,22832,2770,15616,6802,8828,
125796313315,48081,15305,2996,4853,6938,8821,
125796813315,78152,11977,2744,4804,6916,8840,
125797313315,32894,11523,13395,4784,6643,8781,
125797813315,25648,1323,2743,4830,6951,8884,
125799313315,20456,11947,2869,4798,6804,8765,
125800313315,51227,11761,2845,4841,6791,8790,
125800813315,51410,11626,2737,4846,6798,9002,
125801813315,29847,11798,2750,4799,6781,8787,
125802813315,25390,11621,2756,4818,6902,9223,
125803313315,23894,1421,3010,4862,6789,8770,
125803813315,22318,11938,2826,4771,6787,8787,
125806813315,12008,11752,13431,4800,6733,8670,
125807813315,43106,12019,2856,15739,6874,8759,
125809313315,9641,1176,2837,4718,6928,8647,
125810313315,23248,1281,2845,4913,6670,8590,
125811313315,44529,12022,2734,4847,6990,8861,
125812813315,47265,1336,2897,15390,6825,8756,
125813313315,18116,11670,2869,4718,6807,8797,
125813813315,43064,11775,13611,15456,6786,8796,
125816313315,52185,11512,2747,4748,6830,8844,
125816813315,15559,11764,13463,4679,6683,8822,
125818313315,38561,11959,2911,4741,18131,19749,
125818813315,48403,1201,2934,4840,6800,8890,
125819313315,300000,12219,24856,26492,17568,8997,
125820813315,20205,11566,2865,4804,6814,51629,
125821313315,34777,1313,2901,4812,6856,8758,
125821813315,164655,11473,2864,4830,6833,8865,
125822813315,13928,1095,2887,4737,6662,8805,
125825813315,7925,11870,2818,4876,6816,8741,
125826313315,22935,1355,2838,4918,6944,8762,
125827313315,75682,1300,2874,4996,6864,9092,
125827813315,81224,1187,13557,4880,6854,8977,
125829313315,53141,11770,13488,4799,6840,8801,
125830313315,49984,1161,3238,4884,7012,9037,
125831813315,20649,11787,2750,4732,6620,9019,
125832313315,35589,11804,3017,4917,6766,8898,
125832813315,27183,11655,2845,7884,7828,8894,
125835313315,39627,11535,2920,4859,7205,8810,
125836313315,41030,11980,2918,4858,6729,19546,
125836813315,27291,11563,13472,4828,6631,8654,
125837813315,11849,1335,3145,4871,6803,8819,
125840813315,38572,11589,13393,4942,6803,8791,
125841313315,14250,11791,2666,5205,6858,8785,
125842313315,27376,12015,2982,4901,6825,8767,
125843813315,12208,12391,2976,4782,7426,8683,
125845813315,53387,11642,13719,16050,6790,8833,
125846313315,25575,11663,2909,4895,6934,8815,
125847813315,37101,11985,3009,4813,6897,9003,
125848813315,21911,1270,2791,4662,6748,8745,
125849313315,14933,12020,13877,15723,6842,8821,
125850313315,26472,11651,2752,4757,6765,8681,
125852313315,51642,11564,11798,15553,17599,19460,
125852813315,48237,11942,4368,15767,6810,8810,
125854313315,30815,1098,2835,4781,6743,8678,
125854813315,17187,11754,2656,4803,6743,8668,
125855813315,107805,1457,13869,4808,6836,19756,
125857313315,24825,13908,13676,15533,6867,8842,
125858313315,46833,11925,2838,4980,6771,8653,
125860313315,28960,1461,3298,4802,6736,8739,
125860813315,32508,11879,2668,4746,6660,8855,
125861313315,24542,11571,2810,4796,7015,10578,
125862313315,48411,12598,3003,15754,6880,19491,
125864813315,46815,11801,2891,4752,6836,8842,
125870813315,28308,1919,3170,4607,6789,8799,
125871313315,58982,1195,2776,4637,6721,8620,
125872313315,33897,1245,2934,4941,6787,8785,
125872813315,37021,11801,2905,4826,6860,8856,
125875813315,42747,11845,3195,4728,6573,8663,
125877313315,78348,1275,2776,4825,6784,8798,
125877813315,82208,11791,2933,4858,6780,8814,
125878313315,39106,11556,2923,4771,6779,8773,
125878813315,47241,1416,15175,5423,6678,8660,
125879313315,46312,11977,3011,5033,7041,9187,
125879813315,32597,11572,2731,4853,6798,8792,
125882313315,22018,11585,2798,4782,6668,8745,
125884313315,51638,22400,10374,15807,17592,19649,
125884813315,27203,1417,2928,5481,7014,8806,
125885813315,14967,11571,2887,4976,6842,9019,
125886313315,38205,12023,13568,15495,7059,8831,
125886813315,11782,11628,2724,4648,6866,8845,
125887313315,26160,11801,2893,4754,6895,8822,
125887813315,41447,12414,3542,4935,6961,8954,
125888813315,67052,11837,2888,4801,28581,19491,
125889313315,41522,11929,3013,4792,6751,8917,
125889813315,82459,1188,2812,4718,6812,8775,
125890813315,40178,1361,2815,26109,6800,8769,
125891313315,32512,12018,2929,4967,6916,8881,
125891813315,19017,12100,3084,4851,6781,8860,
125893813315,15782,1212,2793,4804,6765,8732,
125895313315,39048,11766,2946,4759,6755,8844,
125895813315,24877,11715,13339,4905,6640,8782,
125896813315,14660,11576,2876,4796,6725,8890,
125897313315,47665,1315,2876,4879,7118,8880,
125898813315,12860,11877,2951,4912,7044,9029,
125899813315,8003,11930,2862,15420,6797,8751,
125901313315,46348,22510,13386,36892,6821,8812,
125902313315,36227,12174,13851,15884,6878,9093,
125902813315,23067,12543,2814,15437,17741,8857,
125903313315,38183,11862,2753,4803,6827,8850,
125905813315,21988,11545,13350,4798,6853,8851,
125906313315,37464,11751,2912,4857,6854,8830,
125907313315,10042,12532,13498,4887,6844,8875,
125907813315,40259,11744,2952,4772,6792,8680,
125909313315,11194,11551,2725,15741,17328,8809,
125910313315,41142,11862,3422,4948,6658,8858,
125912313315,27504,12073,35485,26331,17785,30579,
125915813315,69059,11620,2868,4746,6751,8832,
125918313315,34925,11411,2817,4652,6587,8600,
125918813315,247492,15303,15392,30537,15767,29863,
125919313315,59109,11785,3021,4836,7114,8955,
125920313315,73589,11753,2887,4754,6750,8871,
125921313315,38981,1109,2813,4673,6829,8803,
125922313315,11777,11967,2864,4775,6795,8779,
125922813315,26918,11492,3092,4777,6760,8786,
125923313315,24199,11967,2845,4841,6768,8803,
125924313315,37499,11587,2773,5015,7262,9059,
125924813315,29567,1156,13601,4744,7118,8782,
125925313315,15901,1188,2829,4977,6893,8870,
125925813315,30607,1131,2645,15577,17406,8776,
125926813315,38221,11870,2861,4764,6851,8836,
125928813315,32130,11568,2652,4653,6757,8802,
125929813315,24943,11807,2776,15831,6839,8772,
125932813315,59399,11976,13931,4828,6798,8853,
125934313315,55012,12617,12557,15417,17226,19202,
125934813315,37432,1252,2866,4828,17841,8823,
125935813315,27886,1266,13520,4792,6824,19442,
125936813315,23768,1223,3041,4785,6773,8826,
125937313315,15463,11725,13555,4729,6804,8804,
125937813315,30732,1385,2841,4794,6790,9307,
125938313315,51936,11554,2996,5278,6796,8799,
125938813315,121380,11965,2891,4982,6741,8842,
125939313315,29952,1231,14153,5140,6826,8620,
125939813315,13753,12031,13629,4736,17305,8743,
125940313315,23509,11920,13860,15557,6842,8846,
125941813315,48244,11533,3031,4737,6739,8763,
125943813315,107160,1327,3059,4928,6817,8921,
125944813315,22783,1146,2810,4938,6805,8848,
125945313315,35488,11820,2821,4846,6794,8806,
125946813315,62733,12381,2967,4812,18136,9203,
125949813315,300000,12005,3082,4955,6801,9043,
125953313315,8347,1199,2897,4781,6803,8719,
125953813315,34943,22616,2889,5129,6865,19452,
125954313315,37867,11844,2866,4783,6902,8814,
125954813315,41294,11611,3307,5432,6668,8774,
125955313315,22121,11840,2655,4795,6801,8837,
125956313315,46865,17854,17929,15780,17904,22521,
125958313315,49453,1143,2888,4790,17455,19569,
125958813315,30181,11637,2716,4781,6895,8808,
125960313315,24826,12014,13721,15910,6971,8988,
125960813315,21979,11631,2815,4752,6801,8725,
125961313315,36362,11803,13402,4754,6747,8816,
125961813315,23310,1481,2858,4809,7035,8819,
125962813315,41973,11844,2944,4781,6768,8747,
125963313315,30792,11824,2888,4866,6853,8785,
125963813315,35798,11892,13461,4774,6754,8724,
125964813315,10939,11973,2894,4901,7024,9034,
125966813315,7644,11594,2990,4839,6863,8909,
125968313315,31165,11845,13524,15513,6789,8806,
125968813315,94908,12002,3183,4980,6889,9007,
125969813315,175933,11836,2894,4957,6713,8848,
125970313315,110844,11411,2859,4803,17293,8937,
125971313315,10547,1237,2765,4802,6772,10091,
125972313315,18000,1095,3018,4889,6765,8763,
125973313315,42003,11677,13342,15463,6828,8920,
125973813315,23085,11980,2896,15662,32663,20095,
125974813315,7174,11767,2851,7921,7044,8638,
125975313315,300000,11730,2997,5045,6818,8831,
125975813315,127309,87213,86437,87051,78335,86971,
125976813315,190479,1299,2949,15871,17814,20041,
125977813315,300000,11636,2858,5207,8028,8726,
125979313315,144051,12752,2746,4829,17747,8855,
125979813315,237540,1313,3110,5000,6877,9000,
125980313315,35337,12395,2815,4844,6760,8824,
125980813315,300000,1209,2930,4745,6820,8794,
125981313315,300000,1741,3074,5110,7036,9031,
125981813315,38238,11545,16961,6451,6914,8886,
125982313315,90448,12328,2957,5110,7034,9021,
125982813315,300000,1550,3279,5159,7035,8846,
125983313315,25477,11895,2864,4763,6833,8818,
125983813315,44943,12061,3023,4733,6679,9016,
125984813315,31962,11471,13397,4788,6724,8726,
125986813315,40208,11594,2745,4827,6818,8783,
125989313315,NULL,NULL,NULL,NULL,NULL,NULL,
125989813315,300000,72349,75321,75486,75798,67296,
125990313315,85259,25007,32509,36793,28469,41650,
125991313315,41646,12968,4376,5121,6593,8604,
125991813315,22192,11649,2675,4755,6602,8778,
125993313315,21793,11834,13759,4843,6893,8936,
125993813315,30495,1143,2879,4817,6777,8907,
125994313315,10921,1034,13682,4827,6844,8818,
125995313315,24499,12092,13396,4746,6627,8816,
125995813315,223200,11626,13518,4942,6857,8835,
125998313315,46928,11871,2797,4805,6831,8890,
125999813315,30741,1477,3220,4837,6628,8779,
126000813315,26601,1155,13425,4785,6996,8787,
126001313315,114956,22275,24030,29178,28513,28873,

