,W-0,R-0,R-1,R-2,R-3,R-4,
123150280648,1,2,1,1,1,1,
123151780648,1,2,2,2,2,2,
123152780648,1,2,2,2,2,2,
123153780648,1,2,1,1,1,1,
123154780648,1,2,1,1,1,1,
123155280648,1,2,2,1,1,1,
123155780648,1,2,2,2,2,2,
123156280648,1,2,1,1,1,1,
123156780648,1,2,1,2,1,1,
123157280648,1,2,2,2,2,2,
123158780648,1,2,1,1,1,1,
123159780648,1,2,1,1,1,1,
123160280648,1,2,1,1,1,1,
123160780648,1,2,1,2,1,1,
123161280648,1,2,1,1,1,1,
123161780648,1,2,2,1,1,1,
123162280648,1,2,2,1,2,1,
123162780648,1,2,2,2,2,1,
123163780648,1,2,1,1,1,1,
123164280648,1,2,1,2,2,2,
123164780648,1,2,1,1,1,1,
123165280648,1,2,1,1,1,1,
123166280648,1,2,1,1,1,1,
123167280648,1,2,1,1,1,1,
123167780648,1,2,1,1,1,1,
123169780648,1,2,1,1,2,1,
123170280648,1,2,1,1,1,1,
123170780648,1,2,1,1,1,1,
123171280648,1,2,1,1,1,1,
123171780648,1,2,1,1,1,1,
123174280648,1,2,2,1,1,1,
123175280648,1,2,2,2,2,1,
123175780648,1,2,1,1,2,2,
123176280648,1,2,1,1,1,1,
123176780648,1,2,1,1,1,1,
123177280648,1,2,1,1,1,1,
123178280648,1,2,2,1,1,1,
123178780648,1,2,2,2,2,2,
123179280648,1,2,1,1,1,1,
123181280648,1,2,1,1,1,1,
123181780648,1,2,1,1,1,1,
123183280648,1,2,1,1,1,1,
123183780648,1,2,1,1,1,1,
123184280648,1,2,2,1,2,2,
123184780648,1,2,1,1,1,1,
123185780648,1,2,2,2,2,2,
123187280648,1,2,2,1,1,1,
123187780648,1,2,1,1,1,1,
123188280648,1,2,2,2,2,1,
123189280648,1,2,2,1,2,1,
123190780648,1,2,1,1,1,1,
123191780648,1,2,2,1,1,2,
123193280648,1,2,1,1,1,1,
123193780648,1,2,2,1,2,2,
123194780648,1,2,2,1,2,1,
123195280648,1,2,1,1,1,1,
123196780648,1,2,1,1,1,1,
123197280648,1,2,1,1,1,1,
123197780648,1,2,1,1,1,1,
123198280648,1,2,2,2,2,2,
123200280648,1,2,1,1,1,1,
123202280648,1,2,1,1,1,1,
123202780648,1,2,1,1,1,1,
123204280648,1,2,2,1,1,1,
123205780648,1,2,1,1,1,1,
123208280648,1,2,1,1,1,1,
123208780648,1,2,1,2,2,2,
123209780648,1,2,2,2,1,2,
123210280648,1,2,1,1,1,1,
123210780648,1,2,1,1,1,1,
123211780648,1,2,2,2,2,2,
123214280648,1,2,1,1,1,1,
123214780648,1,2,1,1,1,1,
123215780648,1,2,1,1,1,1,
123216280648,1,2,1,1,1,1,
123216780648,1,2,2,1,1,1,
123217280648,1,2,1,1,1,1,
123219280648,1,2,1,1,2,2,
123220280648,1,2,1,2,1,1,
123222780648,1,2,1,1,1,1,
123223780648,1,2,1,1,1,1,
123224280648,1,2,1,1,1,1,
123226780648,1,2,1,2,2,2,
123227280648,1,2,1,1,1,1,
123228280648,1,2,2,1,1,1,
123230780648,1,2,1,1,1,1,
123232280648,1,2,1,1,1,1,
123232780648,1,2,2,1,1,1,
123233280648,1,2,1,1,1,1,
123233780648,1,2,1,1,1,1,
123234280648,1,2,2,2,2,2,
123234780648,1,2,1,1,1,1,
123235280648,1,2,1,1,1,1,
123236780648,1,2,2,1,1,1,
123237280648,1,2,1,1,1,1,
123237780648,1,2,1,1,1,1,
123240280648,1,2,1,1,1,1,
123240780648,1,2,1,1,1,1,
123241780648,1,2,1,1,1,1,
123242780648,1,2,2,1,1,1,
123243280648,1,2,1,1,1,1,
123243780648,1,2,2,1,1,1,
123244280648,1,2,1,1,1,1,
123246780648,1,2,1,2,2,1,
123248780648,1,2,2,1,1,1,
123249280648,1,2,1,1,1,1,
123249780648,1,2,1,1,1,1,
123250280648,1,2,1,1,1,1,
123250780648,1,2,1,1,1,1,
123251280648,1,2,1,1,1,1,
123252780648,1,2,1,1,1,1,
123253780648,1,2,1,1,1,1,
123254280648,1,2,1,1,1,1,
123254780648,1,2,2,1,1,1,
123255280648,1,2,2,2,2,1,
123256780648,1,2,1,1,1,1,
123257280648,1,2,1,1,1,1,
123258280648,1,2,1,1,1,1,
123260280648,1,2,1,1,1,1,
123261280648,1,2,1,1,1,1,
123262280648,1,2,1,1,1,1,
123263280648,1,2,1,1,1,1,
123263780648,1,2,2,1,1,1,
123265280648,1,2,1,1,1,1,
123267780648,1,2,1,1,1,1,
123268780648,1,2,1,1,1,1,
123271280648,1,2,1,1,1,1,
123271780648,1,2,1,1,1,1,
123272280648,1,2,1,1,1,1,
123272780648,1,2,2,2,1,1,
123274280648,1,2,2,2,2,2,
123274780648,1,2,2,2,2,2,
123275280648,1,2,2,1,1,1,
123277280648,1,2,2,1,2,2,
123278780648,1,2,2,2,1,2,
123279280648,1,2,2,1,1,1,
123279780648,1,2,2,2,1,1,
123280280648,1,2,1,1,1,1,
123280780648,1,2,1,2,2,2,
123281280648,1,2,1,2,2,1,
123281780648,1,2,1,1,1,1,
123283280648,1,2,2,1,1,1,
123284280648,1,2,2,2,2,2,
123284780648,1,2,1,1,1,1,
123285280648,1,2,1,1,1,1,
123285780648,1,2,2,2,1,1,
123286780648,1,2,1,1,1,1,
123287780648,1,2,1,1,1,1,
123288780648,1,2,2,1,1,1,
123289280648,1,2,2,2,1,2,
123289780648,1,2,1,1,1,1,
123292280648,1,2,1,1,1,1,
123294280648,1,2,1,1,1,1,
123295780648,1,2,2,2,2,2,
123297780648,1,2,2,1,1,1,
123298280648,1,2,1,1,1,1,
123299280648,1,2,1,1,2,1,
123300280648,1,2,1,1,1,1,
123300780648,1,2,2,2,2,1,
123301280648,1,2,1,1,1,1,
123303780648,1,2,1,1,1,1,
123304780648,1,2,2,2,1,1,
123306280648,1,2,1,1,1,1,
123308780648,1,2,2,2,2,2,
123310280648,1,2,1,2,1,2,
123311780648,1,2,2,1,1,1,
123313280648,1,2,2,1,1,1,
123314780648,1,2,1,1,1,1,
123315280648,1,2,1,1,1,1,
123315780648,1,2,1,1,1,1,
123316280648,1,2,1,1,1,1,
123316780648,1,2,1,1,1,1,
123317780648,1,2,1,1,1,1,
123318280648,1,2,1,1,1,1,
123318780648,1,2,2,2,2,2,
123319780648,1,2,2,1,1,1,
123321780648,1,2,1,2,1,1,
123322780648,1,2,1,1,1,1,
123325780648,1,2,1,1,1,1,
123326280648,1,2,1,1,1,1,
123327280648,1,2,1,1,1,1,
123328780648,1,2,1,1,1,1,
123329280648,1,2,2,2,1,1,
123329780648,1,2,1,1,1,1,
123330280648,1,2,1,1,1,1,
123331280648,1,2,1,1,1,1,
123332280648,1,2,1,1,1,1,
123332780648,1,2,1,1,1,1,
123333780648,1,2,1,1,1,1,
123335280648,1,2,1,1,1,1,
123335780648,1,2,1,1,1,1,
123336780648,1,2,1,1,1,1,
123337280648,1,2,1,1,1,1,
123337780648,1,2,1,1,1,1,
123338280648,1,2,1,1,1,1,
123340280648,1,2,1,2,1,1,
123340780648,1,2,1,2,2,1,
123342280648,1,2,2,1,1,1,
123342780648,1,2,1,1,1,1,
123343280648,1,2,1,1,1,1,
123345280648,1,2,1,1,1,2,
123346280648,1,2,1,1,1,1,
123350280648,1,2,1,1,1,1,
123350780648,1,2,1,1,1,1,
123351780648,1,2,1,1,1,1,
123352280648,1,2,2,1,2,2,
123353280648,1,2,1,1,1,1,
123353780648,1,2,1,1,1,1,
123354280648,1,2,1,1,1,1,
123355280648,1,2,1,1,1,1,
123355780648,1,2,2,2,2,2,
123357280648,1,2,2,1,1,1,
123357780648,1,2,2,1,1,2,
123359280648,1,2,1,1,1,1,
123359780648,1,2,1,1,1,1,
123360280648,1,2,2,1,1,1,
123361280648,1,2,1,1,1,1,
123362280648,1,2,1,1,1,1,
123363780648,1,2,1,1,1,1,
123364780648,1,2,2,2,2,2,
123366780648,1,2,1,1,1,1,
123367280648,1,2,2,1,1,1,
123367780648,1,2,1,1,1,1,
123368280648,1,2,1,1,1,1,
123369280648,1,2,2,1,1,1,
123369780648,1,2,1,1,1,1,
123370280648,1,2,2,2,1,2,
123370780648,1,2,1,1,1,1,
123371280648,1,2,1,1,1,1,
123371780648,1,2,1,1,1,1,
123373780648,1,2,2,1,1,1,
123374780648,1,2,2,2,1,2,
123376280648,1,2,2,1,1,1,
123378780648,1,2,1,1,1,1,
123379280648,1,2,2,1,1,1,
123379780648,1,2,2,1,1,2,
123381280648,1,2,1,1,1,1,
123381780648,1,2,1,1,1,1,
123382780648,1,2,1,1,1,1,
123383780648,1,2,1,1,1,1,
123384280648,1,2,1,1,1,1,
123384780648,1,2,1,1,1,1,
123385280648,1,2,2,1,1,1,
123385780648,1,2,1,1,1,1,
123386280648,1,2,1,1,1,1,
123386780648,1,2,1,1,1,1,
123387280648,1,2,2,1,1,1,
123387780648,1,2,1,1,1,1,
123388280648,1,2,2,2,1,1,
123389280648,1,2,1,1,1,1,
123389780648,1,2,2,1,1,1,
123390280648,1,2,1,1,1,1,
123391280648,1,2,1,1,1,1,
123391780648,1,2,2,1,1,1,
123392780648,1,2,1,1,1,1,
123393280648,1,2,1,1,1,1,
123393780648,1,2,1,1,1,1,
123394280648,1,2,2,1,1,1,
123395280648,1,2,2,1,1,1,
123395780648,1,2,2,2,2,2,
123396280648,1,2,1,1,1,2,
123396780648,1,2,2,2,1,2,
123399280648,1,2,1,1,1,1,
123399780648,1,2,1,1,1,1,
123401780648,1,2,2,1,1,2,
123404280648,1,2,2,2,2,2,
123407780648,1,2,1,1,1,1,
123408280648,1,2,1,1,1,1,
123409780648,1,2,1,1,1,1,
123410280648,1,2,2,2,2,1,
123410780648,1,2,1,1,1,1,
123412280648,1,2,2,1,1,1,
123412780648,1,2,1,1,1,1,
123413780648,1,2,1,1,1,1,
123414780648,1,2,1,1,1,1,
123415280648,1,2,1,1,1,1,
123415780648,1,2,1,1,1,1,
123416280648,1,2,1,1,1,1,
123417780648,1,2,1,1,1,1,
123418780648,1,2,2,1,1,1,
123419280648,1,2,1,1,1,1,
123420280648,1,2,1,2,1,2,
123421280648,1,2,1,1,1,2,
123421780648,1,2,1,1,1,1,
123422280648,1,2,1,1,1,1,
123425280648,1,2,1,1,1,1,
123426280648,1,2,1,1,1,1,
123427780648,1,2,2,2,1,1,
123428780648,1,2,1,1,1,1,
123429780648,1,2,1,1,1,2,
123431280648,1,2,2,2,1,1,
123431780648,1,2,1,1,1,1,
123432280648,1,2,2,2,2,1,
123434780648,1,2,2,1,1,1,
123435280648,1,2,1,1,1,1,
123436780648,1,2,2,1,1,1,
123437280648,1,2,1,1,1,1,
123437780648,1,2,1,2,1,1,
123439280648,1,2,1,1,1,1,
123439780648,1,2,1,1,1,1,
123440280648,1,2,1,1,1,1,
123441280648,1,2,2,1,1,1,
123444280648,1,2,1,1,1,1,
123444780648,1,2,1,1,1,1,
123445780648,1,2,1,1,1,1,
123446280648,1,2,2,1,1,1,
123447780648,1,2,1,1,1,1,
123448780648,1,2,2,1,1,1,
123450280648,1,2,1,1,1,1,
123450780648,1,2,2,1,1,1,
123451280648,1,2,1,1,1,1,
123453780648,1,2,1,2,2,2,
123454780648,1,2,2,2,1,2,
123455280648,1,2,1,1,1,1,
123456280648,1,2,1,1,1,1,
123459280648,1,2,2,2,2,2,
123459780648,1,2,2,2,2,2,
123460780648,1,2,1,1,1,1,
123462280648,1,2,1,1,1,1,
123464280648,1,2,1,1,2,2,
123464780648,1,2,1,1,1,1,
123466280648,1,2,1,1,1,1,
123467280648,1,2,1,1,1,1,
123467780648,1,2,1,1,1,1,
123468780648,1,2,1,1,1,1,
123470780648,1,2,2,1,1,1,
123471280648,1,2,2,2,1,1,
123472780648,1,2,1,1,1,1,
123473280648,1,2,1,1,1,1,
123474280648,1,2,1,1,1,1,
123475780648,1,2,1,1,1,1,
123476780648,1,2,2,1,1,1,
123478780648,1,2,1,1,1,1,
123479280648,1,2,1,1,1,1,
123479780648,1,2,1,1,1,1,
123480780648,1,2,1,2,2,1,
123483280648,1,2,2,1,1,1,
123489280648,1,2,2,1,1,1,
123489780648,1,2,1,1,1,1,
123490780648,1,2,2,1,1,1,
123491280648,1,2,1,1,1,1,
123494280648,1,2,1,1,1,1,
123495780648,1,2,1,1,1,1,
123496280648,1,2,1,1,2,2,
123496780648,1,2,2,1,1,1,
123497280648,1,2,1,1,1,1,
123497780648,1,2,1,1,1,1,
123498280648,1,2,1,1,1,1,
123500780648,1,2,1,1,1,1,
123502780648,1,2,1,1,1,1,
123503280648,1,2,1,1,1,1,
123504280648,1,2,2,2,2,1,
123504780648,1,2,2,1,1,1,
123505280648,1,2,2,1,1,1,
123505780648,1,2,1,1,1,1,
123506280648,1,2,2,2,2,2,
123507280648,1,2,1,1,1,1,
123507780648,1,2,1,1,1,1,
123508280648,1,2,1,1,1,1,
123509280648,1,2,1,1,1,1,
123509780648,1,2,1,1,1,1,
123510280648,1,2,1,1,1,1,
123512280648,1,2,1,1,1,1,
123513780648,1,2,2,1,1,1,
123514280648,1,2,1,1,1,1,
123515280648,1,2,1,1,1,1,
123515780648,1,2,1,2,2,1,
123517280648,1,2,2,2,1,1,
123518280648,1,2,2,1,1,1,
123519780648,1,2,1,1,1,1,
123520780648,1,2,2,2,2,2,
123521280648,1,2,1,1,1,1,
123521780648,1,2,2,1,2,1,
123524280648,1,2,1,1,1,1,
123524780648,1,2,2,1,1,1,
123525780648,1,2,1,1,1,1,
123526280648,1,2,1,1,1,1,
123527780648,1,2,1,1,1,1,
123528780648,1,2,1,1,1,1,
123530780648,1,2,1,1,1,1,
123534280648,1,2,2,1,2,1,
123536780648,1,2,1,1,1,1,
123537280648,1,2,1,1,1,1,
123537780648,1,2,1,1,1,1,
123538780648,1,2,2,2,1,2,
123539780648,1,2,1,1,1,1,
123540780648,1,2,1,2,1,2,
123541280648,1,2,1,1,1,1,
123541780648,1,2,2,1,1,1,
123542780648,1,2,2,1,1,1,
123543280648,1,2,2,1,1,1,
123543780648,1,2,1,1,1,1,
123544280648,1,2,1,1,1,1,
123545280648,1,2,2,1,1,1,
123547280648,1,2,2,1,1,1,
123548280648,1,2,1,1,1,1,
123551280648,1,2,1,1,1,1,
123552780648,1,2,1,1,1,1,
123553280648,1,2,1,1,1,1,
123554280648,1,2,2,1,1,1,
123555280648,1,2,2,2,1,2,
123555780648,1,2,1,1,1,1,
123556280648,1,2,1,2,1,1,
123556780648,1,2,1,1,1,1,
123557280648,1,2,1,1,1,1,
123557780648,1,2,1,1,1,1,
123558280648,1,2,1,1,1,1,
123558780648,1,2,2,2,2,1,
123560280648,1,2,1,1,1,1,
123562280648,1,2,2,1,2,1,
123563280648,1,2,2,1,1,1,
123563780648,1,2,1,1,1,1,
123565280648,1,2,1,1,1,1,
123568280648,1,2,2,1,2,2,
123571780648,1,2,2,1,1,1,
123572280648,1,2,1,1,1,1,
123572780648,1,2,1,1,2,2,
123573280648,1,2,1,1,1,1,
123573780648,1,2,1,2,2,2,
123574780648,1,2,1,1,1,1,
123576780648,1,1,1,1,1,1,
123577280648,1,2,2,2,2,2,
123578780648,1,2,1,1,1,1,
123579280648,1,2,1,1,1,1,
123579780648,1,2,1,2,1,1,
123580280648,1,1,1,1,1,1,
123581280648,1,2,1,1,1,1,
123581780648,1,2,1,1,1,1,
123582280648,1,2,1,1,1,1,
123583280648,1,2,2,1,1,1,
123585280648,1,2,2,2,2,2,
123586780648,1,2,1,2,1,2,
123587280648,1,2,1,1,1,1,
123588280648,1,2,2,2,1,2,
123588780648,1,2,2,2,2,1,
123589780648,1,2,2,2,2,2,
123590780648,1,2,1,1,1,1,
123591780648,1,2,1,1,1,1,
123592280648,1,2,2,1,2,1,
123593280648,1,2,1,1,1,1,
123593780648,1,2,1,1,1,1,
123594280648,1,2,2,2,2,2,
123595280648,1,1,1,1,1,1,
123596280648,1,2,1,1,1,1,
123597780648,1,2,1,1,1,1,
123598280648,1,2,1,1,1,1,
123598780648,1,2,1,1,1,1,
123599280648,1,2,1,1,1,1,
123599780648,1,2,1,1,1,1,
123600280648,1,2,2,1,1,1,
123600780648,1,2,1,1,1,1,
123601280648,1,2,1,1,1,1,
123601780648,1,2,1,1,1,1,
123602280648,1,2,1,1,1,1,
123603280648,1,2,2,1,2,1,
123605280648,1,2,1,1,2,1,
123607780648,1,2,2,1,1,1,
123608280648,1,2,2,1,1,1,
123608780648,1,2,2,2,1,1,
123609780648,1,2,1,1,1,1,
123610280648,1,2,1,1,1,1,
123611780648,1,2,1,1,1,1,
123612280648,1,2,1,1,1,1,
123612780648,1,2,1,1,1,1,
123613780648,1,2,1,1,1,1,
123614280648,1,2,1,1,1,1,
123616780648,1,2,1,1,1,1,
123618280648,1,2,1,1,1,1,
123619280648,1,2,2,2,2,2,
123619780648,1,2,2,2,2,1,

