,W-0,R-0,R-1,R-2,R-3,R-4,
124340361808,4091,19506,8054,7147,8675,26919,
124341861808,1857,12623,3004,5067,9636,10137,
124342861808,3749,14282,4099,5050,6993,9253,
124343861808,1608,12587,3144,4970,7003,8957,
124344861808,1881,12533,3125,5145,7008,8971,
124345361808,1818,46615,36122,49700,108274,41669,
124345861808,202762,210580,212472,192032,222410,198237,
124346361808,1071,12364,3077,5021,7569,8882,
124346861808,1645,12371,2973,4926,6910,8983,
124347361808,1546,12156,3279,5301,6807,8993,
124348861808,1824,12084,3557,5037,7003,9189,
124349861808,1623,12933,14014,5016,7004,9017,
124350361808,1614,12482,2912,4991,6945,8895,
124350861808,1620,12376,3118,5281,6940,9041,
124351361808,1741,12376,3245,4919,6940,9038,
124351861808,9554,12165,14070,16067,18064,20037,
124352361808,1390,22969,3142,27081,7035,8994,
124352861808,4116,12598,2989,5001,6938,8942,
124353861808,2649,13059,3122,4919,7913,9479,
124354361808,1470,12026,3094,4968,6914,9003,
124354861808,1273,11841,3144,4981,6998,8975,
124355361808,1150,11711,2876,4845,6741,8833,
124356361808,1434,12278,3320,4886,6906,9130,
124357361808,1543,12285,2959,4957,6985,8976,
124357861808,7127,17179,17942,16894,8142,9636,
124359861808,1694,12080,2921,5083,7003,9067,
124360361808,1367,11928,2998,4927,6922,8907,
124360861808,1443,12126,3030,4972,7115,9006,
124361361808,10944,13165,15391,18038,17869,19644,
124361861808,1377,12003,2999,5058,6903,9031,
124364361808,1363,12046,2876,5035,6853,9051,
124365361808,1541,12422,3078,5079,7020,8965,
124365861808,1432,12054,2854,5064,6851,8864,
124366361808,24762,12546,3061,5020,30322,20287,
124366861808,1591,12495,3037,5369,7027,8962,
124367361808,1511,12387,3028,5249,6911,9043,
124368361808,1519,12226,3008,5064,7091,9029,
124368861808,4881,11892,14249,6084,7020,8911,
124369361808,2066,12706,2939,4841,6920,8910,
124371361808,1587,12642,3138,5416,6860,9095,
124371861808,1463,12611,3111,4962,6991,8932,
124373361808,1592,12343,3046,5110,7273,9011,
124373861808,1578,12378,13913,4943,6851,8929,
124374361808,1162,12490,14768,4931,17987,8941,
124374861808,1359,11984,13896,4972,6905,8861,
124375861808,1381,12062,14025,5246,6876,8979,
124377361808,1397,12364,2964,5037,6917,8909,
124377861808,1465,12371,3083,4961,6824,8879,
124378361808,1144,11944,2955,16242,6954,8997,
124379361808,1402,11981,3329,4877,7174,8965,
124380861808,1508,12426,2866,4898,6902,8980,
124381861808,1357,12050,3031,4900,6832,8846,
124383361808,1340,24077,24939,5012,28719,9673,
124383861808,1702,12392,3066,5017,6932,9032,
124384861808,1454,12404,3111,5391,6988,9155,
124385361808,1524,12075,3055,4907,18710,8808,
124386861808,1437,12179,13827,15648,7270,9078,
124387361808,1590,12342,3266,5179,7020,8955,
124387861808,1470,12554,3012,4931,6946,9171,
124388361808,1493,11830,2945,4950,7074,8855,
124390361808,1735,12801,13965,5167,7133,9020,
124392361808,1443,12092,2784,5388,6957,9275,
124392861808,1543,12048,2898,4896,6823,8779,
124394361808,1373,11921,3155,4997,6929,8854,
124395861808,1313,11845,2867,4912,6877,8849,
124398361808,1383,12059,2891,5169,6926,8994,
124398861808,1648,12589,3267,4978,17880,8851,
124399861808,1664,12454,3086,5129,6923,9004,
124400361808,1403,12057,3060,4983,7020,9039,
124400861808,1449,12271,2962,5019,7066,9049,
124401861808,12617,12310,13900,4862,7033,9140,
124404361808,101338,33989,69392,16039,7121,19967,
124404861808,1121,11664,14003,4864,6899,8803,
124405861808,1706,11883,14808,5442,6754,8788,
124406361808,1591,12155,13727,4951,6819,8793,
124406861808,1377,15994,3540,4807,7293,8892,
124407361808,1399,12086,2944,4946,6834,9395,
124409361808,1511,12130,3183,5068,6982,8975,
124410361808,1265,12188,2813,4897,6813,8826,
124412861808,1394,11694,3053,5101,6911,9016,
124413861808,11545,12453,3011,4986,7133,8752,
124414361808,1526,12248,2899,4881,6864,8838,
124416861808,2989,12249,2842,4870,6847,9190,
124417361808,1467,12182,13809,15611,18086,9068,
124418361808,1293,11974,2837,15884,17911,8890,
124420861808,1644,12329,3176,5138,18145,9129,
124422361808,1239,11937,2853,4887,6801,8852,
124422861808,1475,12132,2982,4984,6809,8884,
124423361808,1576,12303,3543,5056,7006,9307,
124423861808,13686,12173,3120,5104,6993,8967,
124424361808,1364,12248,3112,5063,6868,8979,
124424861808,1384,11923,2801,5055,6785,8768,
124425361808,1310,12134,3002,5263,6983,8917,
124426861808,1512,12328,13675,15732,6819,8852,
124427361808,1459,11864,2898,5117,7006,8800,
124427861808,1371,12161,13879,4956,6933,9032,
124430361808,1412,12154,2918,5008,7014,19902,
124430861808,21521,12295,3061,5056,6953,9126,
124431861808,1517,12046,13559,4966,6964,8949,
124432861808,1559,12262,13662,4888,6792,9004,
124433361808,1529,11963,2951,4924,6959,8875,
124433861808,1557,11784,2980,4882,6916,8799,
124434361808,1371,11935,3020,4890,7003,8790,
124436861808,3170,11966,13956,4806,6941,8869,
124438861808,1396,11888,2925,5176,7003,9176,
124439361808,9260,12083,2871,4856,6816,8924,
124439861808,1351,22644,13747,4847,17796,8944,
124440361808,1449,12069,2981,4922,6926,8903,
124440861808,6680,11811,2984,4995,7152,8895,
124441361808,11746,55332,56878,69558,60559,63271,
124442861808,1555,12236,2909,4914,7080,8959,
124443861808,1541,12147,2913,4899,17589,8887,
124444361808,13914,12130,3093,4878,6839,8864,
124444861808,1315,11802,2873,4939,6843,8743,
124445361808,1091,12053,2850,5178,6794,8699,
124446861808,1339,12269,25060,15775,17792,19709,
124447361808,9812,12304,3352,4916,6869,8674,
124448361808,1596,11922,3093,5261,7116,8979,
124450361808,1428,33762,46087,4856,6819,8932,
124451361808,1301,12008,3003,4929,6806,8938,
124452361808,1824,12160,2933,5007,7006,8909,
124453361808,1292,12021,3026,4953,6888,8916,
124453861808,1050,11769,2803,4780,6724,8838,
124455361808,1369,11915,2832,15455,6793,19473,
124457861808,1438,11984,3064,15882,17644,19626,
124458861808,1348,11933,24541,4837,18028,19865,
124461361808,1446,11721,3171,5035,6857,9062,
124461861808,18808,33480,24307,26502,28535,20046,
124462361808,1230,11989,2874,4942,6906,8886,
124462861808,1289,11912,2864,4777,6788,8748,
124464361808,1111,11919,13882,4819,7018,8969,
124464861808,1528,33647,67762,4926,6835,8737,
124465361808,7329,12270,13846,15984,17978,19711,
124467361808,1362,12050,2791,4884,6889,8809,
124468861808,1227,11658,2936,4983,6788,8905,
124469361808,1502,12253,13721,5097,6899,8801,
124469861808,2558,22873,3367,16156,6858,8872,
124470361808,1531,34146,24743,37713,28587,30907,
124470861808,1440,12672,2818,4892,6940,20539,
124471361808,11292,12368,2940,5029,7031,9049,
124471861808,61669,11999,2909,4962,6973,8862,
124473361808,1332,11854,2879,4951,6940,8810,
124474361808,1468,22895,13612,37974,18036,8995,
124474861808,1255,11912,2856,4888,6857,8798,
124475361808,1462,12624,3019,4997,7063,8884,
124475861808,1650,12305,13941,5018,6893,9017,
124476861808,1496,12097,3137,5080,6870,8786,
124477861808,1747,12668,3369,15963,6988,20055,
124478861808,1136,12036,2806,4860,6979,9426,
124479361808,1404,12343,3342,5009,7400,9015,
124479861808,1660,11718,2950,4851,7072,8727,
124482361808,1402,23409,25350,26858,6862,31102,
124484361808,1576,22977,3384,15926,7189,19860,
124485861808,1358,11922,14321,4920,18000,8795,
124487861808,1432,12104,2996,5057,6832,8845,
124488361808,1189,11992,2956,5056,6845,8796,
124489361808,228157,11853,2887,4915,6888,8885,
124490361808,1741,12191,2822,5337,7035,8882,
124490861808,1592,12437,3048,4831,6992,8878,
124491361808,10648,11842,2965,4894,6916,8863,
124493861808,1607,12315,2923,5004,7178,9113,
124494861808,1392,12122,3171,15803,7564,8970,
124496361808,1747,12464,2791,4900,6927,8923,
124498861808,1307,11913,2892,4764,6929,8887,
124500361808,1249,11921,13450,15567,6768,8830,
124501861808,1380,12129,2747,4827,6782,9161,
124503361808,178089,12276,3021,5009,7144,9081,
124504861808,1320,11860,3006,5352,6887,8758,
124505361808,63455,22606,13632,15747,6909,19594,
124505861808,1534,12264,2916,5003,7033,8772,
124506361808,1390,11947,3144,4978,6975,8926,
124506861808,1373,12012,3129,4991,7069,8945,
124507861808,5175,12183,3094,5003,7117,8988,
124508361808,1674,12283,3255,4994,7120,9102,
124508861808,14806,11934,3099,4988,6846,8881,
124509861808,1480,11990,2839,5008,6791,8954,
124511861808,1178,11672,13810,4811,6825,8896,
124512861808,1242,11838,2911,5261,6839,8964,
124515861808,1335,11923,2969,4922,6783,9406,
124516361808,1459,12066,3000,4975,6946,9301,
124517361808,1366,12053,2880,4969,6893,9536,
124518861808,9590,11972,13887,15569,6997,9067,
124519361808,1434,22941,2986,4900,7046,8987,
124519861808,1491,12166,3276,4927,6790,8792,
124520361808,1236,11927,2862,4800,6851,8756,
124521361808,1408,12021,3107,5128,6994,9322,
124522361808,1474,11959,2849,4733,6750,8831,
124522861808,1308,54934,34960,47582,6827,19679,
124523861808,1351,11896,2990,4928,7511,9266,
124525361808,1415,12038,3073,5079,7084,9067,
124525861808,1520,12073,13704,4919,28365,8901,
124526861808,1355,11902,2848,4900,6827,8898,
124527361808,1440,12037,3334,5090,6794,8901,
124527861808,1670,12004,2873,4841,6709,8919,
124528361808,1388,33663,14035,4904,72352,9115,
124530361808,4030,12065,13575,4793,6725,8948,
124530861808,69577,11845,3017,4970,6896,8827,
124532361808,3258,12272,3018,5305,6977,9084,
124532861808,1564,12160,3052,4920,7172,9008,
124533361808,1296,11909,2842,4862,7579,8916,
124535361808,5549,12488,3035,4923,7087,8806,
124536361808,15365,34740,24816,37842,29136,62998,
124540361808,1397,12010,2859,4882,17775,19683,
124540861808,11566,12492,13916,5120,7069,9095,
124541861808,1470,11923,2913,5561,7017,8951,
124542361808,1511,12317,2840,5015,6860,8770,
124543361808,1809,11974,3268,4755,6713,8882,
124543861808,1387,12319,3175,4846,6918,8930,
124544361808,1391,11884,3061,4978,6871,8862,
124545361808,1361,12297,3017,4909,6764,9019,
124545861808,1505,12049,2782,4970,6931,8947,
124547361808,8991,11956,3002,4966,6962,9136,
124547861808,1163,11741,2746,4863,6757,8854,
124549361808,1258,11844,2946,4970,6929,8831,
124549861808,1312,11903,2917,4808,6770,8853,
124550361808,1354,11994,13518,15646,6982,8909,
124551361808,11377,12344,2912,4951,6866,8878,
124552361808,1494,12295,2961,4984,7001,8966,
124553861808,1154,12398,2924,4915,6989,8795,
124554861808,2043,12316,14028,5008,7123,8780,
124556861808,1582,12134,13690,4803,6966,8926,
124557361808,1176,12027,2821,4917,6974,8904,
124557861808,1460,11890,2896,5352,6837,8903,
124558361808,1135,12307,2971,5078,7288,9000,
124559361808,1419,11934,13638,4779,6731,8821,
124559861808,1529,12381,3026,5085,6848,8859,
124560361808,10418,11868,3232,5008,7020,8776,
124560861808,1392,12132,13929,15804,6946,8908,
124561361808,1545,12160,3010,5179,7233,9004,
124561861808,1526,12259,2844,4953,6907,8878,
124563861808,1500,12138,24792,5070,7352,20500,
124564861808,1445,11861,14441,5086,6945,8919,
124566361808,1327,11909,3062,4927,6903,8866,
124568861808,1392,11944,3093,4991,6850,8968,
124569361808,1369,22910,3301,4880,17671,8935,
124569861808,3812,11866,2921,4855,7070,8991,
124571361808,1174,11907,2933,4891,6878,8899,
124571861808,1269,11908,2881,4817,6798,8852,
124572861808,4970,15402,15308,15628,6906,8846,
124573861808,146640,193936,198361,192800,199564,196146,
124574361808,300000,23310,47295,15704,28396,20027,
124574861808,1297,11974,2931,4789,40370,8889,
124575361808,1442,12386,13876,4931,17771,8850,
124575861808,127971,33756,13624,4910,17819,19682,
124576361808,6433,12739,15298,4936,7153,20113,
124576861808,1419,11971,3085,4957,7023,9101,
124577361808,1436,12257,2887,4885,6846,8944,
124577861808,1598,11884,2911,4899,6790,8906,
124578361808,1322,11881,2851,4950,6847,8849,
124579361808,1512,12437,3020,5027,17998,20339,
124579861808,1387,12085,2919,4892,6938,8980,
124580361808,8448,11908,2933,4865,6921,8850,
124581361808,1278,12409,3056,16086,18065,9797,
124581861808,1138,12452,14345,4949,6894,8799,
124582861808,1494,12006,2874,4943,6909,8874,
124583361808,1510,13074,3079,4900,7079,9065,
124583861808,1345,11735,2983,4960,6915,8881,
124584361808,1443,12596,2884,4760,6819,8822,
124585361808,1356,22856,3325,15778,6716,8717,
124585861808,1277,12036,13930,4907,17929,8975,
124586361808,1112,12364,3564,4804,6850,8942,
124586861808,1290,11841,2863,5304,6875,8963,
124589361808,9309,12273,2894,5067,7251,9101,
124589861808,1140,12125,2937,4892,6924,8973,
124591861808,1962,11885,3288,5332,6902,8795,
124594361808,1417,11918,13745,5036,7004,8879,
124597861808,1282,11918,2971,4846,6822,8754,
124598361808,7137,12024,2902,5043,6974,8855,
124599861808,1344,11956,2779,4859,6773,8867,
124600361808,1288,11839,13658,5038,7134,8940,
124600861808,1235,11975,2835,4900,6816,8830,
124602361808,1356,11997,2897,4770,6952,8875,
124602861808,1189,11789,3057,4838,6948,8985,
124603861808,1807,11957,3136,4891,6780,8725,
124604861808,8100,12150,3168,4878,7021,9008,
124605361808,1604,11880,2927,5182,6957,8828,
124605861808,1730,12358,2926,4863,6972,8899,
124606361808,75295,12134,2793,4985,6817,8907,
124607861808,29947,11816,2852,4926,6825,8767,
124608861808,1444,12230,13817,5137,6862,8868,
124609361808,1300,79287,2858,37730,7024,9007,
124610361808,1304,33531,24360,4816,6743,19561,
124611361808,17450,11984,2869,4951,6931,8857,
124611861808,1428,12117,2924,5029,6881,8801,
124612361808,1335,11957,13731,4882,6778,8790,
124615361808,1461,12088,2783,5082,6957,8971,
124616361808,1327,12096,3086,4860,7268,8843,
124617861808,1378,11955,2935,4994,6969,9163,
124618861808,1358,12185,3091,4997,6834,8678,
124619861808,10362,12352,2862,4948,6928,9109,
124621361808,1256,11957,2884,4759,6892,8888,
124621861808,1420,12339,2959,4935,6931,9103,
124622361808,1312,11745,3254,4939,7012,8895,
124624861808,1382,11865,2879,4912,6790,8814,
124625361808,1538,12063,2954,15842,7008,9099,
124626861808,4963,11727,2926,15738,17510,19450,
124627361808,1239,11850,3845,4862,6884,9029,
124627861808,1283,11955,3414,5149,6840,8851,
124629361808,23642,11997,2890,4784,6799,9055,
124629861808,1269,11773,2807,4850,6804,8806,
124630361808,1462,11964,2959,4968,6953,8855,
124631361808,1412,11772,2816,5340,6941,8869,
124634361808,1278,11868,2927,4998,17550,8877,
124634861808,4542,15343,14697,15798,6828,8835,
124635861808,1319,55259,34977,15570,6933,8807,
124636361808,1679,11972,3290,5024,6936,8898,
124637861808,1543,11932,3170,4993,6892,9080,
124638861808,1627,12320,13874,4852,17638,8852,
124640361808,1537,11923,13911,4863,6864,8781,
124640861808,1654,12236,3343,4906,6906,8803,
124641361808,1310,11847,13761,16341,17643,19509,
124643861808,1333,11966,13860,15803,17811,19855,
124644861808,1256,22637,13898,15769,17803,19474,
124645361808,1651,11977,3114,4871,6803,8880,
124646361808,1433,12246,13619,4917,6820,8864,
124649361808,1356,11882,3006,5076,6971,8941,
124649861808,1306,11886,2756,4817,6926,8860,
124650861808,1414,12171,2983,4944,7291,8872,
124652361808,1358,11853,13970,5013,6983,20046,
124654361808,1392,12147,3112,4921,6921,8853,
124654861808,1244,12332,2933,5034,6893,8974,
124656361808,4501,12057,13717,15791,6906,19766,
124657361808,1294,11947,2936,4971,6815,9084,
124657861808,1429,12140,3133,4949,6788,8820,
124658861808,64041,11941,13685,4929,6848,8916,
124660861808,1263,11721,2916,4889,6842,9311,
124661361808,1366,11899,2821,4911,18161,8980,
124662861808,1337,11968,2956,4916,6752,8804,
124663361808,1411,12029,2963,5246,6933,8888,
124664361808,1610,12260,2842,4885,6833,9011,
124665861808,2148,12925,3091,5158,7087,8921,
124666861808,1341,12085,13618,4815,6866,9120,
124668861808,1476,12114,2864,4940,7093,8901,
124669361808,1658,11828,2835,4860,6842,8881,
124669861808,1390,12253,3128,5028,7018,9162,
124670861808,1451,12056,13604,4743,6781,8820,
124673361808,1393,12371,3331,15886,7232,9054,
124679361808,1566,12159,2946,4938,6902,8919,
124679861808,1144,12127,2851,4834,6919,8790,
124680861808,1477,12008,2874,4732,6802,8789,
124681361808,1293,11935,2899,5046,6844,8947,
124684361808,1357,11903,3534,5152,7036,9072,
124685861808,1451,12032,13566,4896,6808,19859,
124686361808,1353,15291,2911,5313,6812,8803,
124686861808,1259,12478,2816,4906,6948,8970,
124687361808,1423,12070,13729,5043,7047,8995,
124687861808,1652,11878,3056,4866,6963,8931,
124688361808,1163,11976,2727,4917,6977,8894,
124690861808,1327,22147,24293,16074,28249,19555,
124692861808,1311,12260,2881,5054,6680,8967,
124693361808,8306,11912,2695,4815,6844,8809,
124694361808,1433,12256,2991,5178,6848,8691,
124694861808,47142,12118,2863,4903,6831,8937,
124695361808,2136,11768,3105,4816,6706,8747,
124695861808,1349,12372,3070,5102,6934,8847,
124696361808,1335,12169,2898,4802,6895,8930,
124697361808,1095,11748,2822,4931,6854,8848,
124697861808,1063,11867,2883,4906,6890,8815,
124698361808,1477,12066,3511,4928,6733,8986,
124699361808,1537,12337,3387,5252,6932,9325,
124699861808,1328,11720,2906,4854,6793,8729,
124700361808,25603,22399,89076,4786,17648,9363,
124702361808,1335,11996,13557,4847,6858,8865,
124703861808,1954,11894,3123,4910,6638,9111,
124704361808,1419,12039,2767,4839,6891,8781,
124705361808,1488,12169,2959,5096,6835,9101,
124705861808,1164,11905,2937,4823,6730,8824,
124707361808,1393,12319,13940,5116,7178,8997,
124708361808,1352,22572,13634,15554,17962,19743,
124709861808,1341,11876,2928,4899,6830,8837,
124710861808,1682,12354,2936,16264,6948,8750,
124711361808,4728,15307,14915,15700,28527,30521,
124711861808,1065,11961,2887,4840,6858,8919,
124714361808,1546,12036,2927,4882,6969,8894,
124714861808,1141,11911,2906,4740,6827,8779,
124715861808,240061,11904,2889,4840,6849,9000,
124716361808,5331,12587,3421,5080,6849,8919,
124717861808,1259,11730,2882,4829,6833,8854,
124718861808,1188,12120,2741,4976,7000,8909,
124720861808,1427,11852,14311,16168,17698,8866,
124724361808,9290,24381,2883,15655,6909,19651,
124726861808,1399,11943,3853,5572,6789,8642,
124727361808,1270,11818,13460,15408,7268,8758,
124727861808,31796,22573,13983,15484,6838,19638,
124728861808,1106,11741,2829,4790,6870,8751,
124729861808,1577,12234,2910,4787,6774,8833,
124730861808,1455,33957,25757,4828,29617,9075,
124731361808,1186,11942,2823,5028,6982,8786,
124731861808,6651,11797,13504,15657,17741,8826,
124732861808,1258,11816,2844,4750,6776,8814,
124733361808,1182,12033,2882,4808,6825,8847,
124733861808,995,12024,13546,4859,6821,8822,
124734361808,1318,12011,13619,4950,17710,9047,
124735361808,1310,12190,3031,4900,6848,8859,
124737361808,1138,11739,2826,4795,6785,8833,
124738361808,1099,11722,13387,4797,6758,8811,
124741361808,1277,11865,2857,4768,6750,8809,
124742861808,1533,11935,13464,4856,6707,8966,
124743361808,1357,11816,13531,26117,28282,20528,
124744361808,1642,12321,2938,4891,6939,8817,
124745361808,1584,12690,2924,4952,7040,8844,
124745861808,1170,11799,2948,4790,6814,8792,
124746361808,1466,11786,2938,4908,6814,8857,
124746861808,1294,11928,3131,4919,6942,8895,
124747361808,2500,12394,13987,5143,6846,9125,
124747861808,1298,11890,3367,5118,7270,8943,
124748361808,1239,11929,2917,4850,6792,8812,
124748861808,1264,11988,2928,4882,6774,8895,
124750361808,1354,12060,3060,4772,6776,8833,
124752361808,1409,11856,2924,5274,6895,8790,
124753361808,1286,11953,3011,4800,6927,8784,
124753861808,86582,12029,2984,5085,6868,8815,
124755361808,1335,33847,13791,5361,6823,30372,
124758361808,21980,15724,16077,15922,7383,8849,
124761861808,1159,11767,2805,4897,6875,8769,
124762361808,1425,22793,14274,15736,6926,8725,
124762861808,15717,12347,13753,5419,17538,8841,
124763361808,1276,11833,2781,4753,6888,9823,
124763861808,27449,12347,2904,5367,6847,8798,
124764861808,1356,12458,2809,4825,6746,8823,
124766861808,1534,12421,3112,4917,6638,9120,
124767361808,1460,12286,2949,5181,6801,8881,
124768861808,1180,11706,2753,4691,17466,8756,
124769361808,1233,12101,13443,4789,6918,8850,
124769861808,10046,11882,2864,4726,6808,8925,
124770361808,1284,11887,2967,4828,6772,8946,
124771361808,1353,44375,46081,48049,39099,42546,
124771861808,1347,11785,3271,5284,7502,8734,
124772361808,1273,22795,2873,37785,7337,8839,
124773361808,1376,33682,46822,5072,17865,9039,
124775361808,34634,11774,3888,4896,6811,8770,
124776861808,1280,70104,39311,60677,28412,62337,
124777361808,1622,12088,3138,5068,7129,9014,
124778361808,1317,11851,3034,5137,6882,8652,
124778861808,1069,12021,13500,4882,6824,8944,
124779861808,1391,12428,2829,4825,7410,8780,
124780861808,5705,12137,13749,15636,17807,8961,
124781861808,1677,12269,13396,15560,6792,8859,
124782361808,1266,11925,13784,15655,6835,8809,
124783361808,1732,12365,13601,4946,6797,8777,
124783861808,1191,11933,3371,4827,6781,8819,
124784361808,169423,33743,24849,18672,31109,30965,
124785361808,39083,12132,2860,4751,6717,8825,
124786361808,300000,368647,397068,360191,437844,358547,
124787861808,1304,11915,13839,5148,6906,8872,
124788361808,1492,12068,2868,4876,6925,8929,
124788861808,1137,11601,2832,4834,6734,8738,
124789361808,1277,11822,2857,4831,6870,8907,
124789861808,10153,12367,3098,5519,6825,8838,
124790361808,1295,11921,2852,4720,6750,8884,
124790861808,11399,12012,2858,15597,17585,19867,
124791361808,1142,11962,3580,4876,6726,8730,
124791861808,1189,11836,2830,5016,7007,8976,
124792361808,10822,11877,13609,5099,7036,8973,
124793361808,3152,13386,13635,15773,28534,8820,
124795361808,52078,65881,46149,48452,39365,63115,
124797861808,78414,87542,88810,90724,83517,84420,
124798361808,1189,11568,3009,48569,6725,8797,
124798861808,11741,11969,2998,4948,6969,8886,
124799861808,1367,11724,13847,15557,17534,8807,
124800361808,9963,22787,14323,4797,6719,8720,
124801861808,1376,11803,3027,5140,6997,9081,
124802361808,1349,11753,13525,4913,6917,8819,
124802861808,1313,11932,14036,4869,6760,8929,
124803861808,1481,12075,2875,4885,6998,8776,
124804361808,8426,11813,2871,4808,6939,8878,
124806861808,1245,11980,2930,5104,6720,8914,
124808361808,4703,23458,2863,15675,7075,8914,
124809361808,1310,12051,2993,4792,7505,8891,
124809861808,1553,11984,3397,4996,7255,9109,

