,W-0,R-0,R-1,R-2,R-3,R-4,
139830711533,6367,13135,4791,13680,15706,14372,
139832211533,2744,12697,3099,5099,7027,9089,
139833211533,11043,12192,2948,5329,7027,9107,
139834211533,3639,1614,2973,4921,6904,8925,
139835211533,18245,1440,3002,5729,6961,8959,
139835711533,3817,1918,3167,4942,7098,8883,
139836211533,40619,34440,33967,34261,35026,34792,
139836711533,20926,1464,2891,5304,7122,8910,
139837211533,3367,11975,3051,5067,6931,8878,
139837711533,5073,1466,2864,5300,6910,8897,
139839211533,15738,1589,2904,4801,7102,8983,
139840211533,3750,1462,3024,4822,7031,9011,
139840711533,4168,1412,2919,5203,7043,9128,
139841211533,3730,1316,2961,5017,6932,8988,
139841711533,5023,1381,3345,4844,7030,9039,
139842211533,9705,12337,2985,4949,6987,9035,
139842711533,3770,1318,2882,4942,6805,8842,
139843211533,4238,1849,2971,5117,6886,8867,
139844211533,77170,75723,76576,76808,76095,76321,
139844711533,4012,12114,3239,5019,7148,9060,
139845211533,4731,1382,3055,5169,7246,8832,
139845711533,3160,1226,2884,4861,6848,8829,
139846711533,3760,1395,3065,4975,6870,8761,
139847711533,5177,2056,2934,4881,6786,8814,
139848211533,4022,2056,3036,4941,6871,8811,
139850211533,3661,1242,2932,4821,6938,8917,
139850711533,10399,1451,3336,4962,7158,8860,
139851211533,3656,1730,2926,4772,6768,8829,
139851711533,3737,1351,3047,4849,6968,9254,
139852211533,4437,2008,2993,4909,6913,8993,
139854711533,3886,11811,2905,4816,6944,8827,
139855711533,4434,12060,3328,4810,6746,9186,
139856211533,3754,1310,2933,4887,6900,8875,
139856711533,3343,1257,2923,4884,6952,9095,
139857211533,7746,11759,3284,5216,6883,8848,
139857711533,3286,1279,3012,4885,7310,8810,
139858711533,4980,1216,2916,4804,6855,8902,
139859211533,19179,1227,3079,4993,6809,9016,
139859711533,3635,1565,3026,4836,6834,8799,
139861711533,4217,12781,2904,5087,6987,9223,
139862211533,3633,1578,2966,4965,7177,8857,
139863711533,4598,1230,2942,5080,6895,8906,
139864211533,10364,1211,2959,6110,6864,8713,
139864711533,4658,11830,2866,4990,6837,8783,
139865211533,3711,1711,2900,4858,6757,9010,
139866211533,4193,1421,2876,5014,6916,8822,
139867711533,3748,1462,3070,5155,7230,8877,
139868211533,19807,1303,2914,4814,6854,8799,
139868711533,3669,12108,2888,5200,6922,8939,
139869711533,3163,1453,3324,4993,7162,8897,
139871211533,2686,11913,2871,4888,6801,8923,
139872211533,3936,1347,4124,5022,7749,9379,
139873711533,3292,11931,3001,4916,6873,8834,
139874211533,3826,1349,3353,5104,6983,8986,
139875211533,4108,1557,3095,5063,7013,9050,
139875711533,2665,1560,2913,5146,7298,8902,
139877211533,3851,1362,2792,4852,6907,8920,
139877711533,3883,1292,3610,4990,11169,10794,
139878211533,3678,1275,3135,4876,6908,9259,
139878711533,3606,1382,3386,4850,6755,8778,
139880711533,8196,12095,3134,5238,6930,9443,
139882711533,4159,11999,2936,4929,6832,8776,
139883211533,3625,1353,3068,4976,7076,8964,
139884711533,3669,1328,2972,4939,6931,9012,
139886211533,3718,1626,2968,4832,6872,8847,
139888711533,52332,12262,2852,5273,6819,8879,
139889211533,10180,1344,2955,4867,7694,9061,
139890211533,4459,1375,2723,4764,6959,8876,
139890711533,127806,1336,3217,5025,6960,8962,
139891211533,3347,12371,3035,4988,8847,9742,
139892211533,3621,1386,2972,4863,7254,9077,
139894711533,5166,12110,2912,4907,6928,8802,
139895211533,5088,1773,2856,4833,6775,8884,
139896211533,4172,12171,3055,4962,6875,8753,
139896711533,5125,1558,2847,4901,6785,8983,
139897211533,3509,1339,2832,4902,6885,8677,
139897711533,4017,1783,2788,4746,6916,8797,
139899711533,3615,1324,2843,4762,6779,8805,
139900711533,4716,12390,3043,4983,7319,9000,
139903211533,4413,1974,2970,4855,6889,8960,
139904211533,8920,1239,2857,4868,6763,8750,
139904711533,4739,1638,2957,5222,6872,8716,
139907211533,3414,1300,2770,4980,7058,8855,
139907711533,6660,1251,3065,4795,6884,8920,
139908711533,3701,1254,2876,4907,6790,8652,
139911211533,3613,1666,2813,4726,6923,8901,
139912711533,4971,1247,2903,4818,6800,8830,
139913211533,9743,1115,2849,4749,6782,8960,
139913711533,3279,1751,3051,5037,6961,8770,
139914211533,5024,1314,2771,4799,6877,8800,
139914711533,4461,11685,3026,5039,6919,8916,
139915211533,3508,1466,3053,4775,6740,8896,
139915711533,3815,1619,2907,5028,6828,8741,
139917211533,3339,1238,2818,4843,6883,8806,
139917711533,3401,1184,2839,4762,6779,8749,
139918211533,3291,1410,3052,4781,6835,8864,
139920711533,4422,12411,3220,4995,6862,8893,
139921211533,3568,1396,2803,4730,7224,8757,
139922211533,3617,1582,2919,4904,6692,8792,
139923211533,3997,12187,2811,4767,6855,8878,
139923711533,3793,1657,3176,4954,6948,8946,
139924211533,3745,1665,3159,6019,6857,9132,
139924711533,3838,12267,2982,4833,6964,8824,
139927211533,5314,12355,3386,5049,7094,8780,
139929211533,10415,2707,3222,4754,6857,8866,
139929711533,3699,1654,3107,4776,6828,8951,
139930211533,3757,1818,2990,4920,6717,8939,
139930711533,3976,12051,3820,5162,6847,8905,
139931211533,3636,1519,2951,4895,6805,8825,
139931711533,3654,1617,3369,4934,7081,9044,
139933211533,3618,1681,2745,4800,6839,8925,
139934211533,2704,1337,2904,4952,6854,8815,
139934711533,7338,1631,3072,4777,7125,8947,
139935211533,70900,1762,3098,4968,7149,9012,
139935711533,3782,2380,2999,4948,6789,8842,
139937211533,5188,12204,2854,4958,6781,8923,
139937711533,4038,1593,2941,4859,6801,8701,
139938711533,3638,1568,2876,4917,7012,8841,
139940711533,4151,2065,3884,5116,6811,8896,
139941711533,3740,1252,2921,4785,6852,8922,
139942711533,3788,1743,2795,4920,6838,8881,
139943711533,85567,11758,2791,4687,6741,8789,
139944211533,4653,12006,2892,4905,6828,8778,
139945711533,3675,1695,3062,4777,6766,8914,
139948211533,12310,11650,2903,5015,6890,8767,
139949211533,3665,1426,3009,4851,6778,8833,
139951711533,8580,1611,2922,4983,7072,9400,
139952211533,3457,1342,2751,4700,6933,8879,
139952711533,3350,1351,3091,4809,6831,8775,
139953211533,5784,2329,2798,5059,6755,8795,
139954711533,4694,12646,3158,5172,6864,9117,
139955211533,3722,1754,3004,4790,6764,8892,
139955711533,100411,1339,2780,4710,6756,8854,
139957711533,3516,1230,2699,5016,6964,8798,
139959211533,3901,1256,2768,4773,6968,8894,
139959711533,3661,1282,2919,4746,6726,9021,
139960211533,3617,1446,2930,4739,7084,8865,
139960711533,5151,1347,2869,4966,6747,8807,
139961211533,5812,2673,3134,4896,6967,8750,
139961711533,3600,1357,2935,4814,6805,8945,
139962211533,5065,1367,2981,4852,6834,8917,
139963711533,96030,1290,2923,4856,6972,8909,
139964711533,3639,1396,2964,4941,6866,8774,
139965211533,3849,1442,3425,4871,7245,8951,
139965711533,4060,1332,2832,4806,6774,8691,
139966211533,4149,1370,2995,4971,6953,8782,
139967211533,3641,1454,3090,5052,6787,8677,
139968211533,5078,11748,3000,4876,6773,8770,
139969211533,3413,1301,2955,4801,6809,8803,
139969711533,3860,11790,2917,4797,6707,8757,
139970211533,3360,1299,2970,4939,6837,8838,
139972711533,16353,1410,3070,5029,6874,8792,
139974711533,3009,11656,3197,4917,6892,8818,
139976211533,3453,1185,2954,4897,6980,8923,
139978211533,3444,1280,2942,4757,6656,8614,
139978711533,3109,1640,3002,4823,6654,8869,
139979711533,3599,1392,3176,4753,6854,8885,
139980711533,4518,1914,2965,4798,6742,8970,
139981211533,3720,1377,3058,4784,7859,8938,
139981711533,3744,1263,3052,4736,6743,8795,
139984211533,3457,1405,3032,4760,6728,8693,
139985211533,3746,1367,2918,4943,6898,8828,
139986711533,4129,1286,3001,4879,6866,8996,
139989211533,5781,11937,3279,5089,6893,8812,
139990711533,4904,1684,2799,5019,6772,9051,
139992211533,3466,1381,2870,4816,6677,8722,
139993711533,5050,1654,2821,4850,6819,8847,
139995211533,84066,1564,2962,4817,6899,8906,
139995711533,4187,12008,3891,5065,6937,8980,
139996211533,3662,1334,2935,4974,6922,8839,
139996711533,3685,1347,2794,4656,6809,8826,
139997211533,3917,1711,3370,4832,6909,8761,
139998211533,3572,1371,2838,4884,7123,8761,
139998711533,2970,1163,2798,4792,6787,8777,
139999211533,2611,1233,2784,4902,7004,8789,
140000211533,3624,1546,2755,4800,6792,8908,
140002211533,3787,1520,3056,4972,6841,8934,
140003211533,3773,1180,2780,4841,6856,8936,
140006211533,4980,1605,2858,4791,6957,8814,
140006711533,5536,4999,5412,5194,6906,8809,
140007711533,15023,11726,12918,11981,12672,12805,
140009211533,9672,12066,2874,4957,6869,8964,
140009711533,3850,1502,2869,4860,6865,8994,
140010211533,3601,1297,2946,4725,6720,8757,
140010711533,3999,1374,2749,4961,6890,8986,
140011711533,4683,1654,3012,4884,6747,8694,
140012711533,4021,1600,2892,4806,6755,8872,
140013211533,3769,11657,3169,4957,6942,8957,
140014211533,3812,2002,2990,4919,6817,8809,
140015711533,4748,1340,3025,5200,6792,8894,
140016211533,21871,18807,18607,18709,18894,18420,
140017211533,12462,1248,3066,5248,6926,8894,
140017711533,4946,1421,2837,4854,6826,8755,
140018211533,3443,1187,2830,4990,6956,8972,
140018711533,3623,1552,2884,4948,6873,9115,
140020711533,3342,1183,2827,4935,6903,8832,
140021211533,3406,1090,2907,4876,7268,8772,
140022711533,70784,1139,2894,5073,6860,8756,
140023211533,4035,11632,2861,5086,6767,8797,
140023711533,4154,12528,2969,5135,6763,8777,
140025711533,3368,1199,2948,5035,6837,8805,
140026711533,3670,11910,2965,4981,6744,8733,
140030711533,3606,1362,2948,5110,6754,8710,
140031211533,3713,1653,2878,5111,7026,8836,
140032211533,3663,11981,2873,4852,6903,8938,
140032711533,4946,1379,3005,5384,6887,8917,
140033711533,3601,1318,2975,5231,6981,8940,
140034211533,3386,1126,2879,5082,7090,8729,
140034711533,6577,1182,2903,4902,6829,8822,
140035711533,6449,2455,3102,4887,6857,8742,
140036211533,3529,1271,3081,5002,6731,8762,
140037711533,3460,1254,2736,4736,6964,8864,
140038211533,3418,1327,2828,5118,7331,9144,
140039711533,2945,11701,3119,5080,6832,8824,
140040211533,3178,1131,2772,4664,6832,8810,
140040711533,3643,1196,2939,4796,6770,8760,
140041711533,3709,11820,2832,4873,6903,8916,
140042711533,3084,11665,2877,4825,6877,8806,
140044211533,29764,1654,3612,4843,6895,8851,
140045211533,69947,1412,2976,4952,6875,8867,
140047211533,3537,1318,2851,4701,6751,8725,
140047711533,3130,1627,2868,4717,6848,8888,
140048211533,5330,1590,2706,4863,6731,8730,
140048711533,5541,11761,2846,4791,6930,8747,
140049711533,41822,2764,3071,4869,6956,8930,
140050211533,3596,1240,2850,4688,6706,8744,
140050711533,140918,1528,3186,5098,7055,9112,
140051211533,3379,1147,3017,4930,6815,8921,
140051711533,3579,1331,2961,4872,7023,8760,
140052211533,4698,1215,2823,5294,6869,8894,
140054211533,3451,11956,2779,4767,6840,10349,
140055211533,3693,1380,2996,4978,6845,8775,
140056711533,3598,1238,3062,4980,6983,8842,
140059211533,4615,1398,2899,4777,6732,8741,
140059711533,3828,1804,2952,4884,6937,8850,
140060211533,38727,1238,3121,4949,6999,8742,
140061711533,3611,1582,2957,4914,6920,8881,
140062211533,5752,1221,2771,4997,6963,8828,
140063211533,4525,12218,3060,5027,6981,9215,
140064211533,3521,1462,2990,4679,6841,8876,
140064711533,107853,1199,3065,4919,7051,8875,
140065211533,66615,11669,3079,4860,6997,8926,
140065711533,4835,1679,2885,4968,6882,8823,
140066211533,4953,11839,2815,4914,6923,8769,
140066711533,3146,11731,2889,4703,6895,8777,
140067211533,5343,1175,3130,4807,6777,8865,
140067711533,3665,1263,3351,4838,6952,8779,
140068211533,6590,1202,2971,4829,6935,8742,
140068711533,4006,12394,2762,4898,7141,8972,
140069711533,82111,1289,2823,4850,6985,8723,
140070211533,4329,12415,2888,4758,7056,8982,
140070711533,3658,1579,3063,4788,6975,8947,
140071711533,10267,1050,2888,4840,6937,8846,
140072211533,3525,1309,2740,4875,7020,8730,
140073211533,4881,1557,3278,5249,7148,8803,
140073711533,3672,11907,2896,4776,6977,8954,
140074211533,2454,1118,2961,4853,7052,8716,
140074711533,5771,1630,3155,5031,7136,8919,
140075711533,116918,11631,2827,4907,7522,8836,
140076211533,4567,11860,2975,4923,7001,8860,
140076711533,78375,1318,2889,4975,7179,8942,
140077211533,22593,1340,2751,4765,6875,8672,
140079711533,3419,1228,2769,4772,6904,8830,
140080211533,3543,1289,2854,4764,6926,8962,
140082211533,37111,1143,3182,5035,8918,8901,
140084711533,4637,1245,3166,5000,6654,8723,
140088211533,4980,1105,2717,4781,6969,8753,
140088711533,3684,11798,3150,4823,7111,8934,
140090211533,3392,1137,2995,4897,6729,9008,
140090711533,3334,1265,2811,4903,6765,9609,
140091211533,5305,1691,3170,5094,7094,9021,
140092711533,3775,12398,2993,4767,6767,8920,
140093211533,9041,1109,2871,4679,6774,8832,
140094211533,6704,1667,7049,6434,7397,8796,
140095211533,3567,1402,2865,4786,6827,8777,
140095711533,3535,1298,3001,4845,6763,8749,
140096211533,3098,1225,3220,4805,6692,8767,
140096711533,3435,1181,3022,4866,6764,8846,
140098211533,3774,1465,2781,4876,6838,8836,
140099211533,3679,11779,2927,4849,6898,8912,
140099711533,3652,1436,3014,4860,6951,8849,
140100711533,3626,1545,2992,4884,7314,8807,
140101711533,3728,1194,3651,4855,6840,8886,
140102211533,3594,11849,2919,4727,6665,8806,
140102711533,3584,1369,3002,5608,6747,8876,
140105711533,3412,1278,2959,4956,6804,8832,
140106711533,4440,1219,2840,4799,6725,8884,
140108211533,4379,1770,2822,5809,7207,9952,
140109211533,28209,1465,2796,4768,6787,8809,
140110211533,3354,1303,2975,4818,6822,8840,
140111711533,4593,2564,3630,5041,7040,9158,
140112211533,3701,1438,3119,4768,6827,8772,
140112711533,4861,1364,2851,4735,7349,8931,
140115211533,5295,11766,3134,5041,7068,8739,
140115711533,3449,1329,2972,4997,7080,8880,
140117211533,3451,1298,2993,4854,6763,8848,
140117711533,3230,11938,2897,5169,6956,9013,
140118211533,4672,1346,2928,4873,6706,8978,
140119711533,4783,1142,2947,4966,7714,8876,
140120211533,3695,11885,2905,4754,6854,9112,
140120711533,3744,1461,3002,4807,7682,9302,
140121711533,3666,11715,2968,4990,7026,9440,
140124711533,4744,12945,2834,5168,6955,8969,
140125211533,3399,1274,2768,4663,6704,8897,
140126211533,300000,1459,3188,5302,7177,9044,
140126711533,3625,11741,3055,4943,6924,9126,
140128211533,3658,11740,2923,4911,6946,8966,
140129211533,3368,11782,3162,4910,6819,8971,
140130711533,3539,1325,2816,4692,7256,8980,
140131211533,3410,1431,2809,4973,7014,9637,
140131711533,83307,11654,2888,4841,6859,8971,
140134211533,3016,1149,2919,5062,6741,8854,
140135211533,3552,1361,3010,5044,6874,8986,
140135711533,4426,1668,2866,4913,6908,8869,
140136711533,3960,1394,2957,4716,6855,8713,
140139711533,3634,11676,2851,4741,6879,8686,
140140211533,3702,1346,2873,4942,6956,8884,
140141211533,3723,11817,3021,4747,6946,8843,
140142711533,8403,13319,3103,4853,7431,9358,
140144711533,3773,1593,3031,4889,6877,8702,
140145211533,4402,1427,2943,4881,6903,8856,
140146711533,4562,12596,2819,4969,7063,8874,
140147711533,3461,1285,3167,5080,6736,8694,
140148211533,3915,1652,3017,4985,6932,8840,
140149211533,3504,1212,2924,4838,6690,8820,
140151211533,4829,12035,2812,4983,6760,8688,
140151711533,4980,11547,2744,4798,6744,8857,
140153211533,3705,11592,2835,4712,6767,8927,
140153711533,4515,12706,2929,4966,6845,9093,
140154711533,3229,1354,2888,4718,6885,8715,
140156211533,2454,1341,2866,4701,6786,9080,
140157211533,4727,11728,2887,4697,6704,8753,
140159211533,3550,1567,2940,4776,6777,8998,
140159711533,3032,1137,2828,4827,6751,8664,
140160211533,3621,11741,3305,4701,6807,8897,
140161211533,3239,1501,3050,4986,6852,8723,
140163711533,3612,1424,2824,4669,6820,8786,
140169711533,4669,1401,2893,5379,7003,9133,
140170211533,3791,1642,3117,5249,7445,11974,
140171211533,3642,11649,3039,4864,6914,8900,
140171711533,3639,1626,2955,4892,6825,9146,
140174711533,155683,11675,2989,4863,6958,8761,
140176211533,3752,1270,3094,4797,6884,9004,
140176711533,3756,1610,2864,4863,6772,8998,
140177211533,3602,1575,2826,4691,6980,8832,
140177711533,3615,1351,3065,5060,6870,8855,
140178211533,3562,1408,3046,5021,6835,8798,
140178711533,3567,1236,2928,4855,6742,8771,
140181211533,3318,1260,2877,4738,6734,8752,
140183211533,3870,1882,2805,4902,6736,8992,
140183711533,3795,1324,3200,4920,6821,8979,
140184711533,3754,12348,3102,5034,6898,8840,
140185211533,3634,11631,3195,4755,6772,9282,
140185711533,3565,1399,2896,4773,6863,8765,
140186211533,5192,1681,3395,4952,6827,8809,
140186711533,3841,1596,3066,4929,7007,8867,
140187711533,300000,1694,3031,4906,6725,8809,
140188211533,8005,12970,3173,4914,6719,8904,
140188711533,31357,13651,3691,4754,6831,9125,
140189711533,3646,11822,3316,4712,6711,8727,
140190211533,3630,1538,2939,4880,6744,9006,
140190711533,84256,11839,3114,4889,6748,8806,
140192711533,3613,1239,2796,4950,6964,8779,
140194211533,3531,1544,2927,4833,6658,8776,
140194711533,8506,1304,2752,4719,6672,8885,
140195711533,2586,1147,2726,4855,6829,8760,
140196211533,5195,1522,2766,4998,7520,8727,
140197711533,4578,1404,2891,4871,6951,8739,
140198711533,3904,12125,2943,4938,6968,8901,
140200211533,3548,1311,2932,4750,6837,8818,
140201211533,4673,1600,2733,5192,6912,8862,
140201711533,2786,1287,3130,5057,6889,8693,
140202211533,3614,11682,2837,4803,6901,8703,
140204711533,3852,1577,3086,4857,7816,8721,
140205211533,5945,12024,3135,5073,6947,8805,
140206211533,3821,11824,2978,5107,6793,8822,
140206711533,11962,12153,2866,4985,6873,8794,
140208211533,16892,1459,3128,4988,6727,8881,
140209211533,3618,1401,2988,4887,6879,8731,
140211211533,3850,1526,2846,4662,6819,8895,
140214711533,3650,1342,3044,5027,7042,8971,
140217211533,4615,1579,3101,4973,6969,8977,
140217711533,3599,1170,3058,4762,6811,8835,
140218211533,3751,1234,2823,4840,7037,9073,
140219211533,22282,28948,28826,28762,28214,28644,
140220211533,4659,1658,2818,5122,6704,8725,
140221211533,3840,1607,2954,4839,6755,9207,
140221711533,8111,7646,5874,16108,7327,8771,
140222211533,3592,1284,2990,4904,6787,8916,
140223211533,4501,3768,4273,4758,6858,8875,
140223711533,3555,1429,2682,4710,6729,8720,
140224211533,3252,1649,2989,5102,6756,8785,
140224711533,7787,1218,2845,4850,6930,8884,
140225711533,3917,13383,2978,4797,6786,13786,
140227711533,4428,1293,2769,4723,6730,8821,
140228711533,18520,15699,15831,17289,17029,17370,
140231711533,3596,1932,2745,4723,7098,8841,
140233211533,3220,1531,2777,4894,6864,8922,
140233711533,44689,11720,2848,5268,6782,8772,
140234711533,3369,1246,2761,4682,6815,8775,
140235711533,3638,1549,2958,4870,6950,8758,
140236211533,3357,1161,3105,4773,7092,8931,
140236711533,12942,13053,3184,5064,6918,8828,
140237211533,3731,1659,2929,4861,6730,8896,
140237711533,272972,1511,3078,5090,6972,8930,
140238211533,5075,11824,3061,4878,6733,8803,
140238711533,3530,1152,2990,4956,6813,8917,
140239211533,3595,1462,3013,4810,6797,8910,
140240711533,3704,2050,3074,4902,6966,8806,
140242711533,3853,11655,2889,4901,7094,8778,
140243711533,3606,1432,3033,4800,6824,8976,
140244211533,3737,1516,3577,4711,6847,8799,
140245711533,3638,1331,2892,4929,6837,8688,
140248711533,6157,12195,3020,4779,6860,8770,
140252211533,3387,1255,2715,4746,6826,8756,
140252711533,3633,1232,2990,5064,6933,8888,
140253211533,3807,1401,2889,4788,6724,8731,
140253711533,3397,1593,2738,4763,6696,8728,
140254211533,2914,1337,2801,4742,6916,8806,
140255211533,4513,1163,2843,4835,6735,8764,
140257211533,3763,1519,2855,4805,6766,8785,
140257711533,12018,1421,2894,4845,6695,11540,
140259211533,7356,6520,6946,7101,6736,8851,
140259711533,4641,1301,2965,4847,6844,8905,
140260211533,3624,1394,2912,4769,6749,8822,
140260711533,4443,1705,2889,4842,6872,8784,
140261711533,3635,11648,2767,4771,7052,8951,
140262211533,4830,1138,5638,5242,6755,8849,
140262711533,3350,1258,2873,4790,7105,8835,
140263711533,3659,1278,2939,4818,6885,8835,
140265711533,12423,11944,9181,9747,9524,9635,
140267211533,3285,11643,2887,4801,6802,8809,
140267711533,3749,1400,2924,4823,6777,8781,
140268711533,4587,1229,2733,4844,6835,8740,
140269211533,3464,11623,2920,4777,6689,8705,
140270211533,3528,1313,2967,5064,6950,9070,
140271211533,10315,1510,3076,4916,6845,8850,
140272211533,2345,1424,2931,4844,6915,8897,
140272711533,3788,11853,2674,4836,7271,8747,
140273711533,3460,11772,3215,5004,6907,8715,
140274211533,3589,11630,2843,4706,6664,8739,
140274711533,3307,1188,2647,4694,6740,8707,
140275711533,3516,1342,2823,4730,6727,8717,
140276711533,3595,11755,3004,4826,6725,8743,
140278211533,3692,11710,3025,5509,6771,8818,
140278711533,3671,1401,2890,4712,6715,8852,
140279211533,3426,1326,2890,4716,6702,8797,
140279711533,3258,1192,3050,4728,6840,8838,
140280211533,4451,2532,2975,5017,6846,8753,
140280711533,21821,1254,2934,4830,6797,8709,
140281211533,3446,1229,2833,4888,6722,8849,
140281711533,5018,1227,2779,4883,7722,8674,
140282211533,2642,1376,2971,4918,6877,8855,
140282711533,3645,1565,2988,4957,6745,8982,
140283711533,3773,11707,2876,4683,6859,8648,
140285711533,3602,1420,2968,4931,6889,8873,
140288211533,3339,1283,2900,4867,6770,8869,
140288711533,3622,1350,2888,4938,7159,9425,
140289211533,3554,1282,2744,4866,6759,8829,
140290211533,4124,11831,2883,4827,6827,8747,
140290711533,3649,1528,2749,4898,6869,8782,
140292211533,3755,1341,2762,4876,6833,8838,
140292711533,3634,1110,2857,4744,6737,8794,
140293211533,19610,1432,2814,4823,6722,8767,
140294211533,3390,1326,2890,4745,6764,8735,
140294711533,18016,1096,2912,4878,6844,8750,
140297211533,45756,14667,15592,4986,7125,9014,
140298711533,3602,1567,2944,4766,6952,8756,
140299711533,4995,1391,2802,4808,7010,8891,
140300211533,3639,1387,3100,4869,6824,8830,

