,W-0,R-0,R-1,R-2,R-3,R-4,
120769784084,102115,110357,103686,105802,106321,110998,
120771284084,1397,2105,3247,5168,7237,9019,
120772284084,1576,1773,3159,4994,6987,10797,
120773284084,1489,1737,3002,4994,6894,9105,
120774284084,1390,1666,3166,5003,7110,9163,
120774784084,1803,1558,2994,5010,7051,9070,
120775284084,1461,12869,3061,5060,7306,9219,
120775784084,1681,1392,3132,4898,7652,9089,
120776284084,1198,1423,2800,4881,6909,8860,
120776784084,51233,2427,3375,5147,7226,9139,
120778284084,1543,12214,3180,5242,7254,9071,
120779284084,9402,1719,2979,5259,7043,8833,
120779784084,1622,1820,3142,4861,6887,8872,
120780284084,2054,1697,4057,5147,7117,8791,
120780784084,1609,1318,2952,4823,6871,9093,
120781284084,8196,1699,3075,5023,7139,9110,
120781784084,2608,12279,3069,4954,7681,9047,
120782284084,20491,2600,2910,4817,6873,8872,
120783284084,2066,1814,3281,5194,7180,9243,
120783784084,68646,1333,2805,4846,6883,9452,
120784284084,1563,12089,3017,4978,7207,9013,
120784784084,1609,1305,3479,5070,7131,8885,
120785784084,1670,12476,3177,5091,7030,9046,
120786784084,2071,13142,3125,4980,7078,9138,
120787284084,103338,102843,104217,103811,104432,104594,
120789284084,81602,1536,3140,4840,6897,9024,
120789784084,1509,12118,3100,5079,7102,9118,
120790284084,2187,1763,3240,5047,6884,9580,
120790784084,1516,1206,2975,5064,6900,9063,
120791284084,1281,1505,2959,4994,6904,9003,
120793784084,1516,12049,4022,4872,6796,8816,
120794784084,1424,12963,3314,4876,7731,9098,
120795284084,1585,11977,2799,4780,6838,8797,
120795784084,1222,1451,3092,5076,7212,9108,
120796284084,1367,1597,3213,5181,6810,8818,
120796784084,6521,1461,3102,5080,7086,9100,
120797784084,1905,12400,3044,4896,6963,9066,
120798284084,10490,20027,20279,20800,19704,21163,
120798784084,1278,11749,3027,4842,6855,8760,
120800784084,1613,1240,3117,5046,7013,9127,
120801284084,1227,1453,3143,4999,7109,9050,
120802784084,1733,12146,3514,5190,7259,8872,
120803284084,2178,12806,2766,4883,7484,8839,
120803784084,2658,13180,3096,5225,7480,9227,
120804284084,125564,11853,2865,4768,7199,8871,
120805284084,1261,1433,2968,5271,6868,8885,
120806784084,1704,1532,3156,4971,7061,9023,
120807284084,1819,12388,3630,4774,6756,8723,
120807784084,23131,1221,3010,5067,6973,8848,
120808784084,1880,1469,2966,5070,6846,8903,
120810284084,1315,1512,3080,4863,7177,9126,
120811284084,1399,11891,2905,4755,6977,8908,
120812784084,1257,1439,3085,5116,7065,9140,
120813284084,1255,1565,2775,4768,6824,8734,
120814284084,1459,1300,2989,4735,6808,8846,
120814784084,1742,1585,3058,5012,6947,9040,
120816284084,10617,11722,3091,4887,7084,8976,
120816784084,1587,1273,2820,5059,7135,9107,
120817284084,1782,1582,3049,5027,7241,8957,
120817784084,4070,14372,14229,4912,6827,8824,
120819784084,1230,1516,2841,4836,6739,8758,
120821784084,1578,12365,3090,5210,6844,8900,
120822284084,1729,12181,2799,4812,6968,8860,
120823784084,1544,1273,3303,5121,7079,9060,
120825284084,1614,1289,3362,4892,6756,8775,
120827784084,1238,1387,3010,5004,6790,9214,
120828284084,7851,12008,3126,4783,7485,8853,
120829284084,1500,1219,2835,4894,7642,8861,
120829784084,6580,12740,3375,4974,6977,9020,
120830284084,1562,1406,3092,4782,6861,8801,
120831284084,2705,13210,5329,5508,6829,8735,
120833784084,1277,1512,2834,4908,7025,8949,
120834284084,1274,1505,3191,5412,6898,8879,
120835284084,1316,1572,3042,4793,7025,8812,
120835784084,6414,1267,2896,4825,6806,8812,
120836284084,1727,1464,2811,4741,6843,8824,
120836784084,1562,11760,2981,5053,6831,8832,
120838784084,2047,2386,3223,5158,6819,9066,
120839784084,1498,1357,3156,5002,7126,11223,
120842284084,1480,12379,2968,5100,6950,8864,
120843284084,1183,1409,2977,4914,7203,8747,
120843784084,6131,1334,2912,4975,6857,8796,
120846284084,5478,1518,3149,4900,6856,8848,
120846784084,1550,1283,2828,4781,7030,8984,
120847784084,1756,12226,3062,4827,7051,8871,
120850284084,1151,1433,3163,4858,6898,9204,
120851784084,1459,1268,3023,4846,6833,8857,
120852284084,1484,1697,3166,5230,6820,8788,
120852784084,1115,1307,2975,4836,6833,8743,
120853284084,1600,12177,3097,5184,7559,9043,
120853784084,2017,12624,3003,4717,6872,8892,
120854284084,1438,1195,2887,4808,7026,9235,
120854784084,11631,12442,3076,5272,7014,8971,
120856284084,1317,1548,3001,4804,6794,8841,
120856784084,1505,11993,3186,4757,6816,8843,
120857284084,1271,1547,3285,4863,6873,8872,
120859784084,1635,1461,3109,4809,6773,8729,
120860284084,1601,11997,3226,4764,6879,9395,
120861284084,1664,12095,2863,4959,7234,8723,
120862284084,1496,1363,2975,5049,6888,8902,
120862784084,1308,1564,2760,4782,6883,8781,
120863284084,1298,1511,2986,5024,7192,9151,
120863784084,1868,1530,2765,4785,6997,8988,
120866284084,1840,12234,2847,7775,7899,12702,
120868284084,167965,1445,3068,4915,6890,8781,
120868784084,188906,195560,195759,195982,199600,195847,
120869284084,1096,1278,2873,5001,6867,8834,
120869784084,1447,1206,2753,4740,6733,9017,
120870284084,1718,1501,2802,4974,7032,8823,
120870784084,1503,1307,2872,4806,6861,8874,
120872284084,1412,1173,3024,4871,6793,9029,
120873284084,1262,12265,3084,4891,7153,8906,
120873784084,1584,12090,2833,4739,7338,8988,
120874284084,1478,11961,3089,5046,6888,8831,
120874784084,1223,1605,3296,4719,7160,8901,
120876284084,1525,12365,2901,4786,6972,8829,
120876784084,79353,80057,79184,79327,78858,79150,
120877784084,1568,12125,3016,4786,7097,8907,
120879784084,1451,1653,3193,4985,6839,9213,
120880784084,1293,1486,2966,4897,6853,8985,
120881784084,1227,1536,2847,4986,6783,8884,
120882784084,1381,1606,2737,4885,6832,8777,
120883284084,1461,11970,3137,4876,6983,8816,
120884784084,70470,1496,3011,5061,6986,9061,
120887284084,1260,1492,2812,4891,9969,10416,
120888284084,1463,11658,2874,5131,6847,8790,
120890784084,59269,1463,3150,5182,6902,9015,
120891284084,4481,1481,3221,4821,6858,8837,
120891784084,1778,1447,2865,5016,7190,9113,
120892284084,1206,1469,3211,5029,7088,8863,
120893784084,201495,1700,3104,4891,6908,8996,
120894284084,1277,1685,3638,4873,6732,8853,
120894784084,1282,1492,2882,4789,6883,9127,
120896784084,1785,1657,2905,4849,7006,8974,
120898284084,1371,1588,2906,5060,6747,8696,
120898784084,1504,1750,2823,4711,6727,8744,
120899284084,1103,1307,3008,4759,7039,8774,
120899784084,1318,12213,3128,5208,6779,8804,
120900284084,1419,1300,3019,5002,6788,8737,
120900784084,11072,13442,12857,13328,13250,13136,
120901284084,1258,11997,3010,4812,6841,8872,
120902784084,1648,12478,2881,4867,7128,10462,
120903784084,1579,1470,3056,4886,6785,9057,
120904284084,1596,1372,2801,5263,7287,8755,
120904784084,1532,1379,2989,5075,7061,8913,
120905284084,1461,1229,6714,7367,7178,8976,
120906284084,1601,1415,3076,4715,6819,8818,
120907284084,5731,1511,2817,5011,6994,8784,
120908284084,1513,1713,2894,4697,6857,9018,
120908784084,7542,1313,3027,4857,7096,8738,
120909284084,1418,1289,2848,4850,7078,9113,
120911784084,1309,1709,3352,4984,6979,9047,
120913784084,1401,1230,2835,4883,6785,8735,
120915284084,1627,12042,2973,4783,6897,8752,
120917284084,1434,1639,3159,4855,7200,8810,
120917784084,1785,1549,2872,4890,7036,8878,
120918784084,1276,1160,3139,4821,6888,8889,
120919784084,19065,1743,3255,4656,7075,8793,
120920284084,1518,12096,3016,4957,6841,9044,
120920784084,1534,1249,2814,4874,6909,8805,
120923284084,1138,1381,3052,4866,6968,9029,
120924284084,2494,3039,3176,6465,7200,9383,
120925784084,1492,11972,2815,4716,6840,8800,
120928284084,4852,1711,3071,5215,6964,8891,
120929784084,40003,39355,39095,39248,39559,39892,
120931284084,9298,1272,3456,4746,6763,9440,
120932784084,8654,1370,3147,4759,6748,8809,
120934284084,1515,11790,3556,5070,6906,8802,
120934784084,1624,1577,3022,4758,6814,8984,
120935284084,1361,11820,2813,4874,6902,9477,
120935784084,1352,1153,2751,4845,6862,8832,
120936284084,1132,1379,2860,4882,6752,8736,
120937284084,1410,1280,2982,4872,6908,9048,
120937784084,1449,12175,3116,4839,6993,8826,
120938284084,1467,1278,2966,5017,6840,8820,
120939284084,6459,1177,2994,5239,6910,8876,
120941284084,1464,11915,3206,4905,7047,8811,
120942284084,1460,1237,3160,5210,6788,9046,
120945284084,1292,1547,2984,4713,6982,9198,
120945784084,1464,1745,3173,4826,6984,8988,
120946784084,1736,12123,3324,4835,6772,8878,
120948284084,1693,1481,2892,4885,6812,8792,
120948784084,1273,12201,2871,4683,6859,8904,
120949284084,1258,1420,2867,4853,6825,8855,
120949784084,1437,1212,2790,4825,6857,8828,
120950784084,16836,1417,2746,4782,7091,8792,
120951784084,1304,1160,2730,4732,6822,8872,
120952284084,1243,1543,2717,5458,6884,8888,
120953284084,1394,1546,3277,5001,7053,8816,
120954784084,9378,1415,3292,4888,6757,8875,
120955284084,1466,1234,2754,4767,7046,8816,
120956284084,2149,1458,3192,4885,6774,8980,
120956784084,1202,1475,3395,4658,6794,8805,
120957284084,1474,1442,2869,4795,7062,9272,
120957784084,1330,12005,3121,4767,6786,8970,
120959784084,3316,1366,3104,4789,6768,8812,
120960284084,1683,1515,2880,4862,6822,8833,
120961784084,1206,1752,3021,4791,6892,9008,
120962284084,1513,12262,2902,4804,7037,8984,
120962784084,1138,1387,2960,5194,6826,8911,
120964784084,1423,1561,3373,4832,7233,8861,
120965784084,1998,11845,2912,4690,7083,9007,
120969784084,1424,11958,2967,4834,6967,8962,
120970284084,1426,1620,2951,4890,6741,9104,
120971284084,1492,11906,2995,4838,6879,9185,
120971784084,4409,14855,4821,4858,6824,8748,
120972784084,9644,1148,2818,4691,7294,8976,
120973284084,1354,1131,2870,4824,6768,8989,
120973784084,1324,1641,3111,4629,6720,9078,
120974784084,1563,1355,2978,4762,6869,9405,
120975284084,1064,1324,2718,4816,6833,8795,
120976784084,1259,1526,3166,4748,6819,8763,
120977284084,4056,14136,14266,5037,6725,8851,
120978784084,1716,1508,2818,4666,6696,8952,
120979284084,34117,2040,2969,4708,6809,8861,
120979784084,13078,12056,3305,6343,6801,8794,
120980784084,1523,1298,2885,5125,7266,8884,
120981784084,1655,12138,3004,4975,7141,8988,
120983284084,1489,1227,2783,4761,6817,8686,
120984284084,2414,2003,2832,5213,6873,8840,
120986284084,1236,12081,2754,4895,6901,8809,
120986784084,1242,1456,2911,4859,6770,8780,
120987284084,1089,2353,2801,4874,6723,8742,
120987784084,1240,1435,3050,4843,7034,9067,
120988784084,1613,11720,2897,4878,6709,8692,
120989284084,1464,1238,2788,5287,6792,8754,
120989784084,1508,11825,2782,4767,6851,8693,
120990284084,1156,1357,3119,4871,6798,8736,
120990784084,1120,1398,2869,4842,7157,8973,
120991284084,1473,11731,2985,4745,6714,8704,
120993284084,1803,12100,2959,4788,6876,8836,
120994284084,1225,1456,2716,4713,6724,8686,
120995784084,1250,1400,2956,4888,6903,8907,
120998284084,24320,1318,3069,5023,6829,8984,
120998784084,1250,1458,2744,4816,6840,8816,
120999284084,1695,1519,3245,5005,7093,8977,
121000784084,1960,1684,2819,4836,6890,9070,
121001284084,1322,1210,2745,4792,6778,8785,
121002284084,1673,12001,2873,5048,6738,8867,
121003284084,1317,1107,2661,4605,6878,8782,
121003784084,1683,1483,2772,4709,7027,9024,
121004284084,1372,11802,2769,4713,6814,8644,
121004784084,92897,1335,2861,4851,6779,8800,
121005284084,1397,1555,2773,4864,6833,8836,
121005784084,1123,1262,2840,4855,6980,8731,
121006284084,1911,1652,3165,4974,7055,8858,
121006784084,1357,1216,2900,4990,6786,8799,
121007284084,1555,1689,3031,4797,6773,8759,
121007784084,1335,11874,2797,4771,7055,8804,
121008784084,1293,12125,2758,4837,6869,9052,
121009284084,1403,1228,2779,5078,6877,8808,
121009784084,1626,12070,3251,4804,7000,8814,
121010784084,1493,1742,2897,4888,6896,8905,
121011284084,1073,1272,2815,4878,6780,8758,
121012284084,1402,1226,3310,4993,6879,8754,
121012784084,1528,12116,2848,4794,6717,8988,
121013284084,1391,11894,3136,4716,6748,8859,
121013784084,1251,11613,2831,4741,6789,8858,
121014784084,1201,1449,2858,4859,6894,8875,
121015284084,1387,11864,2817,4760,7037,8724,
121015784084,1460,1313,3041,4803,6770,8742,
121016284084,9123,9570,9751,9964,10183,10819,
121018784084,1399,1970,2971,4987,6835,8682,
121019284084,1425,1181,2996,4781,6880,8971,
121021284084,10154,1524,2853,5057,7015,9172,
121023784084,1435,1195,2961,4829,6736,8736,
121027284084,1557,1332,2858,4755,6819,8821,
121027784084,1423,11998,3197,5039,6744,8861,
121029284084,1474,1318,2842,4673,6807,8839,
121029784084,1857,1679,3064,5002,7006,8981,
121030284084,1366,11768,2864,4861,6751,8813,
121031784084,1548,1316,2897,4678,6802,8759,
121032284084,1589,1774,2841,4964,6911,8797,
121033284084,1526,1417,2910,5017,7143,8776,
121034284084,1626,12081,3067,4838,6887,9030,
121034784084,3330,1233,2774,4766,6789,8739,
121035284084,1557,12560,2882,4867,6909,8847,
121035784084,14362,1272,2832,4873,6755,8997,
121037284084,1608,12048,3042,4724,6977,9016,
121038284084,1535,1299,2898,4761,6687,8833,
121038784084,1410,1557,3117,4898,7095,9065,
121039784084,5471,12082,3055,5084,6972,8953,
121040784084,1301,11793,3087,5095,6884,9072,
121041284084,1369,2423,2731,4860,6716,8706,
121041784084,1281,2346,2765,4762,6998,8899,
121044784084,1754,1535,2780,4886,6990,8856,
121045784084,1679,12235,2835,4744,6775,8791,
121047284084,1247,1562,3215,4732,6817,8692,
121048284084,4621,4071,4410,5997,7083,8896,
121049284084,1139,1324,3082,4797,6899,8736,
121050784084,1388,11849,3038,5174,6876,8776,
121051284084,1372,1686,2903,5065,6850,8822,
121051784084,1827,1616,2791,4877,6887,8769,
121054284084,1333,1477,3137,4984,7008,8871,
121054784084,1578,11997,3086,5101,7037,8803,
121056284084,1565,12121,2877,4815,6899,8792,
121056784084,1557,1319,2840,5002,6841,8859,
121057284084,1441,11866,3192,5240,6733,8801,
121058784084,1320,11981,2877,4811,6731,8865,
121059284084,1488,11759,3232,5278,6958,9020,
121059784084,1377,1156,2849,4862,6864,8737,
121060784084,1883,11738,2803,4813,6752,8736,
121063784084,1794,12062,2894,4772,7030,8887,
121064284084,1216,11481,2812,4740,6749,8753,
121065284084,1616,11956,2746,4769,6770,8719,
121065784084,96202,12093,3051,4979,6968,8999,
121067284084,1302,1615,3259,4762,6837,9070,
121068284084,1455,1276,3193,4837,6862,8826,
121069784084,1427,1246,2841,4960,6707,8697,
121070284084,1813,12133,2848,4858,6690,9031,
121070784084,1832,1266,2840,4884,6717,8742,
121073284084,1421,1238,2913,4858,6817,8734,
121074284084,1288,11737,2845,4890,6816,8955,
121074784084,1304,11822,2844,4801,6837,8798,
121075784084,1596,1482,2839,4813,6779,8912,
121078784084,1623,1439,2769,4868,6776,8768,
121079284084,1467,1295,3169,5014,6794,8747,
121080284084,1352,1136,2844,4627,6706,8732,
121081784084,1259,1463,3178,4782,6769,8804,
121083784084,1893,1767,2884,4867,6802,8981,
121084284084,1295,1155,2735,4760,6768,8905,
121085784084,1383,1206,2831,4768,6730,8735,
121086784084,88749,1168,2788,4829,6759,8880,
121087284084,1441,1738,3178,4710,6738,9086,
121088284084,1669,1376,3012,4720,6899,8865,
121090284084,1297,11604,2883,4780,6775,8742,
121090784084,14478,1823,4136,5397,8433,9014,
121092284084,1684,12560,3024,4874,6878,9088,
121092784084,2071,1818,3338,5001,7130,9032,
121093784084,1271,1464,3075,4956,6906,8828,
121095284084,1319,11671,2999,4711,6768,8827,
121096284084,1132,1371,3207,4772,6882,9101,
121098284084,1501,12010,3002,4773,7329,8989,
121098784084,1356,1217,2785,4970,6801,8774,
121099284084,1334,1529,3054,4808,6741,8982,
121100284084,1540,11774,3062,4854,7036,8902,
121102784084,1750,2087,3226,5188,8191,9008,
121108784084,1572,1483,3195,4812,6992,9072,
121109284084,1361,11753,2795,4717,6833,8997,
121110284084,72205,11986,3168,4760,6891,8790,
121110784084,1291,1152,2873,4847,6888,8876,
121113784084,2958,12001,3567,4785,6982,8975,
121115284084,1782,1656,2972,4871,6771,8829,
121115784084,1646,1462,3202,4774,7028,8734,
121116284084,80787,81744,81496,81065,81610,81368,
121116784084,1379,1152,2829,5601,7012,8992,
121117284084,1147,1323,3004,4746,6803,8875,
121117784084,1672,11958,3567,4686,6812,8631,
121120284084,1559,1322,3164,4900,6838,8743,
121122284084,1179,2617,4395,5146,6964,8753,
121122784084,1406,1225,3183,4877,6912,8949,
121123784084,1457,1166,2830,4790,6809,8809,
121124284084,1142,1292,2693,4751,6674,9159,
121124784084,1245,1436,3093,4889,6802,8817,
121125284084,1150,1402,3199,4725,6899,8893,
121125784084,1185,1517,2776,4711,6769,8805,
121126784084,1217,1442,2834,4681,6822,8762,
121127284084,8415,1183,2766,4742,6734,8735,
121127784084,1466,1272,3061,4912,6998,9127,
121128784084,1641,12495,3109,5124,6882,8683,
121129284084,2002,11814,3086,4797,6697,8771,
121129784084,6262,1270,2856,4837,6797,8782,
121131784084,1461,11795,2795,4735,6731,8724,
121133284084,1193,1442,2869,4697,6795,8884,
121133784084,1449,11808,2714,4788,6860,8706,
121134784084,1291,1083,3004,5087,6770,8847,
121135284084,1193,1437,3051,4778,6804,8828,
121136784084,1303,1480,3033,4901,6817,9257,
121137784084,3277,1229,2795,4690,6699,9123,
121139284084,1423,11976,2965,4828,7044,9000,
121140284084,1624,1482,2696,4856,6811,8738,
121140784084,5804,1262,3007,4898,6811,8836,
121141284084,1286,1571,2813,4772,6963,10250,
121143784084,1552,1275,2882,4772,6766,8795,
121144284084,1231,11678,2848,4745,6734,8693,
121145284084,1154,1357,2817,4722,6970,8835,
121145784084,1622,1421,2892,5081,6832,9112,
121147284084,1405,1184,2728,5046,7024,8800,
121148284084,1329,11738,2830,4831,6894,8848,
121150284084,1650,12260,2888,4913,7042,8935,
121153784084,2296,13069,3238,5018,7246,9014,
121156284084,1331,1221,2737,4773,6758,8905,
121156784084,1159,1398,2995,4904,6846,8794,
121157284084,300000,1370,3027,5058,6861,8843,
121158284084,1782,1422,3129,4973,6904,8821,
121159284084,1649,1878,2891,4792,7122,8853,
121160284084,2502,1308,2993,4989,6804,8801,
121160784084,3448,2747,3035,4991,7151,9362,
121161284084,1815,12995,2967,5038,7047,8753,
121162284084,1271,1110,2801,4748,6761,8704,
121162784084,1317,1549,2816,5101,6735,8685,
121163284084,1332,1115,2960,4774,6871,8744,
121163784084,1253,1516,2887,4723,6897,8732,
121164784084,1587,1797,2884,4820,7044,8957,
121166784084,1501,1209,2811,4848,6775,8755,
121167784084,1428,1214,3015,4828,6719,8766,
121170784084,1239,1475,2855,4772,6756,9142,
121172284084,1577,1361,2757,4846,6826,8713,
121172784084,13066,14372,14848,15024,15293,17288,
121173784084,1612,1503,2977,4879,7088,9186,
121174784084,24219,1318,2865,4721,6791,8808,
121175284084,2054,1777,3207,4772,6819,8825,
121175784084,1133,1313,2836,4898,7045,8891,
121176284084,1712,1270,2800,4785,6753,8683,
121176784084,2572,2372,2818,5225,7038,9156,
121177284084,15615,1224,3174,4831,6960,8826,
121177784084,1417,1242,2752,4831,6699,8826,
121178284084,1508,1366,3037,4882,6897,8859,
121179784084,1411,11968,3032,4878,6767,8861,
121181784084,1438,1612,2758,4909,7486,9043,
121182784084,1411,1573,3077,4771,7055,8826,
121183284084,1435,1203,2641,4756,6815,8852,
121184784084,1404,1176,3055,5000,7085,8817,
121187784084,1402,11491,3162,5049,6845,8865,
121191284084,1661,11750,2711,4799,6768,8841,
121191784084,119850,1426,3006,5106,6908,8792,
121192284084,1204,1360,2871,5115,6870,8773,
121192784084,1593,1382,3087,5177,7039,9100,
121193284084,1120,1369,3005,4842,6889,8796,
121194284084,21758,1570,2859,4961,6743,8814,
121196284084,1536,12704,3197,4831,6875,9784,
121196784084,1202,11593,3056,4889,6831,8709,
121198284084,1390,1174,2777,4738,6766,8672,
121198784084,1577,11694,3065,4831,6825,8772,
121199284084,1289,1160,2959,4834,6781,8810,
121199784084,1500,11785,3160,4675,7255,8834,
121200784084,1325,1536,2812,4800,7113,8771,
121201284084,38897,11646,2827,4771,6735,8821,
121201784084,2482,11833,3077,4838,6722,8763,
121202784084,1910,1661,3242,4831,6800,8809,
121204784084,1462,11874,3036,4715,6870,8892,
121206284084,1230,1426,3114,4818,6887,8713,
121206784084,1085,1297,2803,5775,6761,8881,
121207784084,1710,12087,3839,4878,6785,8832,
121208284084,1131,1371,3008,4975,7103,9039,
121209284084,2067,12359,2858,4814,6965,9079,
121210284084,1194,1474,2901,5095,6828,8965,
121211284084,3885,1232,2826,4814,6752,8729,
121211784084,1427,1198,2715,4672,6739,9007,
121212784084,1552,1313,2909,4884,6778,8906,
121213284084,1399,1264,2803,4871,6756,8753,
121213784084,1621,1871,2971,5021,6777,8816,
121214784084,1069,1227,2891,4855,6753,8831,
121215784084,1378,11757,2793,4857,6734,8843,
121217284084,1370,11550,3129,4757,6821,8734,
121217784084,1395,1736,2950,4782,6771,8980,
121218284084,1334,1576,2737,4732,6777,8695,
121218784084,1375,11794,2858,4716,6704,8812,
121219284084,1164,1517,3050,4894,6840,8834,
121219784084,1790,1497,2846,4860,6790,8830,
121220284084,1072,1297,2791,4842,7095,9082,
121220784084,4606,14661,4413,4757,7069,8758,
121221284084,2487,11871,3135,4867,6768,8740,
121221784084,1396,1152,2989,4969,7182,9105,
121222784084,2150,1744,3330,5135,7094,9163,
121224784084,1412,1177,2735,4884,6903,9032,
121227284084,6610,1185,2957,4817,7125,8707,
121227784084,2455,12251,3021,4759,6730,8788,
121228284084,1586,1391,3015,5026,7018,9005,
121229284084,2147,1546,2892,4848,6824,8827,
121229784084,1212,1452,2874,4974,7196,8871,
121231284084,2549,2134,3244,4904,7068,9232,
121231784084,14242,1192,2854,4794,6896,8744,
121232284084,1374,12205,2867,4676,6778,8837,
121233284084,1458,1219,3062,4859,6892,9003,
121233784084,1597,1404,3075,4771,6859,9060,
121236284084,2042,12094,2901,4740,6769,8733,
121237784084,1414,1253,2883,4770,6779,8855,
121238784084,16034,1381,3108,5080,7016,9058,
121239284084,1509,1280,3349,4820,6707,9117,

