,W-0,R-0,R-1,R-2,R-3,R-4,
141616224412,1,1,1,1,1,1,
141617724412,1,2,1,1,1,1,
141618724412,1,2,2,1,2,2,
141619724412,1,2,1,1,1,1,
141620724412,1,2,1,1,1,1,
141621224412,1,2,2,2,2,2,
141621724412,1,2,2,1,2,1,
141622224412,1,2,2,2,2,2,
141622724412,1,2,1,1,1,1,
141623224412,1,2,1,1,1,1,
141624724412,1,2,1,1,1,1,
141625724412,1,2,1,1,1,1,
141626224412,1,2,2,1,1,1,
141626724412,1,2,1,1,1,1,
141627224412,1,2,2,1,1,2,
141627724412,1,2,1,1,1,1,
141628224412,1,2,1,1,1,1,
141628724412,1,2,2,2,2,1,
141629724412,1,2,1,1,1,1,
141630224412,1,2,2,2,2,2,
141630724412,1,2,2,1,1,1,
141631224412,1,2,1,1,1,1,
141632224412,1,2,2,1,1,1,
141633224412,1,2,1,1,1,1,
141633724412,1,2,1,1,1,1,
141635724412,1,2,1,2,2,1,
141636224412,1,2,1,1,1,1,
141636724412,1,2,1,1,1,1,
141637224412,1,2,1,1,1,1,
141637724412,1,2,1,1,1,1,
141640224412,1,2,1,1,1,1,
141641224412,1,2,1,1,1,1,
141641724412,1,2,2,1,1,1,
141642224412,1,2,2,1,1,1,
141642724412,1,2,1,1,1,1,
141643224412,1,2,1,1,1,1,
141644224412,1,2,1,1,1,1,
141644724412,1,2,1,1,1,1,
141645224412,1,2,2,1,1,1,
141647224412,1,2,1,1,2,2,
141647724412,1,2,1,1,1,1,
141649224412,1,2,1,1,1,1,
141649724412,1,2,1,1,1,1,
141650224412,1,2,1,1,1,1,
141650724412,1,2,1,1,1,1,
141651724412,1,2,1,1,1,1,
141653224412,1,2,1,1,1,1,
141653724412,1,2,1,1,1,1,
141654224412,1,2,1,1,1,1,
141655224412,1,2,1,1,1,1,
141656724412,1,2,1,1,1,1,
141657724412,1,2,1,1,2,1,
141659224412,1,2,1,1,1,1,
141659724412,1,2,1,1,1,1,
141660724412,1,2,1,1,1,1,
141661224412,1,2,2,1,1,1,
141662724412,1,2,1,1,1,1,
141663224412,1,2,1,2,2,2,
141663724412,1,2,1,1,1,1,
141664224412,1,2,1,1,1,1,
141666224412,1,2,1,1,1,1,
141668224412,1,2,1,1,1,1,
141668724412,1,2,1,1,1,1,
141670224412,1,2,1,1,1,1,
141671724412,1,2,1,1,1,1,
141674224412,1,2,2,2,2,1,
141674724412,1,2,1,1,1,1,
141675724412,1,2,2,1,1,1,
141676224412,1,2,1,1,1,1,
141676724412,1,2,1,1,1,1,
141677724412,1,2,1,1,1,1,
141680224412,1,2,2,1,2,2,
141680724412,1,2,1,1,1,1,
141681724412,1,2,1,1,1,1,
141682224412,1,2,2,1,2,1,
141682724412,1,2,1,1,1,1,
141683224412,1,2,1,1,1,1,
141685224412,1,2,1,1,1,1,
141686224412,1,2,2,1,1,1,
141688724412,1,2,1,1,1,1,
141689724412,1,2,2,2,2,1,
141690224412,1,2,1,1,1,1,
141692724412,1,2,1,1,1,1,
141693224412,1,2,1,1,1,1,
141694224412,1,2,1,1,2,2,
141696724412,1,2,1,1,1,1,
141698224412,1,2,1,1,1,1,
141698724412,1,2,2,1,1,1,
141699224412,1,2,1,1,1,1,
141699724412,1,2,2,2,2,2,
141700224412,1,2,1,1,1,1,
141700724412,1,2,1,1,1,1,
141701224412,1,2,1,1,1,1,
141702724412,1,2,1,1,1,1,
141703224412,1,2,2,1,1,1,
141703724412,1,2,1,1,1,1,
141706224412,1,2,1,1,1,1,
141706724412,1,2,1,1,1,1,
141707724412,1,2,1,1,1,1,
141708724412,1,2,1,1,1,1,
141709224412,1,2,2,1,1,1,
141709724412,1,2,2,1,1,1,
141710224412,1,2,1,1,1,1,
141712724412,1,2,1,1,1,1,
141714724412,1,2,1,1,1,1,
141715224412,1,2,2,1,2,1,
141715724412,1,2,2,1,2,1,
141716224412,1,2,1,1,1,1,
141716724412,1,2,1,1,1,1,
141717224412,1,2,1,1,1,1,
141718724412,1,2,1,1,1,1,
141719724412,1,2,1,1,1,1,
141720224412,1,2,1,1,1,1,
141720724412,1,2,1,1,1,1,
141721224412,1,2,1,1,1,1,
141722724412,1,2,1,1,1,1,
141723224412,1,2,2,1,1,2,
141724224412,1,2,1,1,1,1,
141726224412,1,2,1,1,1,1,
141727224412,1,2,1,1,1,1,
141728224412,1,2,1,1,1,1,
141729224412,1,2,2,1,1,1,
141729724412,1,2,2,1,1,1,
141731224412,1,2,2,1,1,1,
141733724412,1,2,1,2,1,2,
141734724412,1,2,1,1,1,1,
141737224412,1,2,1,1,1,1,
141737724412,1,2,1,1,1,1,
141738224412,1,2,1,1,1,1,
141738724412,1,2,1,1,1,1,
141740224412,1,2,2,1,1,1,
141740724412,1,2,1,1,1,1,
141741224412,1,2,2,1,1,1,
141743224412,1,2,1,1,1,1,
141744724412,1,2,1,1,1,1,
141745224412,1,2,1,2,2,2,
141745724412,1,2,1,2,2,2,
141746224412,1,2,2,2,1,1,
141746724412,1,2,2,2,2,2,
141747224412,1,2,1,1,1,1,
141747724412,1,2,2,2,2,1,
141749224412,1,2,1,1,1,1,
141750224412,1,2,1,1,1,1,
141750724412,1,2,1,1,1,1,
141751224412,1,2,1,1,1,1,
141751724412,1,2,1,1,1,1,
141752724412,1,2,1,1,1,1,
141753724412,1,2,1,1,1,1,
141754724412,1,2,1,1,1,1,
141755224412,1,2,2,2,1,1,
141755724412,1,2,1,1,1,1,
141758224412,1,2,1,1,1,1,
141760224412,1,2,1,2,2,1,
141761724412,1,2,1,1,1,1,
141763724412,1,2,1,1,1,1,
141764224412,1,2,1,1,1,1,
141765224412,1,2,2,1,1,2,
141766224412,1,2,1,1,1,1,
141766724412,1,2,2,1,2,1,
141767224412,1,2,1,1,2,2,
141769724412,1,2,1,1,1,1,
141770724412,1,2,2,1,1,1,
141772224412,1,2,2,1,1,2,
141774724412,1,2,2,1,1,1,
141776224412,1,2,1,1,1,1,
141777724412,1,2,1,2,1,1,
141779224412,1,2,1,1,1,1,
141780724412,1,2,1,1,1,1,
141781224412,1,2,1,1,1,1,
141781724412,1,2,2,1,1,1,
141782224412,1,2,1,1,1,1,
141782724412,1,2,1,1,1,1,
141783724412,1,2,2,1,1,1,
141784224412,1,2,1,1,1,1,
141784724412,1,2,1,1,2,1,
141785724412,1,2,1,1,1,1,
141787724412,1,2,1,1,1,1,
141788724412,1,2,2,1,2,2,
141791724412,1,2,2,1,1,1,
141792224412,1,2,1,1,1,1,
141793224412,1,2,1,1,1,1,
141794724412,1,2,1,1,1,1,
141795224412,1,2,2,2,2,2,
141795724412,1,2,1,1,1,1,
141796224412,1,2,2,2,2,2,
141797224412,1,2,1,1,1,1,
141798224412,1,2,1,1,1,1,
141798724412,1,2,1,1,1,1,
141799724412,1,2,2,2,2,2,
141801224412,1,2,2,2,2,2,
141801724412,1,2,1,1,1,1,
141802724412,1,2,2,2,2,2,
141803224412,1,2,1,1,1,1,
141803724412,1,2,1,1,1,1,
141804224412,1,2,2,2,2,2,
141806224412,1,2,1,1,1,1,
141806724412,1,2,1,1,1,1,
141808224412,1,2,1,1,1,1,
141808724412,1,2,1,1,1,1,
141809224412,1,2,1,1,1,1,
141811224412,1,2,2,2,2,2,
141812224412,1,2,1,1,1,1,
141816224412,1,2,2,1,1,1,
141816724412,1,2,1,1,1,1,
141817724412,1,2,2,1,1,1,
141818224412,1,2,1,1,1,1,
141819224412,1,2,2,1,1,1,
141819724412,1,2,1,1,1,1,
141820224412,1,2,1,2,1,1,
141821224412,1,2,2,2,2,2,
141821724412,1,2,1,1,1,1,
141823224412,1,2,1,1,1,1,
141823724412,1,2,2,1,1,1,
141825224412,1,2,2,2,2,2,
141825724412,1,2,2,2,2,2,
141826224412,1,2,1,1,1,1,
141827224412,1,2,1,1,1,1,
141828224412,1,2,1,1,1,1,
141829724412,1,2,2,2,2,2,
141830724412,1,2,1,1,1,1,
141832724412,1,2,2,2,2,2,
141833224412,1,2,2,1,1,1,
141833724412,1,2,1,1,1,1,
141834224412,1,2,1,1,1,1,
141835224412,1,2,1,1,2,2,
141835724412,1,2,1,1,1,1,
141836224412,1,2,1,1,1,1,
141836724412,1,2,1,1,1,1,
141837224412,1,2,2,1,1,2,
141837724412,1,2,2,1,1,1,
141839724412,1,2,2,2,1,1,
141840724412,1,2,1,2,1,2,
141842224412,1,2,1,1,1,1,
141844724412,1,2,1,1,1,1,
141845224412,1,2,1,1,1,1,
141845724412,1,2,1,1,1,1,
141847224412,1,2,1,1,1,1,
141847724412,1,2,1,1,1,1,
141848724412,1,2,1,1,1,1,
141849724412,1,2,2,1,1,1,
141850224412,1,2,1,1,1,1,
141850724412,1,2,1,1,1,1,
141851224412,1,2,2,1,1,1,
141851724412,1,2,1,1,1,1,
141852224412,1,2,2,1,1,2,
141852724412,1,2,2,1,1,1,
141853224412,1,2,1,2,1,1,
141853724412,1,2,1,1,1,1,
141854224412,1,2,1,1,1,1,
141855224412,1,2,1,1,1,1,
141855724412,1,2,1,1,1,1,
141856224412,1,2,2,2,2,2,
141857224412,1,2,1,1,1,1,
141857724412,1,2,1,1,1,1,
141858724412,1,2,1,1,1,1,
141859224412,1,2,1,1,1,1,
141859724412,1,2,1,1,1,1,
141860224412,1,2,1,1,1,1,
141861224412,1,2,1,1,1,1,
141861724412,1,2,1,1,1,1,
141862224412,1,2,1,1,1,1,
141862724412,1,2,1,1,1,1,
141865224412,1,2,1,1,1,1,
141865724412,1,2,1,2,2,1,
141867724412,1,2,1,1,1,1,
141870224412,1,2,2,1,1,1,
141873724412,1,2,2,1,1,1,
141874224412,1,2,1,1,1,1,
141875724412,1,2,2,2,2,2,
141876224412,1,2,1,2,2,2,
141876724412,1,2,1,2,2,1,
141878224412,1,2,1,1,1,1,
141878724412,1,2,1,1,1,1,
141879724412,1,2,1,1,1,1,
141880724412,1,2,1,1,1,1,
141881224412,1,2,1,1,1,1,
141881724412,1,2,1,1,1,1,
141882224412,1,2,1,1,1,1,
141883724412,1,2,1,1,1,1,
141884724412,1,2,2,2,2,2,
141885224412,1,2,1,1,1,1,
141886224412,1,2,1,1,1,1,
141887224412,1,2,1,1,1,1,
141887724412,1,2,1,1,1,1,
141888224412,1,2,2,1,2,1,
141891224412,1,2,2,1,1,2,
141892224412,1,2,2,1,1,1,
141893724412,1,2,2,2,1,2,
141894724412,1,2,1,1,1,1,
141895724412,1,2,1,1,1,1,
141897224412,1,2,2,1,2,2,
141897724412,1,2,1,1,1,1,
141898224412,1,2,2,1,1,1,
141900724412,1,2,2,2,2,2,
141901224412,1,2,1,1,1,1,
141902724412,1,2,1,1,2,2,
141903224412,1,2,1,1,1,1,
141903724412,1,2,1,1,1,1,
141905224412,1,2,2,2,2,2,
141905724412,1,2,1,1,1,1,
141906224412,1,2,1,1,1,1,
141907224412,1,2,1,1,1,1,
141910224412,1,2,1,1,1,1,
141910724412,1,2,2,1,1,1,
141911724412,1,2,1,1,1,1,
141912224412,1,2,1,1,1,1,
141913724412,1,2,1,1,1,1,
141914724412,1,2,1,1,2,1,
141916224412,1,2,1,1,1,1,
141916724412,1,2,1,1,1,1,
141917224412,1,2,1,1,1,1,
141919724412,1,2,1,1,1,1,
141920724412,1,2,1,1,1,1,
141921224412,1,2,2,1,1,1,
141922224412,1,2,1,1,1,1,
141925224412,1,2,1,1,1,1,
141925724412,1,2,1,1,1,1,
141926724412,1,2,2,2,2,2,
141928224412,1,2,1,1,1,1,
141930224412,1,2,1,1,1,1,
141930724412,1,2,1,1,1,1,
141932224412,1,2,2,1,1,1,
141933224412,1,2,1,1,1,1,
141933724412,1,2,2,1,1,1,
141934724412,1,2,1,1,1,2,
141936724412,1,2,1,1,1,1,
141937224412,1,2,1,1,1,1,
141938724412,1,2,1,1,1,1,
141939224412,1,2,2,2,2,2,
141940224412,1,2,1,1,2,2,
141941724412,1,2,1,1,1,1,
141942724412,1,2,2,1,1,1,
141944724412,1,2,1,1,1,1,
141945224412,1,2,1,1,1,1,
141945724412,1,2,1,1,1,1,
141946724412,1,2,2,2,2,1,
141949224412,1,2,1,1,1,1,
141955224412,1,2,2,2,1,2,
141955724412,1,2,2,1,1,1,
141956724412,1,2,1,1,1,1,
141957224412,1,2,2,2,2,2,
141960224412,1,2,1,1,1,1,
141961724412,1,2,2,1,2,2,
141962224412,1,2,2,2,2,1,
141962724412,1,2,2,2,2,2,
141963224412,1,2,1,1,1,1,
141963724412,1,2,2,2,2,2,
141964224412,1,2,1,1,1,1,
141966724412,1,2,1,1,1,1,
141968724412,1,2,1,1,1,1,
141969224412,1,2,1,1,1,1,
141970224412,1,2,1,1,1,1,
141970724412,1,2,2,1,1,1,
141971224412,1,2,2,2,1,1,
141971724412,1,2,1,1,1,1,
141972224412,1,2,1,1,1,1,
141973224412,1,2,1,1,1,1,
141973724412,1,2,1,1,1,1,
141974224412,1,2,1,1,1,1,
141975224412,1,2,1,1,1,1,
141975724412,1,2,1,1,1,1,
141976224412,1,2,1,1,1,1,
141978224412,1,2,1,1,1,1,
141979724412,1,2,2,1,1,1,
141980224412,1,2,2,1,1,1,
141981224412,1,2,2,1,1,1,
141981724412,1,2,1,1,2,1,
141983224412,1,2,1,1,1,1,
141984224412,1,2,1,1,1,1,
141985724412,1,2,1,1,1,1,
141986724412,1,2,1,1,1,1,
141987224412,1,2,2,1,1,1,
141987724412,1,2,2,1,1,1,
141990224412,1,2,2,1,1,1,
141990724412,1,2,2,1,1,1,
141991724412,1,2,1,1,1,1,
141992224412,1,2,1,1,1,1,
141993724412,1,2,2,1,1,2,
141994724412,1,2,1,1,1,1,
141996724412,1,2,1,1,1,1,
142000224412,1,2,1,1,1,1,
142002724412,1,2,1,1,1,1,
142003224412,1,2,2,1,1,1,
142003724412,1,2,1,1,1,1,
142004724412,1,2,1,1,1,1,
142005724412,1,2,1,1,1,1,
142006724412,1,2,1,1,1,1,
142007224412,1,2,1,1,1,1,
142007724412,1,2,1,1,1,1,
142008724412,1,2,2,1,1,1,
142009224412,1,2,1,1,1,1,
142009724412,1,2,1,1,1,1,
142010224412,1,2,2,1,1,1,
142011224412,1,2,2,1,1,1,
142013224412,1,2,2,1,1,1,
142014224412,1,2,1,1,1,1,
142017224412,1,2,1,1,1,1,
142018724412,1,2,2,2,1,1,
142019224412,1,2,1,1,1,1,
142020224412,1,2,1,1,2,2,
142021224412,1,2,1,1,1,1,
142021724412,1,2,1,1,1,1,
142022224412,1,2,2,2,1,1,
142022724412,1,2,1,1,1,1,
142023224412,1,2,1,1,1,1,
142023724412,1,2,1,1,2,1,
142024224412,1,2,1,1,1,1,
142024724412,1,2,2,2,2,2,
142026224412,1,2,1,1,1,1,
142028224412,1,2,1,1,1,1,
142029224412,1,2,1,1,1,1,
142029724412,1,2,1,1,1,1,
142031224412,1,2,2,1,1,1,
142034224412,1,2,1,2,1,2,
142037724412,1,2,1,1,1,1,
142038224412,1,2,1,1,1,1,
142038724412,1,2,1,1,1,1,
142039224412,1,2,1,1,1,1,
142039724412,1,2,1,1,1,1,
142040724412,1,2,1,1,1,1,
142042724412,1,2,1,1,1,1,
142043224412,1,2,2,1,2,1,
142044724412,1,2,1,1,1,1,
142045224412,1,2,1,1,1,1,
142045724412,1,2,1,1,1,1,
142046224412,1,2,2,2,1,1,
142047224412,1,2,2,1,1,1,
142047724412,1,2,1,1,1,1,
142048224412,1,2,1,1,1,1,
142049224412,1,2,1,1,1,1,
142051224412,1,2,1,1,1,1,
142052724412,1,2,2,2,2,1,
142053224412,1,2,1,1,1,1,
142054224412,1,2,2,2,1,2,
142054724412,1,2,1,1,1,1,
142055724412,1,2,1,1,1,1,
142056724412,1,2,1,1,1,2,
142057724412,1,2,1,1,1,1,
142058224412,1,2,2,1,1,1,
142059224412,1,2,1,2,2,1,
142059724412,1,2,1,1,1,1,
142060224412,1,2,1,1,1,1,
142061224412,1,2,1,1,1,1,
142062224412,1,2,2,1,1,1,
142063724412,1,2,1,1,1,1,
142064224412,1,2,1,2,2,2,
142064724412,1,2,2,2,2,2,
142065224412,1,2,2,2,1,2,
142065724412,1,2,1,1,1,1,
142066224412,1,2,1,1,1,1,
142066724412,1,2,1,1,1,1,
142067224412,1,2,2,1,1,1,
142067724412,1,2,1,1,1,1,
142068224412,1,2,1,1,1,1,
142069224412,1,2,2,1,2,2,
142071224412,1,2,1,1,1,1,
142073724412,1,2,1,1,1,1,
142074224412,1,2,2,1,1,1,
142074724412,1,2,1,1,1,1,
142075724412,1,2,1,1,1,1,
142076224412,1,2,2,1,1,1,
142077724412,1,2,1,2,1,1,
142078224412,1,2,1,1,1,1,
142078724412,1,2,1,1,1,1,
142079724412,1,2,1,1,1,1,
142080224412,1,2,1,1,1,1,
142082724412,1,2,1,1,1,1,
142084224412,1,2,1,1,1,1,
142085224412,1,2,2,1,1,1,
142085724412,1,2,1,1,1,1,

