,W-0,R-0,R-1,R-2,R-3,R-4,
129698699198,1,1,1,1,1,1,
129700199198,1,1,1,1,1,1,
129701199198,1,2,1,2,1,2,
129702199198,1,2,2,2,2,1,
129703199198,1,2,1,2,1,2,
129703699198,1,2,1,1,1,1,
129704199198,1,2,1,2,2,2,
129704699198,1,2,1,1,1,1,
129705199198,1,2,2,2,2,2,
129705699198,1,2,1,1,1,1,
129707199198,1,2,1,1,1,1,
129708199198,1,2,1,1,1,1,
129708699198,1,2,1,1,1,1,
129709199198,1,2,1,1,1,1,
129709699198,1,2,1,1,1,1,
129710199198,1,2,1,1,1,1,
129710699198,1,2,1,1,1,1,
129711199198,1,2,2,1,1,1,
129712199198,1,2,1,1,1,1,
129712699198,1,2,1,1,1,1,
129713199198,1,2,1,1,1,1,
129713699198,1,2,1,1,1,1,
129714699198,1,2,1,1,1,1,
129715699198,1,2,2,1,1,1,
129716199198,1,2,1,1,1,1,
129718199198,1,2,1,1,1,1,
129718699198,1,2,2,1,1,1,
129719199198,1,2,2,1,1,1,
129719699198,1,1,2,1,2,2,
129720199198,1,1,1,1,1,1,
129722699198,1,2,2,2,2,2,
129723699198,1,2,1,1,1,1,
129724199198,1,2,2,1,1,1,
129724699198,1,2,2,2,1,1,
129725199198,1,2,1,1,1,1,
129725699198,1,2,1,1,1,1,
129726699198,1,2,2,1,1,1,
129727199198,1,2,1,1,1,1,
129727699198,1,2,1,2,2,1,
129729699198,1,2,2,1,1,1,
129730199198,1,2,1,1,1,1,
129731699198,1,2,2,2,2,2,
129732199198,1,2,2,2,2,2,
129732699198,1,2,2,2,2,2,
129733199198,1,2,2,2,2,2,
129734199198,1,2,2,1,1,1,
129735699198,1,2,2,2,2,2,
129736199198,1,2,1,1,1,1,
129736699198,1,2,1,1,1,1,
129737699198,1,2,2,1,1,1,
129739199198,1,2,1,1,1,1,
129740199198,1,2,1,1,1,1,
129741699198,1,2,1,1,1,1,
129742199198,1,2,1,1,1,1,
129743199198,1,2,1,1,1,1,
129743699198,1,2,1,1,1,1,
129745199198,1,2,2,2,2,1,
129745699198,1,2,1,1,1,1,
129746199198,1,2,1,1,1,1,
129746699198,1,2,2,2,1,2,
129748699198,1,2,2,1,1,1,
129750699198,1,2,1,1,1,1,
129751199198,1,2,1,1,1,1,
129752699198,1,2,1,1,1,1,
129754199198,1,2,1,1,1,1,
129756699198,1,2,1,1,1,1,
129757199198,1,2,1,1,1,1,
129758199198,1,2,1,2,1,1,
129758699198,1,2,2,2,2,2,
129759199198,1,2,2,2,1,1,
129760199198,1,2,1,1,1,1,
129762699198,1,2,2,1,1,1,
129763199198,1,2,1,1,2,2,
129764199198,1,2,1,1,1,1,
129764699198,1,2,2,1,1,1,
129765199198,1,2,2,1,1,1,
129765699198,1,2,1,1,1,1,
129767699198,1,2,1,1,1,1,
129768699198,1,2,1,1,1,1,
129771199198,1,2,1,1,1,1,
129772199198,1,2,1,1,1,1,
129772699198,1,2,1,1,1,1,
129775199198,1,2,1,1,1,1,
129775699198,1,2,1,1,1,1,
129776699198,1,2,1,1,1,1,
129779199198,1,2,1,1,1,1,
129780699198,1,2,1,1,1,1,
129781199198,1,2,1,1,1,1,
129781699198,1,2,1,1,1,1,
129782199198,1,2,1,1,1,1,
129782699198,1,2,1,1,1,1,
129783199198,1,2,2,1,1,1,
129783699198,1,2,1,1,1,1,
129785199198,1,2,1,1,1,1,
129785699198,1,2,2,2,1,2,
129786199198,1,2,2,1,1,1,
129788699198,1,2,1,1,1,1,
129789199198,1,2,1,1,1,1,
129790199198,1,2,2,2,1,1,
129791199198,1,2,1,1,1,1,
129791699198,1,2,1,1,1,1,
129792199198,1,2,1,1,1,1,
129792699198,1,2,1,1,1,1,
129795199198,1,2,2,1,1,1,
129797199198,1,2,2,2,2,1,
129797699198,1,2,1,2,2,2,
129798199198,1,2,1,1,1,1,
129798699198,1,2,1,1,2,1,
129799199198,1,2,2,2,1,1,
129799699198,1,2,2,1,1,1,
129801199198,1,2,1,1,1,1,
129802199198,1,2,1,1,1,1,
129802699198,1,2,1,1,1,1,
129803199198,1,2,2,2,1,1,
129803699198,1,2,2,1,1,1,
129805199198,1,2,2,1,1,1,
129805699198,1,2,1,1,1,1,
129806699198,1,2,1,1,1,1,
129808699198,1,2,1,1,1,1,
129809699198,1,2,1,1,1,1,
129810699198,1,2,1,1,1,1,
129811699198,1,2,2,2,1,1,
129812199198,1,2,1,1,1,1,
129813699198,1,2,1,1,1,1,
129816199198,1,2,2,1,1,1,
129817199198,1,2,1,1,1,1,
129819699198,1,2,1,1,1,1,
129820199198,1,2,1,1,2,1,
129820699198,1,2,2,1,1,1,
129821199198,1,2,1,1,1,1,
129822699198,1,2,1,1,1,1,
129823199198,1,2,2,1,1,1,
129823699198,1,2,2,1,1,1,
129825699198,1,2,1,1,1,1,
129827199198,1,2,1,1,1,1,
129827699198,1,2,2,1,1,1,
129828199198,1,2,1,1,1,1,
129828699198,1,2,2,1,1,1,
129829199198,1,2,1,1,1,1,
129829699198,1,2,1,1,1,1,
129830199198,1,2,2,1,1,1,
129831699198,1,2,1,1,1,1,
129832699198,1,2,1,1,1,1,
129833199198,1,2,1,1,1,1,
129833699198,1,2,2,2,2,2,
129834199198,1,2,1,1,1,1,
129835199198,1,2,1,1,1,1,
129836199198,1,2,1,1,1,2,
129837199198,1,2,2,1,1,1,
129837699198,1,2,2,1,1,1,
129838199198,1,2,2,1,1,1,
129840699198,1,2,1,1,1,1,
129842699198,1,2,1,1,1,1,
129844199198,1,2,2,1,1,1,
129846199198,1,2,2,1,1,1,
129846699198,1,2,1,1,1,1,
129847699198,1,2,1,1,1,1,
129848699198,1,2,1,1,1,1,
129849199198,1,2,2,1,1,1,
129849699198,1,2,1,1,1,1,
129852199198,1,2,1,1,1,1,
129853199198,1,2,2,2,2,2,
129854699198,1,2,1,1,1,1,
129857199198,1,2,1,1,1,1,
129858699198,1,2,1,1,1,1,
129860199198,1,1,1,1,1,1,
129861699198,1,2,2,2,2,2,
129863199198,1,2,1,1,1,1,
129863699198,1,2,2,2,2,1,
129864199198,1,2,1,1,1,1,
129864699198,1,2,2,1,1,1,
129865199198,1,2,2,1,1,1,
129866199198,1,2,1,1,1,2,
129866699198,1,2,1,1,1,1,
129867199198,1,2,2,2,2,2,
129868199198,1,2,1,1,1,1,
129870199198,1,2,2,1,1,1,
129871199198,1,2,1,1,1,1,
129874199198,1,2,1,1,1,1,
129874699198,1,2,1,1,1,1,
129875699198,1,2,1,1,1,1,
129877199198,1,2,2,2,2,2,
129877699198,1,2,2,2,2,2,
129878199198,1,2,1,1,1,1,
129878699198,1,2,2,2,2,2,
129879699198,1,2,1,1,1,1,
129880699198,1,2,2,2,2,2,
129881199198,1,2,2,2,2,2,
129882199198,1,2,1,1,1,1,
129883699198,1,2,2,2,2,2,
129884199198,1,2,1,1,1,1,
129885199198,1,2,1,1,1,1,
129885699198,1,2,1,1,1,1,
129886199198,1,2,2,1,2,2,
129886699198,1,2,1,2,1,1,
129888699198,1,2,1,2,1,2,
129889199198,1,2,1,2,2,1,
129890699198,1,2,1,1,1,1,
129891199198,1,2,1,1,1,1,
129891699198,1,2,2,2,2,2,
129893699198,1,2,1,1,1,1,
129894699198,1,2,1,1,1,1,
129898699198,1,2,1,1,1,1,
129899199198,1,2,1,1,1,1,
129900199198,1,2,1,1,1,1,
129900699198,1,2,1,2,1,1,
129901699198,1,2,1,1,1,1,
129902199198,1,2,1,1,1,1,
129902699198,1,2,1,1,1,1,
129903699198,1,2,1,1,1,1,
129904199198,1,2,1,1,1,1,
129905699198,1,2,1,1,1,1,
129906199198,1,2,1,1,1,1,
129907699198,1,2,1,1,1,1,
129908199198,1,2,1,1,1,1,
129908699198,1,2,2,1,1,1,
129909699198,1,2,2,2,2,2,
129910699198,1,2,1,1,1,1,
129912199198,1,2,2,1,1,1,
129913199198,1,2,2,1,1,1,
129915199198,1,2,2,1,2,1,
129915699198,1,2,1,1,1,1,
129916199198,1,2,1,1,1,1,
129916699198,1,2,2,2,2,1,
129917699198,1,2,2,2,2,2,
129918199198,1,2,1,1,1,1,
129918699198,1,2,1,1,1,1,
129919199198,1,2,1,1,1,1,
129919699198,1,2,1,1,1,1,
129920199198,1,2,1,1,1,1,
129922199198,1,2,1,1,1,1,
129923199198,1,2,1,1,1,1,
129924699198,1,2,2,2,1,1,
129927199198,1,2,1,1,1,1,
129927699198,1,2,2,1,1,1,
129928199198,1,2,2,1,1,1,
129929699198,1,2,1,1,1,1,
129930199198,1,2,2,1,1,1,
129931199198,1,2,2,1,1,1,
129932199198,1,2,2,1,1,1,
129932699198,1,2,2,1,1,1,
129933199198,1,2,1,1,1,1,
129933699198,1,2,1,1,1,1,
129934199198,1,2,1,1,1,1,
129934699198,1,2,1,1,1,1,
129935199198,1,2,1,1,1,1,
129935699198,1,2,1,1,1,1,
129936199198,1,2,1,1,1,1,
129936699198,1,2,2,1,1,1,
129937699198,1,2,1,1,2,1,
129938199198,1,2,1,1,1,1,
129938699198,1,2,1,2,1,1,
129939699198,1,2,2,1,1,1,
129940199198,1,2,1,2,1,1,
129941199198,1,2,1,1,1,1,
129941699198,1,2,1,1,1,1,
129942199198,1,2,1,1,1,1,
129942699198,1,2,1,1,1,1,
129943699198,1,2,1,1,1,1,
129944199198,1,2,1,2,1,1,
129944699198,1,2,2,1,1,1,
129945199198,1,2,2,1,1,1,
129947699198,1,2,1,1,1,1,
129948199198,1,2,2,2,2,2,
129950199198,1,2,1,1,1,1,
129952699198,1,2,2,1,1,1,
129956199198,1,2,1,1,1,1,
129956699198,1,2,1,1,1,1,
129958199198,1,2,2,1,1,1,
129958699198,1,2,1,1,1,1,
129959199198,1,2,1,1,1,1,
129960699198,1,2,1,1,1,1,
129961199198,1,2,1,1,2,2,
129962199198,1,2,2,2,1,2,
129963199198,1,2,1,1,1,1,
129963699198,1,2,1,1,1,1,
129964199198,1,2,1,1,1,1,
129964699198,1,2,1,1,1,1,
129966199198,1,2,1,1,1,1,
129967199198,1,2,2,1,1,1,
129967699198,1,2,1,1,1,1,
129968699198,1,2,1,2,1,1,
129969699198,1,2,1,1,1,1,
129970199198,1,2,1,1,1,1,
129970699198,1,2,1,1,1,1,
129973699198,1,2,2,2,1,1,
129974699198,1,2,2,2,2,1,
129976199198,1,2,1,1,1,1,
129977199198,1,2,1,1,1,1,
129978199198,1,2,1,1,1,1,
129979699198,1,2,1,1,1,1,
129980199198,1,2,1,1,1,1,
129980699198,1,2,1,1,1,1,
129983199198,1,2,1,2,1,1,
129983699198,1,2,1,1,1,1,
129985199198,1,2,2,2,1,1,
129985699198,1,2,2,1,2,1,
129986199198,1,2,1,1,1,1,
129987699198,1,2,1,1,1,1,
129988199198,1,2,1,1,1,1,
129988699198,1,2,2,1,1,1,
129989699198,1,2,1,1,1,1,
129992699198,1,2,1,1,2,2,
129993199198,1,2,2,1,1,1,
129994199198,1,2,2,1,1,1,
129994699198,1,2,1,1,1,1,
129996199198,1,2,2,2,2,1,
129997199198,1,2,1,1,1,1,
129998699198,1,2,2,1,1,1,
129999199198,1,2,1,1,1,1,
129999699198,1,2,1,2,1,1,
130002199198,1,2,2,1,1,1,
130003199198,1,2,2,1,1,1,
130003699198,1,2,2,1,1,1,
130004699198,1,2,1,1,1,1,
130007699198,1,2,1,1,1,1,
130008199198,1,2,1,1,2,1,
130009199198,1,2,1,1,1,1,
130010699198,1,2,1,1,1,1,
130012699198,1,2,1,1,1,1,
130013199198,1,2,1,1,1,1,
130014699198,1,2,1,1,1,1,
130015699198,1,2,2,1,1,1,
130016199198,1,2,2,2,2,2,
130017199198,1,2,1,1,1,1,
130019199198,1,2,1,2,1,2,
130019699198,1,2,1,1,1,1,
130021199198,1,2,2,1,1,1,
130021699198,1,2,2,2,2,2,
130022699198,1,2,2,2,1,1,
130024199198,1,2,1,1,1,1,
130025199198,1,2,2,1,1,1,
130027199198,1,2,2,1,1,1,
130027699198,1,2,1,1,1,1,
130028199198,1,2,1,1,1,1,
130029199198,1,2,2,1,1,1,
130031699198,1,2,1,1,1,1,
130037699198,1,2,1,1,1,1,
130038199198,1,2,2,1,1,1,
130039199198,1,2,2,1,1,1,
130039699198,1,2,1,1,1,1,
130042699198,1,2,1,1,1,1,
130044199198,1,2,1,1,1,1,
130044699198,1,1,1,1,1,1,
130045199198,1,2,2,2,2,2,
130045699198,1,2,1,1,1,1,
130046199198,1,2,1,1,1,1,
130046699198,1,2,1,1,1,1,
130049199198,1,2,2,2,2,2,
130051199198,1,2,1,1,1,1,
130051699198,1,2,2,1,1,1,
130052699198,1,2,1,1,1,1,
130053199198,1,2,1,1,1,1,
130053699198,1,2,1,1,1,1,
130054199198,1,2,1,1,1,1,
130054699198,1,2,1,1,1,1,
130055699198,1,2,1,2,1,1,
130056199198,1,2,1,1,1,1,
130056699198,1,2,2,2,2,2,
130057699198,1,2,1,1,1,1,
130058199198,1,2,1,1,1,1,
130058699198,1,2,1,1,1,1,
130060699198,1,2,2,2,1,1,
130062199198,1,2,1,1,1,1,
130062699198,1,2,2,1,1,1,
130063699198,1,2,1,1,1,1,
130064199198,1,2,2,2,2,1,
130065699198,1,2,1,1,1,1,
130066699198,1,2,1,1,1,1,
130068199198,1,2,1,1,1,1,
130069199198,1,2,2,2,1,1,
130069699198,1,2,1,1,1,1,
130070199198,1,2,1,1,1,1,
130072699198,1,2,1,1,1,1,
130073199198,1,2,1,1,1,1,
130074199198,1,2,2,1,1,1,
130074699198,1,2,2,1,1,1,
130076199198,1,2,1,1,1,1,
130077199198,1,2,1,1,1,1,
130079199198,1,2,1,2,1,1,
130082699198,1,2,2,1,1,1,
130085199198,1,2,2,2,2,2,
130085699198,1,2,1,1,1,1,
130086199198,1,2,2,1,1,1,
130087199198,1,2,1,1,1,1,
130088199198,1,2,2,1,1,1,
130089199198,1,2,2,1,1,1,
130089699198,1,2,2,1,2,1,
130090199198,1,2,1,1,1,1,
130091199198,1,2,1,1,1,1,
130091699198,1,2,1,1,1,1,
130092199198,1,2,2,1,1,1,
130092699198,1,2,1,1,1,1,
130093699198,1,2,1,1,1,1,
130095699198,1,2,1,1,1,1,
130096699198,1,2,1,1,1,1,
130099699198,1,2,2,2,1,1,
130101199198,1,2,2,1,1,1,
130101699198,1,2,1,1,1,1,
130102699198,1,2,1,1,1,1,
130103699198,1,2,1,1,1,1,
130104199198,1,2,1,1,1,1,
130104699198,1,2,1,1,1,1,
130105199198,1,2,1,1,1,1,
130105699198,1,2,1,1,1,1,
130106199198,1,2,1,1,1,1,
130106699198,1,2,2,1,1,1,
130107199198,1,2,1,1,1,1,
130108699198,1,2,1,1,1,1,
130110699198,1,2,1,1,1,1,
130111699198,1,2,1,1,1,1,
130112199198,1,2,1,1,1,1,
130113699198,1,2,2,1,2,2,
130116699198,1,2,2,1,1,1,
130120199198,1,2,2,2,2,1,
130120699198,1,2,1,1,1,1,
130121199198,1,2,1,1,1,1,
130121699198,1,2,1,1,1,1,
130122199198,1,2,1,1,2,1,
130123199198,1,2,2,2,2,1,
130125199198,1,2,1,1,1,1,
130125699198,1,2,1,1,1,1,
130127199198,1,2,1,1,1,1,
130127699198,1,2,1,1,1,1,
130128199198,1,2,1,1,1,1,
130128699198,1,2,1,1,1,1,
130129699198,1,2,2,2,1,1,
130130199198,1,2,2,1,1,1,
130130699198,1,2,1,1,1,1,
130131699198,1,2,2,2,2,2,
130133699198,1,2,1,1,1,1,
130135199198,1,2,1,1,1,1,
130135699198,1,2,1,1,1,1,
130136699198,1,2,2,1,1,1,
130137199198,1,2,2,1,1,1,
130138199198,1,2,2,1,1,1,
130139199198,1,2,1,1,1,1,
130140199198,1,2,1,1,1,1,
130140699198,1,2,2,1,2,1,
130141699198,1,2,2,1,1,2,
130142199198,1,2,1,1,1,1,
130142699198,1,2,2,1,1,1,
130143699198,1,2,2,1,1,1,
130144699198,1,2,1,1,1,1,
130146199198,1,2,2,2,1,1,
130146699198,1,2,1,1,1,1,
130147199198,1,2,2,1,1,1,
130147699198,1,2,1,1,1,1,
130148199198,1,2,1,1,1,1,
130148699198,1,2,1,1,1,1,
130149199198,1,2,1,1,1,1,
130149699198,1,2,1,1,1,1,
130150199198,1,2,1,1,1,1,
130150699198,1,2,2,1,1,1,
130151699198,1,2,2,2,1,2,
130153699198,1,2,1,1,1,1,
130156199198,1,2,1,1,1,1,
130156699198,1,2,2,1,1,1,
130157199198,1,2,1,1,1,1,
130158199198,1,2,1,1,1,1,
130158699198,1,2,2,1,1,1,
130160199198,1,2,1,1,1,1,
130160699198,1,2,2,1,1,1,
130161199198,1,2,2,1,1,1,
130162199198,1,2,2,2,2,1,
130162699198,1,2,1,1,1,1,
130165199198,1,2,1,1,1,1,
130166699198,1,2,1,1,1,1,
130167699198,1,2,1,1,1,1,
130168199198,1,1,1,1,1,1,

