,W-0,R-0,R-1,R-2,R-3,R-4,
122555423933,27656,28185,22612,24329,13468,23024,
122556923933,4910,12402,5244,5509,6959,8987,
122557923933,1651,13327,14277,15999,62968,8901,
122558923933,1258,12233,3142,4848,6920,9025,
122559923933,1713,12399,3053,4908,7129,8915,
122560423933,1818,12227,2958,5013,6961,8990,
122560923933,1471,12298,2989,5016,6902,9162,
122561423933,1536,12374,13853,5175,6968,9022,
122561923933,23536,12714,2907,5003,6856,8877,
122562423933,1569,12239,3160,4898,6987,8946,
122563923933,1651,11977,3301,4953,6914,9366,
122564923933,111347,121212,123269,125156,127379,119551,
122565423933,2000,12311,3888,5194,7165,8913,
122565923933,1667,11707,13738,4867,6799,8901,
122566423933,1468,12169,13943,4930,6989,8955,
122566923933,1756,12393,14173,5355,6767,8905,
122567423933,42897,12361,14336,4991,6905,8944,
122567923933,1793,12525,2894,5008,6994,9246,
122568923933,2031,12808,2998,4791,6796,9107,
122569423933,1581,12280,2993,4860,6892,8903,
122569923933,3390,12780,3058,4865,6975,8945,
122570423933,1706,12689,3008,5025,7049,8851,
122571423933,1483,12206,3011,5064,6794,8854,
122572423933,1651,11929,2956,15884,6941,8814,
122572923933,1592,12193,3015,4921,6888,9225,
122574923933,2192,12743,13884,4985,18202,8793,
122575423933,2661,12393,14782,5055,17901,19611,
122575923933,1634,12231,3207,4886,6882,8802,
122576423933,1562,12746,2839,4847,6911,8920,
122576923933,1465,12020,2814,4778,6792,8914,
122579423933,1306,12325,2996,5116,6897,9005,
122580423933,1863,11918,14708,5040,6935,8927,
122580923933,1430,12483,3013,4940,6983,9165,
122581423933,1784,12165,3648,4925,9934,10307,
122581923933,1464,12244,2882,4933,7041,9117,
122582423933,1760,12457,13834,4902,17923,8878,
122583423933,196474,33608,35649,4914,6826,42567,
122583923933,15495,12304,14015,27269,18510,9002,
122584423933,300000,45705,35962,4959,6908,75179,
122586423933,1620,12180,2955,5236,6961,8955,
122586923933,1480,12136,13853,4885,6899,8931,
122588423933,1772,12392,14038,26710,18007,19843,
122588923933,1124,12211,2933,4899,7344,8904,
122589423933,1741,12027,14108,4945,6967,8950,
122589923933,1650,12387,2980,4803,6816,8866,
122590923933,1854,12329,14266,5229,6973,19816,
122592423933,1224,11843,2888,4856,6881,8864,
122592923933,1237,11968,3010,5197,6999,8905,
122593423933,1517,12122,3050,5046,7024,8996,
122594423933,1202,11763,2959,4974,6873,8735,
122595923933,7598,12186,13856,15767,17833,9050,
122596923933,1248,12272,3019,5029,7230,8979,
122598423933,2547,12062,13721,4923,6894,19701,
122598923933,1313,12366,2943,26879,17835,19805,
122599923933,14995,12973,2946,4909,6896,8901,
122600423933,1432,12137,14016,16047,6898,8905,
122601923933,1343,12006,2885,4837,7019,8844,
122602423933,1510,12188,14161,4930,6903,8900,
122602923933,6630,12293,2959,15671,6937,8990,
122603423933,1591,12188,13590,4789,6823,8861,
122605423933,1560,12290,3139,4944,6885,8772,
122607423933,1542,12188,2904,5307,6910,8901,
122607923933,1248,12030,24920,38887,17939,8852,
122609423933,1368,12028,2930,4802,6731,8757,
122610923933,1436,12033,13579,4897,6888,8866,
122613423933,1119,11851,2916,4982,6950,8944,
122613923933,1204,11841,2929,4831,6707,8820,
122614923933,1841,12852,3141,4908,7038,8895,
122615423933,1139,11977,13806,4859,6926,8834,
122615923933,1367,11928,2814,4832,6940,8759,
122616923933,1447,12879,3556,4807,6925,8855,
122619423933,1468,11948,13725,4829,18329,8857,
122619923933,1321,12321,2852,4808,6811,8790,
122620923933,3415,12593,2855,4735,7056,9106,
122621423933,1447,12114,13629,4922,6804,8882,
122621923933,1358,12397,3042,4984,7218,8841,
122622423933,1438,22865,13825,15869,7045,8933,
122624423933,1099,12136,13836,4988,7057,8919,
122625423933,2064,12243,3309,4814,6966,8849,
122627923933,1675,12137,2825,4729,6799,9164,
122628923933,1422,11844,13697,5016,6982,8847,
122629423933,9132,11681,13761,15851,17752,8936,
122631923933,1419,11988,14035,4796,6933,8905,
122632423933,10710,12256,13988,4891,6807,8844,
122633423933,1446,12027,13694,5036,6884,8755,
122635923933,27553,12031,2906,15894,6856,8768,
122637423933,1420,12117,2807,4827,6975,8912,
122637923933,6049,12884,3277,5180,6892,9228,
122638423933,1216,11919,3625,15799,17701,19575,
122638923933,1398,11933,13810,15744,17787,30508,
122639423933,1997,12827,14052,4870,6893,8988,
122639923933,1466,12238,2874,4806,6783,8960,
122640423933,6490,22685,13762,15805,6990,19614,
122641923933,1430,12018,13819,4837,6922,8760,
122642423933,1311,11782,13914,4936,6856,8892,
122642923933,1312,12109,13765,4881,6771,8941,
122645423933,1547,12287,3236,4977,7219,9061,
122645923933,1225,11700,14027,4731,17746,8840,
122646923933,1284,11883,13890,15847,18333,30661,
122647923933,1654,12507,3397,5000,6877,8777,
122648423933,1356,12356,13809,4858,6875,8878,
122648923933,1626,34131,24951,4838,28757,30990,
122649423933,10945,11945,2779,4941,6826,8724,
122651923933,1355,12298,2794,4796,6842,8794,
122653923933,4563,15665,15282,15962,6886,9149,
122654423933,5784,11914,13818,4918,6966,8909,
122654923933,1665,12234,13790,5164,6912,8918,
122655423933,1462,12320,2939,5000,6796,8952,
122655923933,1579,12415,3061,5031,6905,8938,
122656423933,4658,14966,15516,16024,7018,8971,
122657923933,1372,13210,2824,4962,6854,11052,
122658923933,4532,12486,2954,5165,7148,9132,
122659423933,1536,12137,2994,4867,6767,8815,
122659923933,1684,12027,13801,4907,6732,8733,
122660423933,1395,12302,3368,5232,6974,8910,
122661923933,1334,11983,14432,4864,6793,8907,
122662423933,1469,12005,2878,4763,6775,8787,
122663423933,1574,12302,3004,4789,6780,8768,
122665423933,1379,12639,2791,4834,6808,8950,
122666423933,1291,11988,13947,4895,6950,8843,
122667423933,1456,12173,2874,4808,6763,8885,
122668423933,1785,12305,2815,4806,7003,8904,
122668923933,51716,13141,3290,5234,7149,9025,
122670423933,1356,11862,3116,4894,6739,8730,
122672923933,1568,12254,2823,4694,7172,9036,
122673923933,1662,12246,13900,4880,28805,8915,
122676423933,1429,11904,2851,4803,6848,8907,
122676923933,1807,12767,14031,4826,7233,8772,
122677423933,1884,12797,13826,5108,17836,8886,
122677923933,1512,12204,13509,4793,6779,8773,
122679423933,1473,12141,2970,4783,6931,9027,
122679923933,1376,12128,2998,4864,7053,9007,
122680423933,2589,12142,2860,4812,6777,9222,
122682423933,1669,12356,13672,4886,6821,8868,
122683923933,1535,12113,35611,15891,6801,19867,
122684423933,214943,34284,3031,37716,29005,9239,
122684923933,1420,12047,2857,4751,6814,9258,
122685423933,1358,11979,2914,4871,6842,9139,
122685923933,1407,11939,2852,4886,7190,8927,
122686423933,59761,12000,13807,4916,6816,8725,
122686923933,1288,11726,2916,4804,6919,8869,
122688423933,1573,12331,3043,4916,6760,9015,
122689423933,7701,11665,2820,4864,6795,8846,
122689923933,1868,12577,2749,5235,7370,8693,
122690423933,1326,11923,2878,4745,6814,8794,
122690923933,1319,11776,2929,5002,7043,8999,
122691923933,1297,11766,2914,4860,7319,8725,
122692923933,1579,12042,13916,15632,8438,8925,
122693923933,65847,11993,2818,4826,6876,8840,
122694423933,1595,12323,2966,4971,6960,9044,
122694923933,1184,11605,35285,26487,28633,8727,
122697423933,1391,12049,3416,4946,6786,8832,
122699423933,1352,11951,13659,4879,6766,8820,
122700923933,8614,11970,2855,4833,6985,9267,
122702923933,1631,12032,2947,4948,6892,8845,
122703423933,1366,11902,2994,4893,6806,9138,
122704423933,1331,12196,2823,4849,6779,8831,
122705423933,1304,11887,2870,4928,6906,8848,
122705923933,1542,12278,2812,4761,6823,9229,
122706423933,46821,54893,56653,58870,49955,52498,
122708923933,1171,11849,2841,4782,6765,8830,
122709923933,1322,11823,2966,4788,6716,8828,
122711423933,1402,55274,24716,37227,6821,8851,
122713923933,3367,11981,13783,4986,7114,8916,
122715423933,1591,11836,3145,4896,7055,8823,
122716923933,88582,11813,2965,4828,6747,9139,
122718423933,1638,12275,2964,4892,6825,8765,
122719923933,2546,11742,13789,4841,6890,8797,
122720423933,1461,12204,2939,5190,7058,9347,
122720923933,31827,22827,24316,4767,28501,8819,
122721423933,1352,12185,2736,4870,6800,9012,
122721923933,1125,12376,2945,4841,6828,8828,
122722923933,1343,11958,2936,4997,6966,8913,
122723423933,1253,11952,13626,4700,6856,8713,
122723923933,1103,11945,2830,4725,6838,8818,
122724923933,1188,11764,2908,4746,6853,8825,
122726923933,7599,22589,24549,16038,6864,19641,
122727923933,1299,11877,3030,4888,17790,8826,
122730923933,1427,11507,2823,4748,6837,8691,
122731423933,1376,12376,2870,4857,6983,8925,
122732423933,22676,11785,2900,4831,6780,8728,
122733923933,6437,12169,3024,4894,6894,8849,
122734423933,1320,11879,2920,4935,6847,9128,
122734923933,1551,12039,2861,4738,6728,9012,
122735423933,1526,12484,13718,4796,6813,8915,
122736423933,1604,12059,13676,4826,6821,8821,
122737423933,1398,11695,13863,4731,6757,8756,
122737923933,1548,12268,2778,4904,7120,8773,
122738923933,1361,11912,2945,4892,6715,8881,
122740423933,1357,11878,13816,5011,6980,8904,
122740923933,1207,11917,2930,4875,6827,8924,
122741923933,1347,12413,13745,15694,7055,8949,
122742423933,1327,43684,67791,5022,39223,8838,
122742923933,1427,11977,3235,5186,6759,8772,
122743423933,1380,11901,2770,37236,6906,8849,
122745423933,1231,12296,2816,4907,6804,8730,
122745923933,1466,12154,2946,4974,6952,8870,
122747423933,60423,11856,13863,4917,7002,8860,
122747923933,1331,11792,2718,4818,6827,8830,
122748423933,1343,11856,2827,5112,6905,8877,
122750423933,1457,12272,13914,5004,7009,8922,
122751423933,1275,12109,3260,4804,6880,8807,
122755423933,1685,12485,13956,4752,6767,8759,
122755923933,1299,12151,3861,4974,6780,8769,
122756923933,1396,11873,2887,4897,6862,8879,
122757423933,1414,11922,2804,4820,6708,8851,
122758423933,1333,11887,13550,4971,6823,8875,
122758923933,1280,11730,2808,4815,6839,8823,
122759423933,1611,12205,3129,4991,7029,8938,
122760423933,1471,11943,2879,4895,6789,8768,
122760923933,1564,12559,13734,4930,7250,8845,
122762423933,26904,12342,2890,5004,6779,8810,
122762923933,1336,12054,13940,4767,17674,8827,
122764423933,8376,11842,2958,4876,7299,8839,
122764923933,1471,12399,3213,15704,17635,19819,
122765423933,1311,12014,14012,4926,6819,8923,
122766423933,1419,12061,2902,4954,6868,8850,
122767423933,1206,11935,13874,4829,7062,9013,
122768923933,1283,11972,13798,4772,6857,8822,
122769923933,1320,12304,3195,4893,6805,8723,
122771923933,1683,12576,2816,4834,6841,8839,
122772423933,7047,11967,13918,5021,6875,8823,
122772923933,31573,12315,3155,5546,6780,8916,
122773423933,1406,12173,13736,4792,6671,8956,
122774423933,1944,12268,13958,4805,6756,8740,
122774923933,1390,12005,2808,4749,7034,8894,
122775423933,1159,11664,2763,4795,7056,8796,
122775923933,1417,11858,13821,15830,6890,8822,
122776423933,1553,12470,2855,4854,6828,8824,
122776923933,1432,12178,13823,4838,6833,8905,
122778923933,1427,11963,13989,16225,6832,8819,
122779923933,1345,22630,13809,15805,6793,19684,
122781423933,1464,12010,13604,4938,7016,8738,
122783923933,1265,11740,2870,4884,6888,8968,
122784423933,1430,12013,2921,5019,6739,8944,
122784923933,11161,12871,3044,4801,6744,8745,
122786423933,1271,11718,2839,4775,6954,8843,
122786923933,1178,12436,13695,4805,6779,19489,
122787923933,1443,34550,25044,15952,17885,52471,
122788923933,224906,12255,13808,16709,17973,64150,
122789423933,1287,11926,2809,4787,6874,8938,
122789923933,1353,11781,3210,4824,6847,8966,
122790423933,1180,12220,2785,4922,17707,8825,
122790923933,1294,11922,2862,4784,6783,8835,
122791423933,1192,12457,13837,15545,6864,8822,
122791923933,1512,12132,2877,4814,6785,8987,
122792423933,1569,12109,2943,4954,6946,8893,
122792923933,1991,11721,13620,4781,7035,8895,
122793423933,1366,11894,2858,4765,6866,8682,
122794423933,1189,11813,13870,4923,6888,8853,
122794923933,1389,11677,2974,4964,7141,8712,
122795423933,1242,11983,2843,15725,6738,8799,
122796423933,1578,12334,14038,5008,7145,8898,
122796923933,11819,12121,2829,4848,6967,8898,
122797923933,1821,12176,3138,4821,6744,8883,
122798423933,4469,12317,3164,4919,6804,9013,
122798923933,2592,24346,24860,47971,17468,19563,
122799423933,1276,11930,35109,48385,39580,41158,
122800423933,1481,12184,2844,4836,6818,8711,
122800923933,1525,12058,2828,4819,6794,8755,
122801423933,1456,12158,2810,4788,6882,8755,
122801923933,1296,11750,2934,4732,6708,8826,
122804423933,1321,54829,35140,37140,60486,30191,
122804923933,1334,12012,2818,4795,7051,8776,
122806923933,50646,11962,3046,4918,6687,8785,
122809423933,3261,11717,2771,4750,6750,8791,
122812923933,7131,12197,14175,5048,6857,8977,
122813423933,19039,12314,13860,4949,6938,8861,
122814923933,2352,12713,3376,4773,18149,8958,
122815423933,1312,11805,2830,4835,6877,8695,
122815923933,1329,11865,13531,4831,6883,8826,
122817423933,1297,11689,2811,4846,6994,8812,
122817923933,6024,12033,2913,4953,7393,8886,
122818923933,1459,11955,13521,4874,6746,8753,
122819923933,12597,12265,2828,4770,6849,8860,
122820423933,3751,11996,2965,4729,6860,8764,
122820923933,1293,12273,3123,15755,6877,9023,
122821423933,1330,11936,13798,4795,6823,8815,
122822923933,1849,12452,13798,4999,6864,9255,
122823923933,1249,11703,13629,4757,6834,8807,
122824423933,3222,12254,14110,4826,6810,8855,
122825423933,1425,12237,2739,4781,6920,8833,
122826423933,1539,12130,3175,4909,6918,8817,
122826923933,2001,12904,2930,4917,7211,8834,
122827423933,9511,11834,13934,5173,6900,8838,
122830423933,1223,11705,13533,4832,6840,8952,
122831423933,1280,11767,13625,4971,6855,8804,
122832923933,1549,12410,13765,4798,6814,8801,
122833923933,1349,11994,2969,5053,6846,9209,
122834923933,1558,12116,14454,4825,6858,8885,
122836423933,1598,12047,2843,4864,6838,9026,
122836923933,1450,11942,2865,4795,6998,8749,
122837423933,1546,12161,2839,4980,6854,8759,
122839923933,7198,11967,13903,5142,6959,8943,
122840423933,1463,12338,13915,4994,6887,19668,
122841923933,1416,33661,35133,26405,17664,19649,
122842423933,1415,11948,3042,4978,6965,8782,
122842923933,1326,11850,13686,5254,6945,8791,
122844423933,1381,12190,2923,4848,7109,8991,
122844923933,179502,11839,14132,4866,6896,8953,
122845423933,1348,11810,3231,4771,6897,8838,
122846423933,1407,12113,13753,4926,6872,8836,
122849423933,1366,11854,2790,4861,6729,8819,
122849923933,1344,11882,2962,4823,6856,8789,
122850923933,1384,12125,3471,5018,7173,8986,
122851423933,1276,11996,2796,4974,6945,10170,
122852923933,1432,12222,3111,4918,6993,8910,
122853923933,1420,12128,13863,4937,6877,8854,
122855423933,5135,11824,3336,5037,6914,8803,
122855923933,1245,11731,13852,15804,18043,9164,
122856423933,1445,11893,2758,4723,6752,8663,
122858923933,1303,12355,2842,4732,6818,8758,
122859923933,1478,11961,3383,4752,6750,8816,
122860423933,3316,12015,13545,4889,7049,8906,
122861423933,1330,12268,14373,4884,7351,8902,
122864423933,1399,11946,3175,4823,6753,8823,
122864923933,1344,11982,6815,7751,7482,8949,
122865923933,1714,12223,14285,4819,17844,19895,
122867423933,1311,11900,13744,4832,6869,8814,
122869423933,1703,11745,2779,4827,6913,8731,
122869923933,1228,11775,2974,4910,6827,8891,
122871423933,1382,11855,2749,4889,6767,8797,
122872423933,1172,12008,2881,4727,7038,8841,
122872923933,1462,11889,2839,4802,6856,8771,
122873923933,5698,12248,2903,4975,6816,9016,
122875923933,1371,11879,14264,5192,7053,8846,
122876423933,1053,11936,13482,4801,6788,8967,
122877923933,1363,11994,3153,15549,6932,8983,
122878423933,1478,12055,2858,4947,6902,9651,
122879423933,1345,11758,13782,4866,6842,8847,
122880923933,4650,12408,3123,5134,7046,9113,
122881923933,1523,33754,35730,4890,6721,19722,
122883923933,1379,12033,2865,15682,17759,8886,
122884423933,1210,11736,2944,4861,6839,8833,
122884923933,3227,11972,13653,4815,6985,8902,
122885923933,1510,11999,2779,4806,6906,8777,
122888423933,1659,12166,13995,5853,7177,9239,
122894423933,1260,12339,2805,4781,7281,9330,
122894923933,1225,12492,13878,4810,6790,9016,
122895923933,1483,12063,3012,4810,6804,8759,
122896423933,1376,12182,2794,4942,6902,8920,
122899423933,9544,12426,13825,4820,6851,8842,
122900923933,1353,11931,2748,4850,6952,9977,
122901423933,1382,11865,2854,15964,6931,8764,
122901923933,1554,12365,2945,4980,6860,9053,
122902423933,1572,11735,14100,4746,6863,8839,
122902923933,1418,11987,3014,4919,6781,8760,
122903423933,1337,12329,2779,4925,6980,8788,
122905923933,1448,11948,3194,5165,6901,9019,
122907923933,1451,44138,35209,37109,39029,40936,
122908423933,1376,33524,35609,5014,28741,8827,
122909423933,1411,12052,2850,4730,6812,8900,
122909923933,1661,12037,14359,5112,6970,9336,
122910423933,1452,11951,3006,4726,6762,9309,
122910923933,1669,12043,13882,4734,6938,8753,
122911423933,1513,11790,13639,4801,6861,8860,
122912423933,76342,12166,13976,5241,6908,19704,
122912923933,1317,11728,13601,4748,6850,8768,
122913423933,1342,11860,13866,4779,6739,19646,
122914423933,1609,11684,2843,4962,6892,9193,
122914923933,1271,12206,3046,4838,6883,8994,
122915423933,6765,11803,2942,4947,6992,8987,
122917423933,1347,11961,3209,4911,6836,8830,
122918923933,1328,11852,2822,4763,6846,8898,
122919423933,1486,12025,2815,4858,6810,8867,
122920423933,1337,12064,13708,4924,6924,8888,
122920923933,1361,12234,13785,4949,6989,8747,
122922423933,1514,12349,2877,4932,6871,8996,
122923423933,1483,11844,3130,4837,6972,9147,
122924923933,1546,22916,13814,15851,6731,8828,
122925923933,1368,12040,13832,4785,7153,8835,
122926423933,1330,12365,13697,4953,6917,8823,
122926923933,1379,11850,2888,5285,6844,8771,
122929423933,3614,12036,2790,4873,6871,8824,
122929923933,1281,11773,13774,4892,6731,8843,
122930923933,8534,12008,13601,4924,6946,8892,
122931423933,1335,11887,3135,4743,6753,8772,
122932923933,1403,12247,2936,4983,6913,8947,
122933923933,1582,12181,3182,4876,6960,8850,
122935923933,2063,12210,13709,4841,6717,8985,
122939423933,1419,11961,13677,4823,6801,8713,
122941923933,1297,11614,2896,4781,6887,8791,
122942423933,1256,12046,2893,4972,6882,8846,
122942923933,1411,12047,2901,4708,6704,8719,
122943923933,1419,12222,2753,26696,6780,19810,
122944923933,1511,12203,2889,4789,6742,8799,
122945923933,1357,11945,2751,4759,6851,9580,
122946423933,1310,11912,2756,4875,6832,8758,
122946923933,1341,12016,13533,15846,17685,8953,
122947923933,1832,11966,13701,4925,6781,8856,
122948423933,1503,12161,2958,4957,6909,8840,
122948923933,1323,11686,13583,4805,6925,8724,
122949423933,1281,11727,2760,5251,6804,8813,
122950423933,1301,11722,2814,4787,6781,8856,
122952423933,1262,11813,2902,4924,6798,8808,
122953423933,1264,11983,2939,4916,6763,8740,
122956423933,1313,11814,3031,4712,7000,8880,
122957923933,1246,23168,2847,48213,7033,30123,
122958423933,1023,11796,45809,4988,17682,30242,
122959423933,1592,34278,3044,16059,17785,8981,
122960423933,1318,11976,2781,4780,6867,8845,
122960923933,1346,11825,14162,4808,6753,8669,
122961423933,1662,12218,2988,5789,6797,8813,
122961923933,1643,11760,2971,4790,6836,9347,
122962423933,1566,12032,13692,15725,6888,8963,
122962923933,1869,23009,24757,26324,6825,19760,
122963423933,1323,55242,2932,4802,6753,19828,
122963923933,1287,11879,2724,4685,6800,8832,
122965423933,1919,11864,13669,15691,17478,19482,
122967423933,1738,12408,35223,4760,17592,8757,
122968423933,121514,11822,2886,4802,6932,8866,
122968923933,300000,11964,3041,4801,7008,8840,
122970423933,NULL,NULL,NULL,NULL,NULL,NULL,
122973423933,1792,24120,2794,4915,6920,8726,
122976923933,1170,11796,2753,4781,6740,8762,
122977423933,104219,12016,3123,5208,7034,8988,
122977923933,1438,11990,2906,4877,6847,9880,
122978423933,1327,11978,13879,15567,6959,8775,
122978923933,1392,12037,13620,4722,6802,8720,
122979923933,1288,11995,2759,4718,6813,8828,
122981923933,1356,11925,2765,4754,8583,8968,
122982423933,65342,12358,2999,4973,6957,8884,
122983923933,1390,12197,13953,4840,7035,8825,
122984423933,237687,22905,13839,16451,49752,19876,
122984923933,1105,43764,37344,36919,38809,40902,
122985423933,1445,22913,13664,4809,17762,8805,
122986423933,1722,12161,3054,4842,6750,9180,
122986923933,1387,12178,3107,40871,41036,41369,
122987423933,1435,12364,2859,4885,6903,8924,
122988423933,1240,11702,2800,4740,6730,8732,
122990423933,11260,22659,14062,15657,17459,19705,
122991923933,28028,12019,13778,4815,6764,8686,
122992423933,137482,150407,171217,149673,160564,171972,
122993423933,247852,11987,2861,4763,6973,8915,
122993923933,44118,11947,13520,4928,6808,8799,
122994923933,44960,12303,14364,4815,6733,8856,
122995923933,1479,12257,2923,4897,6886,8698,
122996923933,2603,11508,2865,4868,6852,8822,
122997423933,1302,11766,2928,4821,6986,9000,
122998423933,1259,11939,2792,4767,6906,8799,
122998923933,3958,12066,3777,5128,6990,8874,
122999423933,79901,98528,89158,91550,105267,84798,
123000423933,1224,11777,2823,4943,6750,8671,
123001423933,1234,11800,2765,4725,6747,8851,
123002923933,1109,11884,27865,4772,6998,8790,
123003423933,1704,12225,2913,4896,6846,8793,
123003923933,1259,11707,13457,4749,6804,8731,
123004423933,1729,12470,3171,4950,7174,9161,
123004923933,1186,11729,2706,4732,6734,8745,
123005423933,1182,11670,2810,4857,6768,8740,
123005923933,1382,12206,14203,5159,6907,8827,
123006423933,1638,11845,2776,4878,6895,8815,
123006923933,1205,11741,2901,4673,6732,8678,
123007423933,1325,11785,2970,4715,6905,8741,
123008423933,1258,11795,13536,4961,7170,9011,
123010423933,1346,11941,2862,4826,6826,8750,
123012923933,1427,11747,13542,4815,7510,8819,
123013423933,9819,11907,2807,4883,6858,8945,
123013923933,1268,11771,2840,4765,6717,8923,
123014923933,1278,11944,2720,4793,6725,8693,
123015423933,11521,12260,2871,4762,6886,8830,
123016923933,5044,12438,3039,4879,6687,8662,
123017423933,1446,11711,2777,4770,6774,8732,
123017923933,1193,11668,2747,4784,6789,8921,
123018923933,1330,11895,2861,4766,6850,8777,
123019423933,1198,11995,13711,4781,6910,8746,
123021923933,1207,11680,2805,4855,6768,8862,
123023423933,13738,12055,3190,4865,6925,8788,
123024423933,1398,12168,3032,4890,10103,10555,
123024923933,1587,12051,13874,6132,6945,8988,

