,W-0,R-0,R-1,R-2,R-3,R-4,
138045327441,7879,6874,17660,7391,11912,10234,
138046827441,3841,1540,3050,4923,6908,9412,
138047827441,6741,1449,3941,5306,8703,8987,
138048827441,3661,1456,3042,4862,6936,8830,
138049827441,3814,1471,2806,4883,6931,8812,
138050327441,10386,1926,2995,5092,7046,9070,
138050827441,3937,1649,3070,4924,6952,8910,
138051327441,12484,1405,2890,4987,7042,8846,
138051827441,4610,12267,3056,5016,6940,9052,
138052327441,4153,1556,3005,5065,6859,8812,
138053827441,4794,2558,3256,5177,7906,8848,
138054827441,3742,1535,3054,5126,7003,9062,
138055327441,15255,1413,3043,4859,6869,8740,
138055827441,5083,1957,2961,4880,7017,9119,
138056327441,3734,1375,3031,4975,6882,8883,
138056827441,4082,1899,2890,4856,6786,8798,
138057327441,3734,1433,3084,4800,6787,8859,
138057827441,3345,1294,2944,4912,7005,8823,
138058827441,3920,1353,3136,4923,6871,8990,
138059327441,3870,1508,3008,4993,6872,8826,
138059827441,3835,1241,2954,5084,7122,9100,
138060327441,4457,1414,3155,4838,6859,8800,
138061327441,3806,1295,3057,5050,6969,9034,
138062327441,5685,2131,3288,5253,7000,8889,
138062827441,3383,1386,3106,5074,7360,8892,
138064827441,3325,11948,2978,4872,6817,8857,
138065327441,3137,1198,2937,4874,6881,8951,
138065827441,6382,14451,3974,4856,6930,8808,
138066327441,3880,1681,3357,4886,6994,9040,
138066827441,4071,1541,2860,4893,6885,8977,
138069327441,4398,11998,2835,4789,6839,8898,
138070327441,3722,1405,3085,4789,6947,8774,
138070827441,15878,1593,3145,5154,6986,8855,
138071327441,5324,12382,2898,5045,6884,9087,
138071827441,3276,1170,2873,4874,6865,8862,
138072327441,3631,1523,3079,5056,6968,8946,
138073327441,3700,1703,3121,5181,7138,9190,
138073827441,3844,2126,3005,4972,6768,9190,
138074327441,3266,12182,3028,4941,6888,8786,
138076327441,3640,1457,3042,6481,7470,8912,
138076827441,3548,1459,2829,4786,7121,8934,
138078327441,9774,1354,2918,5011,6914,9140,
138078827441,3299,1192,2777,4750,6848,8863,
138079327441,11745,1254,3302,4833,6788,8906,
138079827441,3657,1365,2922,4900,6845,8883,
138080827441,4450,12656,3250,5537,7043,9085,
138082327441,3684,1555,3010,4944,7014,8958,
138082827441,3443,1157,2743,4796,6784,8900,
138083327441,3609,1446,2944,4956,6879,8882,
138084327441,9280,1380,2851,5025,6951,8936,
138085827441,3501,1313,2973,5078,6952,8957,
138086827441,3621,1189,3089,5829,7048,9078,
138088327441,3740,1786,3348,4865,7191,8809,
138088827441,3471,1389,3168,4915,6874,8739,
138089827441,3501,1434,3061,4862,6766,8872,
138090327441,3835,12091,3545,6533,7075,9018,
138091827441,3662,1385,3054,4806,6865,8853,
138092327441,3603,1256,2841,4735,6764,8824,
138092827441,3649,11872,3029,4879,6890,8886,
138093327441,3702,1261,2996,5034,6823,8755,
138095327441,3661,1467,3020,5720,7143,9234,
138097327441,3749,1553,3162,4796,6798,8754,
138097827441,5338,2023,3325,5072,6922,8880,
138099327441,3928,1341,2896,5104,6825,8880,
138100827441,3740,1346,2943,4772,6832,9010,
138103327441,3538,1160,2949,4859,6826,8831,
138103827441,5729,1392,3076,5102,6987,8944,
138104827441,3742,1607,3063,4815,7083,9087,
138105327441,7169,1623,2787,4966,6925,8862,
138105827441,16350,1107,2949,4769,6801,8890,
138106827441,3509,1429,2891,4891,6878,8784,
138109327441,66417,1260,2794,4953,6998,8818,
138109827441,3858,11872,2904,4912,6855,8978,
138110827441,3910,1503,3183,4827,6878,8805,
138111327441,8959,1228,2736,4783,6897,8780,
138111827441,5347,2692,3136,5223,7037,9697,
138112327441,4875,1170,2905,4744,6782,8748,
138114327441,2456,1143,2884,4731,6855,8840,
138115327441,3761,1468,2905,5000,7001,9366,
138117827441,3869,1476,3006,4832,6741,8752,
138118827441,3647,1477,2903,4909,6899,8877,
138119327441,3149,1177,2966,4986,6911,8946,
138121827441,3708,11727,2823,4883,6754,8733,
138122327441,3533,1459,3050,5302,6885,8869,
138123327441,3780,1498,2972,4940,6863,8782,
138125827441,9973,11693,2893,4904,7048,9021,
138127327441,3621,1476,2990,4991,6983,8989,
138127827441,2962,1398,2861,4813,6737,8841,
138128327441,3686,11532,2787,4727,6735,8742,
138128827441,8526,1382,3072,4977,6817,9839,
138129327441,3669,1476,2868,4822,6928,8937,
138129827441,3407,1231,2759,4824,7023,9089,
138130327441,3758,1070,2870,4708,6834,8802,
138131827441,3127,1646,2881,4816,6870,8883,
138132327441,4448,3270,3008,4810,6802,8903,
138132827441,43494,11839,2817,4880,6828,8821,
138135327441,3692,1283,3217,4899,6947,8785,
138135827441,4416,1447,2959,4879,6852,8803,
138136827441,5268,12001,3003,4992,7044,8984,
138137827441,4896,1649,2924,5055,6757,8845,
138138327441,3626,1185,2846,5286,7027,8861,
138138827441,3727,1395,3001,4780,6717,8912,
138139327441,4073,11837,2854,4828,6842,8727,
138141827441,4532,12133,2975,4943,6922,8845,
138143827441,5005,1212,3212,4881,6911,9035,
138144327441,53769,1247,2742,4753,6775,8780,
138144827441,9347,1119,2941,4816,6779,8917,
138145327441,5082,12026,2791,4824,6957,8850,
138145827441,5188,1391,2911,4864,6938,9105,
138146327441,3464,1415,3068,4794,6985,8905,
138147827441,55763,1966,2747,4812,6796,8919,
138148827441,3732,1660,3124,5023,7552,8948,
138149327441,3776,1244,2876,5811,6878,8764,
138149827441,13008,1673,2945,5037,6847,8875,
138150327441,3608,11810,2842,4720,6754,8847,
138151827441,3704,11648,2952,4748,6727,8764,
138152327441,3694,1423,2916,4835,6790,8979,
138153327441,3542,1372,2824,4929,7476,8833,
138155327441,3770,2534,3144,4984,6752,9278,
138156327441,4466,11947,2929,4800,6792,9012,
138157327441,4979,1591,2833,4768,6931,8881,
138158327441,3954,1154,2861,4795,7125,8875,
138158827441,3496,1358,2892,4838,6892,8789,
138160327441,3477,1486,2986,4921,7313,8846,
138162827441,3383,1359,2854,5076,6755,8715,
138163827441,7138,1220,2781,4861,6915,9437,
138166327441,5374,11890,2949,4784,6929,8909,
138166827441,4372,12124,2940,5079,6946,9063,
138167327441,4319,1674,3046,4839,6977,8790,
138167827441,2508,11742,2959,4847,6848,8828,
138169327441,3815,1648,2907,5018,6851,8902,
138169827441,3729,1328,2932,4875,6703,9078,
138170327441,3475,1346,2797,4777,6826,8810,
138172327441,3481,1316,2965,4858,6816,8857,
138173827441,5345,1428,3045,5065,6774,8982,
138174327441,3691,1518,2760,4827,6922,8797,
138174827441,5358,1507,3126,4980,6872,8738,
138175327441,23452,1101,2985,4911,6769,8718,
138175827441,53612,1237,3069,4943,7072,8783,
138176327441,12499,8439,8819,9185,9333,9433,
138176827441,3734,12219,2909,4846,6765,8755,
138178327441,3729,1443,2854,4836,6745,8719,
138179327441,5064,13202,2968,5164,6836,8772,
138179827441,4432,1281,2910,4831,6736,8718,
138180327441,3644,12026,3057,4952,6810,9090,
138180827441,4030,1341,2916,4853,6968,8928,
138181827441,3638,1433,2948,4898,7066,8896,
138182827441,3407,1229,2903,4774,6770,8747,
138183827441,6976,14447,14221,4862,6788,8699,
138184327441,13559,1229,2771,4724,6869,8755,
138184827441,3848,11681,2874,4832,6716,9107,
138187327441,3961,1380,3739,4807,6777,8737,
138189327441,11366,1187,2906,4949,6818,8755,
138190827441,3377,1309,2795,4736,6711,8848,
138192827441,5912,1488,3306,4787,6959,8818,
138193327441,5045,11733,2981,5235,6862,8785,
138194327441,3948,1336,3115,4820,6835,8819,
138195327441,3871,1615,2745,4839,6755,8963,
138195827441,3538,1404,2835,4844,6883,8874,
138196327441,3724,1392,2732,4797,6908,8793,
138198827441,3637,1349,3062,4845,6939,8973,
138199827441,3809,1728,3089,4862,6833,8926,
138201327441,3754,1451,2966,4936,6891,8994,
138203827441,180743,11980,3030,5026,6904,8786,
138205327441,3788,1674,3043,5194,7045,8933,
138206827441,3451,1323,2871,4726,6833,8859,
138208327441,3473,1323,2930,4874,6829,8875,
138209827441,3523,1372,2929,4778,6785,8766,
138210327441,5207,11945,3211,4980,6952,8902,
138210827441,3718,11737,2923,4805,6723,8775,
138211327441,3504,1070,2852,4841,6805,8889,
138211827441,3753,11913,3205,5058,6950,8866,
138212827441,3492,1405,2775,4789,6737,8765,
138213327441,3753,1717,2926,4873,6854,9331,
138213827441,3371,11880,2797,4781,6724,8745,
138214827441,3690,11901,2924,4782,6751,8826,
138216827441,3517,11727,2915,4898,6808,8845,
138217827441,3372,1867,2901,4796,6800,8829,
138220827441,3453,1330,2883,4746,6843,8959,
138221327441,4039,1404,3161,5396,6915,9069,
138222327441,3473,1706,2848,4804,6755,9249,
138223827441,4920,1389,3340,4815,6806,8777,
138224327441,4558,11878,3019,5074,6766,8829,
138224827441,3664,1095,3271,4799,6881,8809,
138225327441,3453,1338,2887,5218,6873,8839,
138226327441,3690,1691,3034,4882,6864,8866,
138227327441,3530,1291,2814,4706,6859,8789,
138227827441,4694,1233,2839,4933,6789,8814,
138228827441,12517,18832,18969,8505,8912,8828,
138230327441,3543,1541,3187,4936,6943,8833,
138230827441,3532,1319,2850,4754,6858,8830,
138231827441,11186,1482,3061,5104,6956,8849,
138232327441,4436,1286,3230,5146,6849,8809,
138232827441,3408,1354,2716,4830,6842,8879,
138233327441,3590,1423,2921,4904,6727,8844,
138235327441,3646,12264,2916,5266,6960,9016,
138235827441,10729,1398,2842,4867,6881,9003,
138237327441,7092,1458,2774,4854,6901,8836,
138237827441,3518,1435,2868,4729,6740,8878,
138238327441,3727,1379,2825,4815,6971,8885,
138240327441,3699,1387,3016,4860,6830,8843,
138241327441,3705,1704,3033,4989,6780,8858,
138245327441,3527,1486,2939,4836,7034,8852,
138245827441,4346,1773,3235,5067,6875,8829,
138246827441,4720,1411,3054,4911,6720,8852,
138247327441,4011,1746,2734,4789,6817,8745,
138248327441,3670,11749,2895,4866,6771,8806,
138248827441,3558,1525,3038,4844,6867,8946,
138249327441,5126,1599,2841,4919,6761,9861,
138250327441,3834,1303,2947,4838,6730,8725,
138250827441,3545,1392,3359,4855,6868,8927,
138252327441,3521,1375,2848,4809,6924,8912,
138252827441,3706,1276,2769,5133,6737,8751,
138254327441,3543,1369,2897,4888,6751,8748,
138254827441,3744,1185,3221,4730,6756,8758,
138255327441,2470,1377,2945,5023,6867,9018,
138256327441,4336,12111,2990,4963,6916,8790,
138257327441,4527,12231,3078,4815,6789,8794,
138258827441,4078,12604,2840,4981,6866,8831,
138259827441,3443,1345,2764,4889,6875,8872,
138261827441,3470,1277,2976,4807,6735,8773,
138262327441,3535,1324,2922,4865,6866,8878,
138262827441,3667,1480,3026,4875,6896,8886,
138263327441,13664,1371,2805,4792,6794,8748,
138264327441,3687,1477,3119,4884,6872,8754,
138264827441,19795,17964,19127,19555,19742,19368,
138265327441,56349,11967,2965,4738,6880,8867,
138265827441,175978,11975,3016,4818,6857,8847,
138266327441,3682,1385,2952,4780,6886,8740,
138266827441,116764,1028,2790,4814,6718,8744,
138268827441,3539,1407,2928,4953,6892,8811,
138269827441,4970,1422,2968,4784,6841,8728,
138271327441,3401,1211,2874,4751,6887,8775,
138273827441,15310,12816,12703,12440,12867,12798,
138274327441,8476,11854,2805,4833,6898,8947,
138274827441,3387,1358,2808,5427,6838,8830,
138276327441,7525,1694,2949,4995,6927,9020,
138276827441,15439,1326,2932,4803,6830,9538,
138277827441,2990,1661,2790,4885,6799,8977,
138278827441,9664,1447,3000,5014,6816,9059,
138279327441,121081,1326,2931,4829,6746,8731,
138279827441,3921,1422,2875,5288,7350,8794,
138280327441,80998,1219,2966,4871,6736,8784,
138280827441,3667,1345,2931,4897,6850,9067,
138281327441,2606,1291,2909,4815,7437,8973,
138281827441,4861,1247,3735,5021,6881,9039,
138282327441,3538,1169,2966,4965,6860,8828,
138282827441,3716,11756,2914,4752,6731,8872,
138283327441,3321,1156,2814,4722,7053,8841,
138284327441,2407,1274,2881,4728,6878,8916,
138284827441,3644,1470,3107,5158,7039,8986,
138285327441,3769,1873,3107,4850,7159,8845,
138286327441,20268,26891,27401,16857,27270,17235,
138286827441,300000,1696,3037,4909,7004,8930,
138287827441,111881,1155,2683,4840,6831,8743,
138288327441,3551,1767,3003,4702,6949,8711,
138288827441,3215,1275,4863,5331,6659,8829,
138289327441,3299,1403,3261,4676,6842,8676,
138290327441,3555,1395,3062,4969,6905,8776,
138290827441,3653,1416,2782,4773,6734,8798,
138291327441,2916,1415,2796,4826,6885,12246,
138291827441,3393,1194,3063,4786,6767,9012,
138294327441,3786,12102,2987,4900,7019,11974,
138294827441,3390,1369,2848,4780,6906,8869,
138296827441,10921,12102,2807,4747,6857,8955,
138299327441,7265,11808,3040,4790,7099,8859,
138302827441,74304,1262,2891,4808,6751,8888,
138303327441,3716,1416,2933,4824,6873,9215,
138304827441,3528,1370,2781,4823,6817,8911,
138305327441,4892,1388,2742,4791,6840,8865,
138305827441,4490,1269,2921,4953,6883,9064,
138307327441,2414,1281,2809,4832,6770,8728,
138307827441,3657,1232,2932,4844,6743,8914,
138308827441,3749,1661,2983,4753,6962,9031,
138309827441,5057,2527,2935,4877,6861,8893,
138310327441,3796,11760,2845,4890,6922,8761,
138310827441,3657,1449,2793,4985,6842,8926,
138311327441,57355,1307,2920,4817,6701,8728,
138312827441,3370,1237,2856,4737,6860,9245,
138313827441,3742,11798,2905,4724,6779,8874,
138314327441,4418,1556,2997,4743,6948,9058,
138315327441,3471,1594,2997,5180,7011,9020,
138316327441,90356,1421,3116,4965,6758,8853,
138316827441,3394,1441,2800,4809,6920,8953,
138317327441,3329,1191,2870,4755,6753,8758,
138320327441,3500,1240,2870,4842,6736,8852,
138321327441,3333,1382,2937,4939,6899,8917,
138322827441,3683,1351,2981,4758,6753,8831,
138323827441,3435,1198,2819,4894,7459,8755,
138324827441,3400,1272,3040,4921,6885,8678,
138326327441,3418,1310,2861,4882,6946,8751,
138326827441,3774,1405,2952,4745,6749,8859,
138327327441,4035,1544,2810,4787,6747,8827,
138329827441,3635,1464,2751,4721,6796,8901,
138330327441,7045,1547,2812,4819,6871,9083,
138331827441,3682,1397,3113,5047,6918,8768,
138332327441,3744,12041,3147,4824,6839,8847,
138332827441,3513,11693,2839,4805,6696,8701,
138334327441,3704,1201,2792,4887,6922,8927,
138334827441,3704,1510,2905,4958,6848,9302,
138335327441,3717,1247,2785,4764,6795,8764,
138336327441,3652,11754,2879,4886,6826,8838,
138339327441,5057,11655,2778,4837,6812,8749,
138339827441,2524,1259,2825,4695,6742,8955,
138340827441,3604,1259,2838,5317,6829,8816,
138341327441,3299,11993,3094,4716,6818,9140,
138342827441,3781,1409,3001,4866,6765,8772,
138343827441,3765,1703,2935,4889,6806,8807,
138345327441,3652,1485,3016,4930,6843,8850,
138345827441,3675,1451,2977,4889,6883,8861,
138346327441,4549,1375,2893,4780,6826,8759,
138348827441,4968,1249,2854,4779,6795,8829,
138349827441,3708,1613,3008,4912,6849,8846,
138350327441,5316,12168,2891,4807,6845,8828,
138351327441,3738,1648,3031,5795,6865,12063,
138354327441,3706,11688,2979,4904,6770,8700,
138354827441,11838,1152,2979,4972,6968,8730,
138355827441,3724,1523,2939,4977,6912,8771,
138357327441,4815,1278,2822,4920,6825,8888,
138359327441,29312,1331,2923,4813,6811,8793,
138359827441,3504,1260,2996,4912,6895,8893,
138361327441,3489,1372,2937,4818,6990,8856,
138362327441,3465,1192,3264,4905,6793,8816,
138362827441,3651,1475,2896,4896,6820,8726,
138363827441,3964,12136,3009,4807,6996,8780,
138365827441,22942,32161,31756,31918,31744,32073,
138366327441,4984,1398,3024,4838,6843,8741,
138367827441,3429,1249,2800,4831,6712,8870,
138368327441,4140,12424,2950,4833,6845,8845,
138369327441,4046,2476,3153,4984,6746,8837,
138370827441,3711,1382,3096,4758,6715,8889,
138371827441,4016,1762,3542,4709,6749,8771,
138373827441,41025,1320,2801,5031,6776,8837,
138374327441,3835,1358,3138,4954,7250,8871,
138374827441,3498,1440,2895,5084,6915,9096,
138375827441,5242,1222,2860,4811,6749,8760,
138378327441,3198,1272,3019,4857,6944,8750,
138384327441,5121,1160,2833,4969,6753,8808,
138384827441,10383,1307,2891,4960,6930,8832,
138385827441,3407,1343,2837,4749,6744,8978,
138386327441,4546,1329,2709,4735,6952,9005,
138389327441,3504,11634,2803,4776,6719,8739,
138390827441,3715,1399,2958,4792,6856,9021,
138391327441,94302,11755,2831,4795,6919,8777,
138391827441,3189,11998,3003,5051,6818,8872,
138392327441,3319,1078,2767,4682,6731,8700,
138392827441,3549,1422,3082,4814,6894,8906,
138393327441,4675,1387,2871,4807,6749,8773,
138395827441,3753,11403,2763,4805,6792,8780,
138397827441,4209,17735,2860,5015,6858,8941,
138398327441,3482,1494,3014,4912,7009,8853,
138399327441,9814,1473,3269,4830,6767,8901,
138399827441,3720,1730,3219,4792,6857,8993,
138400327441,4035,11742,2995,4786,6945,8930,
138400827441,3776,11933,3327,4924,6827,8936,
138401327441,3647,1307,2948,4816,6876,8762,
138402327441,3535,1469,2974,4797,6722,8764,
138402827441,3462,1288,2898,4856,6722,8703,
138403327441,3710,1509,2902,4884,6840,9063,
138404327441,8150,1540,2896,4926,7007,8877,
138404827441,3236,11952,3016,5020,7091,8838,
138405327441,3718,11999,3131,4900,6704,9202,
138407327441,3219,1119,2914,4874,6887,8767,
138408827441,5090,1272,2726,4873,6824,8871,
138409327441,3499,1341,2793,5320,7543,8823,
138410327441,3453,1219,2834,4846,6994,8869,
138410827441,3335,1238,2794,4762,6738,8910,
138412327441,4427,1295,3505,5024,6822,8803,
138413327441,4019,1531,2961,4898,7015,8841,
138414827441,3803,1278,2905,5289,6838,8777,
138415827441,21307,1772,2840,4814,6872,9023,
138416327441,4882,11758,2822,4772,6889,8860,
138416827441,4400,1756,2970,5314,6893,8788,
138419327441,3800,1547,3033,4921,6804,8888,
138419827441,3604,1501,2960,4968,6900,8792,
138420827441,3490,1351,2999,4781,6801,8767,
138421327441,5087,2000,2768,4797,6831,8770,
138422827441,3639,1100,2854,4940,7036,8846,
138423827441,3804,1476,3447,4986,7027,8889,
138425827441,6018,1687,3064,5100,6972,8849,
138429327441,3681,11721,2848,4843,6988,8834,
138431827441,3685,11679,2956,4754,6793,8760,
138432327441,3481,1424,2835,5033,6980,8804,
138432827441,3703,1267,2960,4797,7348,8728,
138433827441,3515,1358,2854,4717,6703,8828,
138434827441,8410,1507,3545,4817,6988,8735,
138435827441,4878,1376,2735,4780,6944,8840,
138436327441,3764,1300,2785,4912,6791,8859,
138436827441,3735,1295,2999,4882,6800,8778,
138437827441,3507,1488,2992,4813,6778,8802,
138438327441,5312,11967,2834,5092,6906,9099,
138438827441,3647,1190,3121,5060,6897,8789,
138439327441,5712,1385,3141,4910,7038,8786,
138440327441,3514,1428,3050,5123,6959,9050,
138442327441,4680,12372,2874,4917,7206,8880,
138443327441,5641,12205,2957,4747,6697,8861,
138446327441,3416,1298,3011,4800,6768,8732,
138447827441,3552,1381,2914,4847,6924,8770,
138448327441,4971,1319,3204,4782,6846,8725,
138449327441,4912,1321,2946,4773,6802,8981,
138450327441,3300,1167,2912,4766,6724,8724,
138450827441,2874,1395,3217,4758,6824,8783,
138451327441,3710,1301,3008,4861,6848,8842,
138451827441,54011,2013,2822,4784,6861,8990,
138452327441,3762,11877,3149,4925,6966,8889,
138452827441,3143,1261,3492,4797,6733,8802,
138453327441,3710,1663,2745,4725,6787,8779,
138453827441,12031,12157,3438,5083,6951,8852,
138455327441,124969,1493,2869,4836,6943,8891,
138457327441,3860,1524,2985,4765,6913,8950,
138458327441,3858,11857,3183,4998,6945,8816,
138458827441,3608,12016,2966,4789,6801,8823,
138460327441,3469,1308,2888,4802,6744,8842,
138463327441,2503,1096,2904,4803,6791,8774,
138466827441,8420,1147,2847,4789,6908,8743,
138467327441,3693,1449,2925,4857,6864,8822,
138467827441,3419,1289,2774,4763,6854,8711,
138468327441,9626,1346,3084,5035,6828,9396,
138468827441,64620,1188,3007,4893,6737,8748,
138469827441,3638,1265,2915,4837,6823,9784,
138471827441,5063,1621,3664,4854,7166,9164,
138472327441,2784,1255,3021,4840,7030,8833,
138473827441,3534,1307,2859,4886,6793,8723,
138474327441,3741,1157,2744,4758,6706,8816,
138474827441,3471,1221,2801,4749,6760,8765,
138475327441,4330,1242,2820,4718,6788,8844,
138476327441,5608,11797,5637,5110,6770,8948,
138476827441,5119,11594,2791,4914,7412,8709,
138477327441,3429,1431,2821,5261,6803,8890,
138478327441,3744,1484,2944,5027,7033,8907,
138480327441,3463,1377,2859,4749,6844,8816,
138481827441,3710,1355,2989,4883,6881,8844,
138482327441,21206,1104,2797,4850,6920,8774,
138483327441,4883,11980,3169,5083,6969,8971,
138483827441,3513,11704,2933,4822,6849,8846,
138484827441,3376,1364,2741,4877,7087,9099,
138485827441,4555,1414,2836,4780,6934,8771,
138486827441,3934,11722,2941,4815,6799,8761,
138487327441,3542,1319,3134,4819,6841,9291,
138488327441,3500,1347,3057,4847,6740,8767,
138488827441,3659,11991,3246,4859,6787,8816,
138489327441,3435,1304,2983,4846,6791,8758,
138490327441,5074,11624,2923,4820,6788,8806,
138491327441,4029,1182,2724,4765,6777,9233,
138492827441,3333,1181,2836,4796,6734,8831,
138493327441,3647,11727,3237,4827,6882,8854,
138493827441,3455,1244,2861,4737,6773,8742,
138494327441,4431,12189,3046,4822,6821,8889,
138494827441,18085,1103,3101,4713,6794,8821,
138495327441,3623,1518,3081,4955,6896,8822,
138495827441,3920,1405,2986,4902,6915,9217,
138496327441,3197,1943,3009,4807,6733,8708,
138496827441,3161,1424,2831,4874,6956,9053,
138497327441,3489,11910,2896,4832,6937,8941,
138498327441,3528,1190,2826,4801,6796,8801,
138500327441,3746,1497,3009,4745,6897,9000,
138502827441,4684,1375,2912,4881,6750,8745,
138503327441,4504,1477,3046,5774,6957,9289,
138503827441,3704,1394,3177,4768,6726,8698,
138504827441,3464,1284,2898,5098,6798,8921,
138505327441,3472,1377,2834,4740,6848,8890,
138506827441,3530,1856,3022,4852,6856,8777,
138507327441,3458,1382,3023,4877,6860,8832,
138507827441,97546,1346,2802,4730,6993,8862,
138508827441,3773,1551,3115,4745,6810,9096,
138509327441,3364,1263,2912,4917,6827,8891,
138511827441,3356,1261,2898,4849,6817,8957,
138513327441,300000,1611,3003,5069,6914,9079,
138514327441,4449,12671,3051,7068,6884,8969,
138514827441,3688,1449,2867,4781,6887,8772,

