,W-0,R-0,R-1,R-2,R-3,R-4,
140425411376,1,2,1,1,1,1,
140426911376,1,1,1,1,1,1,
140427911376,1,2,1,1,1,1,
140428911376,1,2,2,1,1,1,
140429911376,1,2,1,1,1,1,
140430411376,1,2,1,1,1,1,
140430911376,1,2,2,2,2,2,
140431411376,1,2,2,2,2,2,
140431911376,1,2,1,1,1,1,
140432411376,1,2,2,2,2,2,
140433911376,1,2,2,1,1,1,
140434911376,1,2,2,1,1,1,
140435411376,1,2,1,1,1,1,
140435911376,1,2,1,1,1,1,
140436411376,1,2,1,1,1,1,
140436911376,1,2,1,1,1,1,
140437411376,1,2,2,2,2,2,
140437911376,1,2,2,2,1,2,
140438911376,1,2,2,1,1,1,
140439411376,1,2,1,1,1,1,
140439911376,1,2,1,1,1,1,
140440411376,1,2,1,1,1,1,
140441411376,1,2,1,1,1,1,
140442411376,1,2,1,1,1,1,
140442911376,1,2,1,1,1,2,
140444911376,1,2,1,1,1,1,
140445411376,1,2,1,1,1,1,
140445911376,1,2,1,1,1,1,
140446411376,1,2,2,2,1,1,
140446911376,1,2,1,1,1,1,
140449411376,1,2,1,1,1,1,
140450411376,1,2,1,1,1,1,
140450911376,1,2,2,2,1,1,
140451411376,1,2,1,1,1,1,
140451911376,1,2,2,1,1,1,
140452411376,1,2,1,1,1,1,
140453411376,1,2,1,1,1,1,
140453911376,1,2,1,1,1,1,
140454411376,1,2,1,1,1,1,
140456411376,1,2,1,1,1,1,
140456911376,1,2,2,1,1,1,
140458411376,1,2,1,1,1,1,
140458911376,1,2,1,1,1,1,
140459411376,1,2,1,1,1,1,
140459911376,1,2,1,1,1,1,
140460911376,1,2,1,1,1,1,
140462411376,1,2,1,1,1,1,
140462911376,1,2,1,1,1,1,
140463411376,1,2,1,1,1,1,
140464411376,1,2,1,2,2,1,
140465911376,1,2,1,1,1,1,
140466911376,1,2,1,1,1,1,
140468411376,1,2,1,1,1,1,
140468911376,1,2,1,2,1,1,
140469911376,1,2,1,1,1,1,
140470411376,1,2,2,1,1,1,
140471911376,1,2,1,1,1,1,
140472411376,1,2,1,1,1,1,
140472911376,1,2,1,1,1,1,
140473411376,1,2,1,1,1,1,
140475411376,1,2,2,1,1,1,
140477411376,1,2,1,1,1,1,
140477911376,1,2,1,1,1,1,
140479411376,1,2,2,1,1,1,
140480911376,1,2,2,2,2,2,
140483411376,1,2,1,1,1,1,
140483911376,1,2,2,1,1,1,
140484911376,1,2,1,1,1,1,
140485411376,1,2,1,1,1,1,
140485911376,1,2,1,1,1,1,
140486911376,1,2,1,1,1,1,
140489411376,1,2,1,1,1,1,
140489911376,1,2,1,1,1,1,
140490911376,1,2,1,1,1,1,
140491411376,1,2,1,1,1,1,
140491911376,1,2,1,1,1,1,
140492411376,1,2,1,1,1,1,
140494411376,1,2,1,1,1,1,
140495411376,1,2,1,2,1,2,
140497911376,1,2,2,2,1,1,
140498911376,1,2,1,1,1,1,
140499411376,1,2,2,1,1,1,
140501911376,1,2,1,1,1,1,
140502411376,1,2,1,1,1,1,
140503411376,1,2,1,1,1,1,
140505911376,1,2,2,1,1,1,
140507411376,1,2,2,2,2,2,
140507911376,1,2,1,1,1,1,
140508411376,1,2,1,1,1,1,
140508911376,1,2,1,1,1,1,
140509411376,1,2,1,1,1,1,
140509911376,1,2,2,1,1,1,
140510411376,1,2,2,1,1,1,
140511911376,1,2,1,1,1,1,
140512411376,1,2,1,2,2,1,
140512911376,1,2,1,1,1,1,
140515411376,1,2,1,1,1,1,
140515911376,1,2,1,1,1,1,
140516911376,1,2,1,1,1,1,
140517911376,1,2,1,1,1,1,
140518411376,1,2,1,1,1,1,
140518911376,1,2,1,1,1,1,
140519411376,1,2,1,1,1,1,
140521911376,1,2,2,1,1,1,
140523911376,1,2,1,1,1,1,
140524411376,1,2,2,2,2,1,
140524911376,1,2,2,1,2,1,
140525411376,1,2,1,2,1,1,
140525911376,1,2,1,1,1,1,
140526411376,1,2,1,1,1,1,
140527911376,1,2,2,1,2,2,
140528911376,1,2,2,1,1,1,
140529411376,1,2,1,1,1,1,
140529911376,1,2,1,1,1,1,
140530411376,1,2,1,1,1,1,
140531911376,1,2,1,1,1,1,
140532411376,1,2,2,2,1,1,
140533411376,1,2,2,1,1,1,
140535411376,1,2,1,1,1,1,
140536411376,1,2,1,1,1,1,
140537411376,1,2,2,2,1,1,
140538411376,1,2,2,1,1,1,
140538911376,1,2,2,2,1,1,
140540411376,1,2,1,1,2,1,
140542911376,1,2,2,1,1,1,
140543911376,1,2,1,1,1,1,
140546411376,1,2,1,1,1,1,
140546911376,1,2,2,1,1,1,
140547411376,1,2,2,2,2,1,
140547911376,1,2,1,1,2,1,
140549411376,1,2,1,2,2,2,
140549911376,1,2,1,1,1,1,
140550411376,1,2,1,1,1,1,
140552411376,1,2,2,1,1,2,
140553911376,1,2,2,2,2,2,
140554411376,1,2,1,1,1,1,
140554911376,1,2,2,2,1,2,
140555411376,1,2,2,1,1,1,
140555911376,1,2,1,1,1,1,
140556411376,1,2,1,1,1,1,
140556911376,1,2,1,1,1,1,
140558411376,1,2,2,1,1,2,
140559411376,1,2,2,2,2,2,
140559911376,1,2,1,1,1,1,
140560411376,1,2,1,1,1,1,
140560911376,1,2,1,1,1,1,
140561911376,1,2,1,2,1,2,
140562911376,1,2,1,1,1,1,
140563911376,1,2,1,1,1,1,
140564411376,1,2,1,1,2,1,
140564911376,1,2,1,1,1,1,
140567411376,1,2,1,1,1,1,
140569411376,1,2,2,1,1,1,
140570911376,1,2,1,1,1,1,
140572911376,1,2,1,1,1,1,
140573411376,1,2,1,1,1,1,
140574411376,1,2,2,1,2,2,
140575411376,1,2,1,1,1,1,
140575911376,1,2,2,1,1,1,
140576411376,1,2,1,1,1,1,
140578911376,1,2,1,1,1,1,
140579911376,1,2,2,2,1,1,
140581411376,1,2,1,1,1,1,
140583911376,1,2,2,1,1,1,
140585411376,1,2,1,2,1,2,
140586911376,1,2,1,1,1,1,
140588411376,1,2,1,2,1,1,
140589911376,1,2,2,2,2,2,
140590411376,1,2,1,1,1,1,
140590911376,1,2,1,1,1,1,
140591411376,1,2,2,1,1,1,
140591911376,1,2,1,1,1,1,
140592911376,1,2,1,2,1,1,
140593411376,1,2,1,1,1,1,
140593911376,1,2,1,1,1,1,
140594911376,1,2,1,1,1,1,
140596911376,1,2,1,1,1,1,
140597911376,1,2,1,1,1,1,
140600911376,1,2,2,1,1,1,
140601411376,1,2,1,1,1,1,
140602411376,1,2,1,1,1,1,
140603911376,1,2,2,1,2,2,
140604411376,1,2,2,1,1,1,
140604911376,1,2,2,1,1,1,
140605411376,1,2,1,1,1,1,
140606411376,1,2,2,2,1,1,
140607411376,1,2,1,1,1,1,
140607911376,1,2,1,1,1,1,
140608911376,1,2,1,1,1,1,
140610411376,1,2,1,1,1,1,
140610911376,1,2,1,1,1,1,
140611911376,1,2,1,1,1,1,
140612411376,1,2,2,2,2,1,
140612911376,1,2,2,1,2,1,
140613411376,1,2,2,2,2,2,
140615411376,1,2,1,1,1,1,
140615911376,1,2,1,1,1,1,
140617411376,1,2,2,1,2,2,
140617911376,1,2,1,1,1,1,
140618411376,1,2,2,1,1,1,
140620411376,1,2,1,1,1,1,
140621411376,1,2,1,1,1,1,
140625411376,1,2,1,1,1,1,
140625911376,1,2,1,1,1,1,
140626911376,1,2,1,1,1,1,
140627411376,1,2,1,1,1,1,
140628411376,1,2,1,1,1,1,
140628911376,1,2,1,2,1,2,
140629411376,1,2,1,1,1,1,
140630411376,1,2,1,1,1,1,
140630911376,1,2,1,1,1,1,
140632411376,1,2,2,2,2,2,
140632911376,1,2,1,1,1,1,
140634411376,1,2,1,1,1,1,
140634911376,1,2,1,1,1,1,
140635411376,1,2,1,1,1,1,
140636411376,1,2,2,1,1,1,
140637411376,1,2,1,2,1,1,
140638911376,1,2,1,1,1,1,
140639911376,1,2,1,1,1,1,
140641911376,1,2,2,1,1,1,
140642411376,1,2,1,1,1,1,
140642911376,1,2,1,1,1,1,
140643411376,1,2,1,1,1,1,
140644411376,1,2,1,1,1,1,
140644911376,1,2,1,1,1,1,
140645411376,1,2,2,1,1,1,
140645911376,1,2,2,1,1,1,
140646411376,1,2,1,1,1,1,
140646911376,1,2,2,1,1,1,
140648911376,1,2,1,1,1,1,
140649911376,1,2,2,2,1,1,
140651411376,1,2,1,1,1,1,
140653911376,1,2,2,1,1,2,
140654411376,1,2,2,2,1,1,
140654911376,1,2,2,1,1,1,
140656411376,1,2,1,1,1,1,
140656911376,1,2,1,1,1,1,
140657911376,1,2,2,2,1,1,
140658911376,1,2,2,1,1,1,
140659411376,1,2,2,1,1,1,
140659911376,1,2,1,1,1,1,
140660411376,1,2,1,2,1,1,
140660911376,1,2,2,2,1,1,
140661411376,1,2,1,1,1,1,
140661911376,1,2,1,1,1,1,
140662411376,1,2,1,1,1,1,
140662911376,1,2,1,1,1,1,
140663411376,1,2,2,1,1,1,
140664411376,1,2,1,1,1,1,
140664911376,1,2,2,2,2,2,
140665411376,1,2,1,1,1,1,
140666411376,1,2,1,1,1,1,
140666911376,1,2,1,1,1,1,
140667911376,1,2,1,2,1,1,
140668411376,1,2,1,1,2,2,
140668911376,1,2,2,2,1,1,
140669411376,1,2,1,1,1,1,
140670411376,1,2,1,1,1,1,
140670911376,1,2,1,1,1,1,
140671411376,1,2,1,2,1,2,
140671911376,1,2,1,1,1,1,
140674411376,1,2,2,1,1,1,
140674911376,1,2,1,1,1,1,
140676911376,1,2,2,1,1,1,
140679411376,1,2,2,1,1,1,
140682911376,1,2,1,1,1,1,
140683411376,1,2,1,1,1,1,
140684911376,1,2,2,1,2,1,
140685411376,1,2,1,1,1,1,
140685911376,1,2,1,1,1,1,
140687411376,1,2,1,1,1,1,
140687911376,1,2,1,1,1,1,
140688911376,1,2,1,1,1,1,
140689911376,1,2,1,1,1,2,
140690411376,1,2,2,1,1,1,
140690911376,1,2,2,1,1,1,
140691411376,1,2,1,1,1,1,
140692911376,1,2,1,1,1,1,
140693911376,1,2,1,1,1,1,
140694411376,1,2,1,1,1,1,
140695411376,1,2,1,1,1,1,
140696411376,1,2,1,1,1,1,
140696911376,1,2,2,1,2,2,
140697411376,1,2,1,1,1,1,
140700411376,1,2,2,2,1,2,
140701411376,1,2,1,1,1,1,
140702911376,1,2,1,1,1,1,
140703911376,1,2,1,1,1,1,
140704911376,1,2,1,1,1,1,
140706411376,1,2,1,1,1,1,
140706911376,1,2,1,1,1,1,
140707411376,1,2,1,1,1,1,
140709911376,1,2,1,1,1,1,
140710411376,1,2,1,1,1,1,
140711911376,1,2,1,2,1,1,
140712411376,1,2,1,2,2,1,
140712911376,1,2,2,1,1,1,
140714411376,1,2,2,1,1,1,
140714911376,1,2,1,1,1,1,
140715411376,1,2,1,1,1,1,
140716411376,1,2,1,1,1,1,
140719411376,1,2,1,1,1,1,
140719911376,1,2,1,2,2,1,
140720911376,1,2,1,1,1,1,
140721411376,1,2,2,2,2,2,
140722911376,1,2,1,1,1,1,
140723911376,1,2,1,1,1,1,
140725411376,1,2,1,1,1,1,
140725911376,1,2,1,1,1,1,
140726411376,1,2,1,1,1,1,
140728911376,1,2,1,1,1,1,
140729911376,1,2,2,2,2,1,
140730411376,1,2,1,1,1,1,
140731411376,1,2,2,1,1,1,
140734411376,1,2,2,2,1,1,
140734911376,1,2,1,1,1,1,
140735911376,1,2,2,1,2,2,
140737411376,1,2,2,1,2,1,
140739411376,1,2,1,1,1,1,
140739911376,1,2,1,1,1,1,
140741411376,1,2,1,1,1,1,
140742411376,1,2,1,1,1,1,
140742911376,1,2,2,2,1,1,
140743911376,1,2,1,1,1,1,
140745911376,1,2,1,1,1,1,
140746411376,1,2,1,1,1,1,
140747911376,1,2,1,1,1,1,
140748411376,1,2,1,1,1,1,
140749411376,1,2,2,1,1,1,
140750911376,1,2,1,1,1,1,
140751911376,1,2,1,1,1,1,
140753911376,1,2,2,1,1,1,
140754411376,1,2,1,1,1,1,
140754911376,1,2,1,1,1,1,
140755911376,1,2,1,1,1,1,
140758411376,1,2,2,2,2,1,
140764411376,1,2,1,1,1,1,
140764911376,1,2,1,1,1,1,
140765911376,1,2,1,1,1,1,
140766411376,1,2,2,1,1,2,
140769411376,1,2,1,1,1,1,
140770911376,1,2,2,2,2,2,
140771411376,1,2,2,1,1,1,
140771911376,1,2,2,1,1,1,
140772411376,1,2,2,1,1,1,
140772911376,1,2,1,1,1,1,
140773411376,1,2,2,2,2,1,
140775911376,1,2,2,2,1,1,
140777911376,1,2,1,1,1,1,
140778411376,1,2,1,1,1,1,
140779411376,1,2,1,1,1,1,
140779911376,1,2,1,1,1,1,
140780411376,1,2,2,1,2,2,
140780911376,1,2,2,1,1,1,
140781411376,1,2,1,1,1,1,
140782411376,1,2,1,1,1,1,
140782911376,1,2,1,1,1,1,
140783411376,1,2,1,1,1,1,
140784411376,1,2,1,1,1,1,
140784911376,1,2,1,1,1,1,
140785411376,1,2,2,1,1,1,
140787411376,1,2,1,1,1,1,
140788911376,1,2,2,2,2,1,
140789411376,1,2,1,1,1,1,
140790411376,1,2,2,2,2,2,
140790911376,1,2,2,1,2,2,
140792411376,1,2,1,1,1,1,
140793411376,1,2,1,1,1,1,
140794911376,1,2,1,1,1,1,
140795911376,1,2,1,1,1,1,
140796411376,1,2,2,1,1,1,
140796911376,1,2,2,2,2,2,
140799411376,1,2,1,1,1,1,
140799911376,1,2,1,1,1,1,
140800911376,1,2,1,1,1,1,
140801411376,1,2,2,2,2,2,
140802911376,1,2,1,1,1,1,
140803911376,1,2,2,1,1,1,
140805911376,1,2,2,2,1,2,
140809411376,1,2,1,1,1,1,
140811911376,1,2,2,1,1,1,
140812411376,1,2,2,1,1,1,
140812911376,1,2,1,1,1,1,
140813911376,1,2,1,1,1,1,
140814911376,1,2,1,1,1,1,
140815911376,1,2,1,1,1,1,
140816411376,1,2,2,1,1,1,
140816911376,1,2,2,1,1,1,
140817911376,1,2,2,1,1,1,
140818411376,1,2,1,1,1,1,
140818911376,1,2,1,1,1,1,
140819411376,1,2,1,1,1,1,
140820411376,1,2,1,1,1,1,
140822411376,1,2,1,2,1,2,
140823411376,1,2,1,1,1,1,
140826411376,1,2,1,1,1,1,
140827911376,1,2,1,1,1,1,
140828411376,1,2,1,2,1,2,
140829411376,1,2,1,1,1,1,
140830411376,1,2,2,2,1,1,
140830911376,1,2,2,2,2,2,
140831411376,1,2,2,2,1,1,
140831911376,1,2,1,1,1,1,
140832411376,1,2,1,1,1,1,
140832911376,1,2,2,2,2,2,
140833411376,1,2,2,1,1,2,
140833911376,1,2,1,1,1,1,
140835411376,1,2,2,1,1,1,
140837411376,1,2,1,1,1,1,
140838411376,1,2,1,1,1,1,
140838911376,1,2,1,2,2,2,
140840411376,1,2,1,1,1,1,
140843411376,1,2,1,1,1,1,
140846911376,1,2,1,2,2,1,
140847411376,1,2,1,1,1,1,
140847911376,1,2,2,2,2,1,
140848411376,1,2,2,1,1,1,
140848911376,1,2,1,1,1,1,
140849911376,1,2,1,2,2,1,
140851911376,1,2,1,1,1,1,
140852411376,1,2,1,1,1,1,
140853911376,1,2,2,2,1,2,
140854411376,1,2,1,1,1,1,
140854911376,1,2,1,2,1,1,
140855411376,1,2,1,1,1,1,
140856411376,1,2,1,1,1,1,
140856911376,1,2,2,1,1,1,
140857411376,1,2,2,1,1,1,
140858411376,1,2,2,1,1,2,
140860411376,1,2,1,1,1,1,
140861911376,1,2,1,2,2,1,
140862411376,1,2,1,1,1,1,
140863411376,1,2,1,1,1,1,
140863911376,1,2,2,1,1,1,
140864911376,1,2,1,1,1,1,
140865911376,1,2,1,1,1,1,
140866911376,1,2,1,2,2,2,
140867411376,1,2,1,1,1,1,
140868411376,1,2,2,2,2,2,
140868911376,1,2,2,1,1,1,
140869411376,1,2,1,1,1,1,
140870411376,1,2,2,2,1,1,
140871411376,1,2,2,1,1,1,
140872911376,1,2,1,1,1,1,
140873411376,1,2,1,1,1,1,
140873911376,1,2,1,1,1,1,
140874411376,1,2,1,1,2,1,
140874911376,1,2,1,1,1,1,
140875411376,1,2,2,1,1,1,
140875911376,1,2,1,1,1,1,
140876411376,1,2,2,1,2,1,
140876911376,1,2,1,1,1,1,
140877411376,1,2,1,1,1,1,
140878411376,1,2,1,1,1,1,
140880411376,1,2,1,1,1,1,
140882911376,1,2,1,1,1,1,
140883411376,1,2,1,1,1,1,
140883911376,1,2,1,1,1,1,
140884911376,1,2,2,1,1,1,
140885411376,1,2,1,1,1,1,
140886911376,1,2,1,1,1,1,
140887411376,1,2,1,1,1,1,
140887911376,1,2,1,1,1,1,
140888911376,1,2,2,1,1,2,
140889411376,1,2,1,1,1,1,
140891911376,1,2,1,1,1,1,
140893411376,1,2,1,1,1,1,
140894411376,1,2,2,1,1,1,
140894911376,1,2,1,2,1,1,

