,W-0,R-0,R-1,R-2,R-3,R-4,
130294232350,29501,20285,11966,6808,8763,12227,
130295732350,300000,88512,93715,93419,87026,97468,
130296732350,14231,12115,14460,4938,7439,8849,
130297732350,88752,13030,14064,5280,18224,9217,
130298732350,51318,14488,30630,20279,20008,20476,
130299232350,190849,12050,14097,16227,6936,19955,
130299732350,156215,11930,3012,4891,7072,8897,
130300232350,46338,12426,2968,5151,7123,9001,
130300732350,25269,12083,14895,4981,7083,8928,
130301232350,150341,12181,14129,16343,7098,9021,
130302732350,100938,11937,2982,4974,6972,9366,
130303732350,24490,11888,3093,4909,7094,8934,
130304232350,38454,12383,14031,15904,20529,8987,
130304732350,19390,12096,14114,4944,6957,9027,
130305232350,17624,12510,3048,5170,7043,9131,
130305732350,11751,12173,3042,5063,8113,9247,
130306232350,32021,12021,13761,4975,6873,9040,
130306732350,31974,12387,3014,5203,6933,8988,
130307732350,34620,12528,2879,4873,6868,8935,
130308232350,40889,12270,2989,5060,6854,8959,
130308732350,50589,12515,3052,5182,6957,9035,
130309232350,19510,12450,14215,5035,7223,9041,
130310232350,25023,12441,3087,5067,6869,8942,
130311232350,45483,12427,3183,4980,6962,9451,
130311732350,18095,12364,13766,15583,6925,8801,
130313732350,46251,12648,2966,5510,7080,9018,
130314232350,18434,12073,13623,4943,7039,8901,
130314732350,39815,12222,14903,4890,17891,8832,
130315232350,134254,12492,3107,5182,7035,8887,
130315732350,43126,12702,14441,16069,7106,9289,
130318232350,35870,11754,3104,4922,7226,8808,
130319232350,22049,12576,3043,4834,7062,8788,
130319732350,41240,22889,25278,4854,6794,20059,
130320232350,16072,11868,3006,16289,6982,8901,
130320732350,31293,13601,3195,5023,6958,9215,
130321232350,64222,11724,2948,4857,6848,8873,
130322232350,43171,12339,2999,4913,6947,8850,
130322732350,47319,12015,14011,4926,7034,8849,
130323232350,10357,11802,2985,4787,6863,8921,
130325232350,40939,12092,2944,5056,7095,8976,
130325732350,34096,12066,2925,5005,6820,8731,
130327232350,33157,12302,3164,4921,7616,9240,
130327732350,26037,15273,2940,4901,6942,8845,
130328232350,45892,12309,14030,26836,6871,19775,
130328732350,49648,12513,3072,4984,6985,9019,
130329732350,234958,12500,3137,4958,6898,9037,
130331232350,44735,12225,2979,5044,6893,8893,
130331732350,19133,12263,14073,5007,7203,8958,
130332232350,34395,12487,3177,5224,7010,9059,
130333232350,23810,12240,2892,4967,6872,8914,
130334732350,46260,23149,24988,16029,40042,30780,
130335732350,30318,12050,2998,4875,6914,8976,
130337232350,12024,12536,2994,4776,7139,8985,
130337732350,21507,11942,2836,4855,6892,9462,
130338732350,34979,11903,2929,4979,6843,9386,
130339232350,37924,24588,2889,4911,17802,8760,
130340732350,31542,12856,3230,4938,7466,8911,
130341232350,11533,12427,3020,4920,7121,8986,
130341732350,38104,23274,3019,5068,17879,9383,
130342232350,24973,11966,13861,4912,6881,8814,
130344232350,29402,11957,3492,4851,6966,8958,
130346232350,33003,11978,2893,4819,6787,8793,
130346732350,28930,11907,14278,4840,6930,8892,
130348232350,100773,23232,2960,4940,6959,8881,
130349732350,37139,12177,3426,4953,7367,8878,
130352232350,92881,12079,3327,4798,6817,8764,
130352732350,35778,11919,2891,5019,6893,8982,
130353732350,101642,12541,36276,16606,17977,19791,
130354232350,36904,12150,13988,4872,6885,19719,
130354732350,52414,12103,3276,4971,6968,9065,
130355732350,123089,12153,2985,4834,6871,8906,
130358232350,42186,12418,3214,4846,6902,8998,
130358732350,31892,12068,3307,5158,6918,9148,
130359732350,63812,12081,3187,4876,7002,8829,
130360232350,219045,11872,57575,15932,28945,9022,
130360732350,46613,12244,3227,4984,7042,9397,
130361232350,39313,12063,2953,4833,6812,8965,
130363232350,35951,12228,3060,4842,6919,8837,
130364232350,19906,55131,13850,4817,17802,30374,
130366732350,37639,12269,2851,4793,6848,8953,
130367732350,55798,12076,3267,4847,6996,8857,
130368232350,43305,12060,2866,4787,6803,8783,
130370732350,55895,12495,2855,4856,6921,8812,
130371232350,32981,33984,2907,4889,28813,19529,
130372232350,8025,11995,13788,4865,6799,8772,
130374732350,22406,11923,2802,4791,6895,8836,
130376232350,14499,11978,14118,15771,17945,19774,
130376732350,110874,12501,3167,4994,6965,8808,
130377232350,24326,11706,13577,4938,6831,8866,
130377732350,56474,11731,2873,4765,6836,8776,
130378232350,28178,11847,3173,4848,6774,8842,
130378732350,43166,11797,13837,5104,7283,8772,
130379232350,9915,12237,13704,15554,6816,8834,
130380732350,60807,12329,2986,4889,6767,8934,
130381232350,35760,12054,2991,4878,6779,8819,
130381732350,14120,11897,2874,4766,7089,8913,
130384232350,19857,12104,3195,5222,6852,8785,
130384732350,47866,11904,13538,4776,17795,19729,
130385732350,48698,12542,13805,16297,6758,8922,
130386732350,10003,12358,3098,5053,6980,8931,
130387232350,10982,12290,13907,15743,17911,8883,
130387732350,42709,12005,2875,4771,6899,8831,
130388232350,11961,12133,2911,5642,7288,9029,
130390732350,57954,12120,2988,4891,6949,9093,
130392732350,46114,11820,3144,5240,7527,8817,
130393232350,26836,11995,13785,4876,6831,8770,
130393732350,12896,12002,2818,4802,6799,19770,
130394232350,16571,12104,15210,4869,6917,8899,
130394732350,20542,67217,3327,15588,10245,19747,
130395232350,68077,11845,14116,4866,6958,8808,
130396732350,40162,12119,3037,5040,6819,8999,
130397732350,47501,11866,13945,5047,6881,9160,
130398232350,28100,11615,3078,4783,6838,8896,
130398732350,43021,22857,14308,16029,17752,8815,
130399232350,29284,11617,3338,5182,6858,9361,
130400732350,28477,11838,13882,4799,6819,8770,
130401232350,141685,11879,2803,4798,6949,9246,
130402232350,39247,11930,13740,4842,6915,8907,
130404232350,19859,12269,2907,4890,7032,9045,
130405232350,21055,11802,13942,5116,6973,8826,
130406232350,34185,12291,3041,4991,6889,9028,
130407232350,29625,12109,3503,4859,6934,8815,
130407732350,28231,12608,13962,4792,6905,8848,
130409232350,35036,12480,13893,4817,6887,8999,
130411732350,35917,55558,57983,49390,39881,64890,
130412732350,58477,23613,2853,4915,7037,8870,
130415232350,41817,12020,3015,5035,6871,8885,
130415732350,224022,11927,2746,4916,6839,9047,
130416232350,30903,11750,2849,4788,6783,8765,
130416732350,48915,12009,13917,15978,17870,8903,
130418232350,52361,22971,13950,5177,17788,8802,
130418732350,40367,12125,2872,15623,17686,19690,
130419232350,55216,11871,3204,4909,7019,8889,
130421232350,26404,11741,2842,4959,7051,8810,
130422732350,40218,11994,13870,5046,6808,8917,
130423232350,10461,23402,2867,15740,17427,8959,
130423732350,88051,11768,3003,4959,7050,8823,
130424232350,34510,11889,2895,37468,28484,8862,
130424732350,37836,13067,3536,4877,6873,8833,
130425232350,29212,11716,2998,5006,6877,8841,
130425732350,29053,11967,13837,5136,6912,8799,
130427232350,10949,11718,3224,4775,6820,8798,
130428232350,44788,11749,2760,4802,6808,8721,
130428732350,36751,12231,13683,4919,50719,19904,
130429232350,31121,24401,25352,15541,17738,19693,
130429732350,11777,23359,13808,15538,17498,8922,
130430732350,12096,11905,2923,4760,6820,8785,
130431732350,28958,11739,13616,4782,6911,8760,
130432732350,26886,11956,2841,4916,6841,8859,
130433232350,41938,11808,3013,4760,6788,8778,
130433732350,22645,11951,2831,4853,6790,8908,
130436232350,17941,12360,3029,5037,6873,8817,
130438232350,112587,12264,14283,5068,7084,8917,
130439732350,43963,11983,13491,4895,6813,8911,
130441732350,13993,11898,2768,4780,6768,8799,
130442232350,42726,11838,2983,4841,6767,8849,
130443232350,44496,11995,2918,5200,6906,8860,
130444232350,23340,12246,13690,4790,6909,8799,
130444732350,45104,11934,2888,4858,6780,8831,
130445232350,25442,12299,2866,4938,7005,8891,
130447732350,46572,11865,2848,4838,6794,8837,
130448732350,13926,44210,3318,4720,39435,19627,
130450232350,10854,11913,3096,4885,6962,8923,
130452732350,170902,12088,2939,4834,6956,8855,
130454232350,85164,12247,2947,5109,6874,8909,
130455732350,30277,11448,2947,4951,6938,8936,
130457232350,300000,44801,35690,15794,6956,8856,
130458732350,29900,11845,2899,4848,6848,8760,
130459232350,40066,11807,14427,5038,6838,8832,
130459732350,32160,11811,13794,15453,17800,9107,
130460232350,69641,11938,2863,4971,6901,8882,
130460732350,23406,12127,2874,5148,7015,9259,
130461732350,40564,12194,13839,16760,7093,8942,
130462232350,20038,12455,14535,4916,6964,9189,
130462732350,25053,11646,2903,4837,6840,8855,
130463732350,9902,11940,2996,4877,6883,8941,
130465732350,18544,11953,2885,4854,6903,8796,
130466732350,14483,12239,14070,4788,6708,8872,
130469732350,173589,12277,13774,4819,6817,8905,
130470232350,16529,11924,13589,4871,6938,8759,
130471232350,38710,11840,13573,4817,6864,8840,
130472732350,16607,12078,2772,4868,6785,9017,
130473232350,9185,11862,3010,26793,6917,8980,
130473732350,53218,23220,24610,5143,6902,8790,
130474232350,11203,11890,2864,4781,6857,8806,
130475232350,30141,11956,2915,4977,7212,8805,
130476232350,300000,11850,2864,4778,6769,8842,
130476732350,59085,33744,47918,16412,43288,32429,
130477732350,11367,22907,2834,4757,17952,19583,
130479232350,28384,12315,13819,26300,6829,19906,
130479732350,53983,11942,13574,4810,6763,8756,
130480732350,56036,11969,13872,4969,6820,8935,
130481232350,54115,13034,35687,26472,28294,19645,
130481732350,46561,22961,24955,4807,6776,30608,
130482232350,44965,12368,13830,26368,28358,9332,
130484232350,NULL,NULL,NULL,NULL,NULL,NULL,
130484732350,55487,19174,19057,10698,10346,15729,
130486232350,38209,11503,2865,4700,6901,19601,
130486732350,33708,12200,2881,4804,6933,8951,
130487232350,7965,12068,3015,5358,6797,8855,
130489232350,45099,11537,13726,15642,18229,8719,
130490232350,40890,12127,13548,4847,6993,8950,
130494232350,7029,12126,2889,4980,7141,9002,
130494732350,48286,12125,2933,5166,6868,8776,
130495732350,29876,11801,2825,4893,6945,8893,
130496232350,45035,11787,13638,15713,6899,9185,
130497232350,12821,23081,13898,15648,6979,9062,
130497732350,16208,11910,2770,4792,6862,8799,
130498232350,37490,12362,13720,4879,7206,8865,
130499232350,27438,12379,13763,4965,6949,8839,
130499732350,8011,11796,13594,26426,17455,8802,
130501232350,44267,12163,14168,15762,7136,9165,
130501732350,22698,11844,2800,4692,6766,8737,
130503232350,34355,12072,13881,4837,6932,8838,
130503732350,20757,11952,14163,4873,7144,8839,
130504232350,86463,11583,2859,4712,6798,8763,
130505232350,14606,11957,2785,4787,6856,8878,
130506232350,16743,11994,3646,4834,6836,8833,
130507732350,34364,11767,13558,4628,6748,8800,
130508732350,25576,11864,2951,4865,6741,8991,
130510732350,37099,11950,2928,4844,6937,8734,
130511232350,23548,11744,2771,4784,6860,8782,
130511732350,50286,12004,13864,5020,6912,8957,
130512232350,8370,11695,2865,4884,6800,8794,
130513232350,10977,12206,2918,4753,6929,8818,
130513732350,15104,23042,13726,16000,28611,41765,
130514232350,23225,11893,2997,4767,6938,8838,
130514732350,46165,11625,3004,4871,6804,8817,
130515232350,300000,11960,3209,5036,6836,8911,
130515732350,171249,12096,2925,4825,6994,8772,
130517732350,18490,22334,24327,7635,28998,8798,
130518732350,32275,86627,88789,90515,94998,95292,
130520232350,65725,23801,94255,28617,19239,20329,
130522732350,39835,12611,13934,4609,7047,8785,
130523232350,26257,11848,2799,4813,6798,9129,
130523732350,7424,11870,3056,15694,17754,19417,
130525232350,90958,11906,2921,4843,18096,8945,
130525732350,17779,11900,3046,5117,6869,9063,
130526732350,42901,11536,18880,8519,8598,8834,
130527732350,69977,11916,2801,4811,6881,8728,
130528232350,34979,22187,13619,15440,17503,19554,
130528732350,125520,11567,2806,4785,6840,8869,
130529232350,31259,11591,2894,4799,6777,8742,
130529732350,58423,34117,25208,48506,28799,9297,
130530232350,24649,13432,3188,4870,6870,8942,
130530732350,39883,11769,13740,4757,6829,8777,
130531232350,54905,11761,2849,4783,6845,8792,
130531732350,40467,11611,2878,4915,6772,9164,
130532232350,26419,22211,24212,4761,6804,19403,
130533232350,28927,11785,3540,4878,6840,8781,
130533732350,16038,11866,13500,15414,6839,8782,
130534232350,32034,11599,2913,5236,6707,8699,
130535232350,39811,11921,2843,4882,6805,8887,
130535732350,214479,55279,67573,59016,61155,74554,
130536732350,41459,11874,13511,4836,6793,8933,
130537232350,14228,11758,2790,4783,6756,8856,
130537732350,29387,11875,2764,4843,6815,8762,
130538232350,29331,12066,14194,5129,6825,8864,
130539232350,48124,22528,2915,5503,6885,8802,
130539732350,28998,12082,2858,4783,6867,8957,
130540232350,37046,11965,2835,4739,6768,8853,
130540732350,42899,11810,2915,4768,6758,8820,
130543232350,33823,11874,2860,4808,6812,8817,
130543732350,26986,11756,2831,4777,6756,8800,
130545732350,71955,11890,13849,15719,17870,9113,
130548232350,32550,11928,14220,4989,7056,9742,
130551732350,25156,11970,2935,4779,6822,8787,
130552232350,38575,11740,2855,4839,6763,8708,
130553732350,43495,11930,2813,4738,7004,8910,
130554232350,42318,11923,2881,4803,6820,9134,
130554732350,37029,11825,2930,5097,6837,8905,
130556232350,12751,12111,2911,15581,6929,8831,
130556732350,17116,11618,2793,4838,6891,8727,
130557732350,75360,11956,2730,15301,7556,30338,
130558732350,20978,11592,2804,4817,6898,8811,
130559232350,25242,11729,2967,5162,6901,8843,
130559732350,23241,11704,2852,4717,6816,8638,
130560232350,16822,11726,2838,4735,6895,8767,
130561732350,34377,11958,2962,4777,6899,8749,
130562732350,36928,11600,2782,4805,6850,8779,
130563232350,18146,16121,4998,5163,6847,8771,
130564232350,20069,11939,2916,4781,6880,8825,
130565232350,57372,12069,2916,4857,6847,8866,
130565732350,29492,11599,2991,4846,6857,8857,
130566232350,44927,11954,13498,4767,7253,8849,
130569232350,21415,11839,2785,4843,6839,8859,
130570232350,10465,23039,13840,15427,6802,19425,
130571732350,32921,11717,14554,4800,6763,8781,
130572732350,10950,11922,2950,4885,6856,8842,
130573732350,40891,11840,2945,4825,6888,8861,
130575232350,26819,45107,13684,15499,6851,30102,
130575732350,18462,11930,13617,4892,6930,8735,
130576232350,173319,11625,13486,4758,6815,8800,
130578732350,47934,13013,3374,4883,11254,12214,
130579232350,32871,11712,2696,4751,6714,8582,
130580732350,20926,11935,2936,4646,6873,8861,
130581232350,28788,12047,2807,4866,6756,8768,
130581732350,45261,12268,13903,5231,6834,9027,
130583232350,11308,11844,2977,4941,7044,8705,
130583732350,59716,65571,2830,15889,17958,8834,
130584232350,11335,11791,13714,5030,6903,8897,
130585232350,46913,11942,2790,4848,6844,8758,
130588232350,28326,12402,3333,4820,6853,8828,
130588732350,32518,11801,2945,4870,17565,30133,
130589732350,29017,11809,2975,4957,6781,8858,
130590232350,38308,13138,3027,4988,6935,8916,
130591732350,41943,12170,3178,5171,7047,8991,
130592732350,25923,11901,2892,4924,7141,8721,
130594232350,46363,11853,14117,4752,6775,8921,
130594732350,18440,11494,2805,4773,6931,8721,
130595232350,38052,11854,13613,4776,6799,8871,
130597732350,43959,11752,13611,4798,6793,8949,
130598732350,33219,11770,2778,4806,6719,8738,
130599232350,26375,11775,13601,4892,6794,8885,
130600232350,32386,11844,2885,4839,6854,8791,
130603232350,19127,11855,2813,4745,6776,8683,
130603732350,65312,12309,3116,5131,7090,8831,
130604732350,34843,11935,13794,4789,6814,8840,
130606232350,50045,11866,3017,4898,6818,8892,
130608232350,52797,11941,13381,4702,6895,8800,
130608732350,23396,11856,2814,4782,6749,8707,
130610232350,32239,12161,2870,15770,7015,9064,
130611232350,11539,12010,3108,5049,6940,8956,
130611732350,73018,11766,2917,15588,17608,19564,
130612732350,43952,12522,3009,5116,6857,8804,
130614732350,99773,23010,13832,27325,28623,8968,
130615232350,69319,11918,2855,4778,7272,9440,
130616732350,15515,11640,3174,5156,6945,9014,
130617232350,34560,11834,13805,4719,17856,19455,
130618232350,31176,11819,2817,4755,6808,8762,
130619732350,37224,11701,13634,4792,6821,8824,
130620732350,40185,12013,14186,15470,17533,8778,
130622732350,10757,12353,2799,5297,6836,8839,
130623232350,50967,11591,2881,4771,6796,8766,
130623732350,24201,11685,13420,16034,17791,19559,
130624732350,32386,11685,2804,4734,6790,8758,
130627232350,29864,11855,13761,4912,7113,8851,
130633232350,47105,11753,13561,4754,6790,8788,
130633732350,39537,11932,2779,4985,6880,8905,
130634732350,35827,11741,13598,4911,6812,8866,
130635232350,23224,15376,15403,15722,6816,8795,
130638232350,44947,12412,3080,5119,7085,9316,
130639732350,156307,108939,100560,112553,103897,105829,
130640232350,26079,11780,13446,26551,6847,8786,
130640732350,29312,11898,2756,4878,6758,8738,
130641232350,172421,11557,2847,5339,6830,9446,
130641732350,25510,11862,2834,4815,6735,8927,
130642232350,22906,12080,36001,4914,6941,30912,
130644732350,17519,11504,2877,15588,20609,8853,
130646732350,62430,12100,2937,4876,7058,8845,
130647232350,39988,4435,4196,4875,6792,8897,
130648232350,39524,11578,2832,4869,6855,8773,
130648732350,30212,11964,2955,4935,6934,8802,
130649232350,24097,11632,3029,4835,6770,8738,
130649732350,30874,11959,2857,4733,6855,8769,
130650232350,36895,11643,2935,4826,6769,8836,
130651232350,173225,12215,13802,4962,6891,8859,
130651732350,24954,11454,2773,4870,6855,8645,
130652232350,39805,12305,13754,4846,6877,8918,
130653232350,32611,12385,3888,5130,6918,8837,
130653732350,13399,14351,3809,5102,6986,8984,
130654232350,39740,11757,13579,4808,6823,8772,
130656232350,44848,12104,3500,5178,7505,8964,
130657732350,63378,11930,2878,4810,6833,8750,
130658232350,16300,12160,3040,16411,6909,8941,
130659232350,40129,22762,13764,16091,17879,9007,
130659732350,14860,11825,2777,5241,6775,8830,
130661232350,54477,22791,13889,26392,6942,19643,
130662232350,38884,11873,3042,4893,6874,8950,
130663732350,14913,11619,2781,4729,6779,8861,
130664732350,39537,12370,13813,4809,6832,8790,
130665232350,11375,11773,2820,4934,6772,8735,
130665732350,26491,12212,2837,4763,7200,8829,
130668232350,35086,11966,2984,4846,6876,8892,
130668732350,19564,11747,2802,4876,6783,8759,
130669732350,110473,11853,2976,4987,6827,8938,
130670232350,176147,12052,2947,4919,6776,8934,
130671732350,23043,11770,13793,4857,6923,8803,
130672732350,40868,11908,2820,4758,6760,8829,
130674732350,29538,11904,13539,4875,6890,9005,
130678232350,42645,12299,14300,4861,7276,8752,
130680732350,43552,11794,13802,15731,6774,8913,
130681232350,23924,11602,2940,4763,6723,8712,
130681732350,10760,11827,2696,4788,6835,8791,
130682732350,45938,12254,13552,5058,6889,8786,
130683732350,13932,12064,14205,15543,17587,19455,
130684732350,26868,11844,2839,4764,6854,8839,
130685232350,30125,12076,2871,4855,6830,8906,
130685732350,61606,11950,2992,15780,6933,8888,
130686732350,47977,12031,13787,4860,6780,8756,
130687232350,11047,12057,2887,4635,6786,8795,
130687732350,43426,11719,2703,15451,6721,8757,
130688232350,50865,11736,2831,4751,6730,8996,
130689232350,51980,11962,13430,4883,6775,8699,
130691232350,34028,11789,2968,4896,6792,8920,
130692232350,47070,11942,2869,4755,6771,8788,
130695232350,34586,4135,4466,4879,6852,8876,
130696732350,44999,11748,13812,4777,6800,8925,
130697232350,17209,11863,2956,4754,7346,8827,
130698232350,16111,12202,2944,4869,6873,8825,
130699232350,45559,12065,2970,4797,6738,8864,
130699732350,35437,11537,2748,4796,6814,8760,
130700232350,31214,12399,2986,4807,6775,8764,
130700732350,63368,12003,2978,4860,6861,8728,
130701232350,77325,11594,2737,4731,6760,8800,
130701732350,194088,11522,2875,4783,6760,8762,
130702232350,38826,11866,2930,5151,6861,8826,
130702732350,30886,11543,2832,15442,6785,8969,
130704232350,85286,12004,3095,4966,6920,8752,
130706232350,38617,33858,24429,4727,6998,19900,
130707232350,43284,11886,24604,5044,18045,9222,
130707732350,52266,11872,2803,5206,7502,9038,
130709232350,167120,12016,3062,5137,6900,8801,
130712232350,250419,23400,35976,15970,6921,9118,
130715732350,69759,11914,13716,4786,6823,8799,
130716232350,34559,12337,2824,4817,7534,8873,
130716732350,20313,11773,2885,4815,6882,8791,
130717232350,52940,12133,3088,5132,7127,8829,
130717732350,16178,11905,2878,4821,6897,9069,
130718732350,17824,12694,13806,4805,7023,8898,
130720732350,42601,11713,2816,4890,7034,9516,
130721232350,12383,11596,2891,4824,6853,9478,
130722732350,17872,11634,2882,4925,6817,8887,
130723232350,27237,11852,3086,4780,6752,8774,
130723732350,42471,11724,2769,4705,6953,8919,
130724232350,28415,35037,13885,26532,28559,40898,
130725232350,49768,11801,13639,4840,6773,8880,
130725732350,32913,11794,2818,4845,6784,8757,
130726232350,15124,12414,13861,5060,6922,8905,
130727232350,45605,11973,13587,15547,6792,8859,
130729232350,22275,11829,3000,4878,6883,8818,
130730732350,25837,11603,2876,4612,6781,8871,
130731232350,34992,11529,3172,4790,6821,8931,
130732232350,86759,11770,3021,5008,6938,8871,
130732732350,30901,11749,13622,4753,17695,8945,
130733732350,38225,11929,3266,4971,6926,8876,
130734732350,30223,11877,2846,4718,6809,8829,
130735732350,38103,12019,2865,15483,7201,9251,
130736232350,44794,12042,2808,4861,10201,10822,
130737232350,48249,11781,13566,4883,6919,8855,
130737732350,33121,12933,3061,4893,6841,8844,
130738232350,76178,12050,13681,4784,6835,8859,
130739232350,37303,11808,2958,4750,6779,8842,
130740232350,33252,12048,13796,4962,6807,19534,
130741732350,24979,11800,13588,4779,6739,8750,
130742232350,41773,11800,13809,4795,6863,8613,
130742732350,19723,12173,3147,4856,6770,8932,
130743232350,35325,12284,2964,15554,17573,8939,
130743732350,56282,12051,2933,4936,28636,20016,
130744232350,42262,11535,13585,4781,6817,8772,
130744732350,18889,11753,3333,4792,6847,8908,
130745232350,34529,11945,2811,15496,6808,8758,
130745732350,49844,11861,13492,15460,17417,19459,
130746232350,28570,11575,13608,4769,6783,8740,
130747232350,58534,11743,13544,15421,6781,8801,
130749232350,21931,11920,3336,4866,6982,8820,
130751732350,18242,11912,2792,4813,6780,8716,
130752232350,32604,11861,13644,15468,17575,8989,
130752732350,24586,12404,2942,4878,6992,8884,
130753732350,67157,12262,3159,5129,6826,8842,
130754232350,12872,11951,2876,4920,6942,8778,
130755732350,12121,12903,13724,4818,6905,8817,
130756232350,32376,11802,14153,4797,6775,8845,
130756732350,25645,11934,2888,4770,6854,8891,
130757732350,10894,11829,13605,5194,6854,8855,
130758232350,30994,11919,13556,4857,6855,8784,
130760732350,17948,11545,2859,4923,6784,8788,
130762232350,35850,12883,3403,4705,6783,8762,
130763232350,14236,11825,2929,4980,6957,8884,
130763732350,32298,12248,2909,4843,6938,8896,

