,W-0,R-0,R-1,R-2,R-3,R-4,
132083232513,10813,20452,5944,13871,12197,13189,
132084732513,12444,12935,3144,5994,7031,8971,
132085732513,15060,1469,3708,5004,7152,8931,
132086732513,29747,25948,26244,26802,27598,27070,
132087732513,3236,1357,3117,4796,7163,9176,
132088232513,3270,1576,2984,4963,6883,8941,
132088732513,3366,1641,3474,4861,6876,8937,
132089232513,3267,1308,2916,4952,6938,8941,
132089732513,4680,1701,3164,5244,7201,9029,
132090232513,5372,1484,3063,5100,6887,8948,
132091732513,3715,1284,3111,5064,7020,9022,
132092732513,4228,12315,3226,5183,6848,8873,
132093232513,3847,1398,3119,9597,10368,10210,
132093732513,30035,1432,3090,5098,7231,9114,
132094232513,4634,1578,3128,5222,7099,9088,
132094732513,3805,1928,3044,4881,6863,8783,
132095232513,20550,1421,3177,5094,7126,9114,
132095732513,10609,1373,2977,4874,6852,9182,
132096732513,4824,2576,2994,5168,6924,8875,
132097232513,3741,12153,3029,4802,6919,8797,
132097732513,16606,1361,3169,4892,6991,8940,
132098232513,10114,1266,2771,4786,6936,9980,
132099232513,3649,1560,2918,4983,6798,8759,
132100232513,4961,1668,2942,5299,6764,8897,
132100732513,3737,1646,3069,4886,6935,8874,
132102732513,3358,11921,3047,4959,6845,8745,
132103232513,4730,11793,2895,5155,6875,8812,
132103732513,3657,1380,2864,5053,7054,8880,
132104232513,3707,1728,3142,4869,7635,8966,
132104732513,3823,1589,3051,4865,7062,8776,
132107232513,3666,1409,3018,5021,6961,8832,
132108232513,9752,1523,2946,4854,7304,8870,
132108732513,3535,1316,3120,4944,6903,8984,
132109232513,3231,12303,2927,4865,6817,8962,
132109732513,3646,1307,2875,4833,6765,8852,
132110232513,5316,13632,3471,4795,6892,8858,
132111232513,3599,1446,2884,4831,6761,9090,
132111732513,3731,1299,2851,4819,7072,8965,
132112232513,5085,13619,3279,4833,6989,8954,
132114232513,3650,1430,3211,4876,6973,8801,
132114732513,6070,1735,3668,4937,6859,8865,
132116232513,4527,12166,2987,5007,7091,9061,
132116732513,24336,12216,3034,5005,6796,8788,
132117232513,3783,1650,3096,4835,7428,8854,
132117732513,3642,1597,2961,4783,6965,8846,
132118732513,3730,1555,2887,4835,6942,8929,
132120232513,32988,1389,3320,4822,6948,8866,
132120732513,2721,1296,3139,4895,6800,9036,
132121232513,157944,156099,155140,155889,155652,155804,
132122232513,4475,1357,3061,4808,7533,9729,
132123732513,13144,20112,20420,10317,10041,20319,
132124732513,3564,1345,2918,5022,6968,9088,
132126232513,3659,1486,2886,4842,6810,9003,
132126732513,2965,1240,2807,4843,6858,8703,
132127732513,3620,1386,2929,4949,6912,8976,
132128232513,4002,1711,2815,5019,7297,8963,
132129732513,17383,14287,14750,15281,15095,15116,
132130232513,4037,11880,3745,5025,6874,8930,
132130732513,3765,1376,3102,4839,6790,8881,
132131232513,5028,1453,3404,4862,6832,8901,
132133232513,4471,1292,2852,4840,6849,8828,
132135232513,2595,1434,2972,4982,6767,8905,
132135732513,3771,1778,3027,4895,6712,9108,
132137232513,3763,1319,3065,5037,6978,8944,
132138732513,3764,12184,3285,5190,6803,8867,
132141232513,3356,1588,2911,4755,6769,8898,
132141732513,4661,1275,3142,4967,6896,8879,
132142732513,3740,2045,3082,4778,6764,8723,
132143232513,4317,11952,3761,5122,6879,8752,
132143732513,3717,11767,3183,4927,6846,9274,
132144732513,6694,1538,3104,5145,6991,8869,
132147232513,3604,1469,3018,4825,6754,8869,
132147732513,4664,13804,3291,5127,6879,8992,
132148732513,3524,1303,2761,4981,6935,9025,
132149232513,4599,5126,5730,5294,6798,8773,
132149732513,4007,1723,2878,4740,6934,9044,
132150232513,3349,1248,2822,4723,6704,8866,
132152232513,3740,1256,3467,4815,6818,8894,
132153232513,4742,1443,2758,4951,6940,8843,
132155732513,3664,1741,2868,4840,6781,8837,
132156732513,5260,1313,2849,4962,6865,8680,
132157232513,4003,1421,2789,4708,6841,10341,
132159732513,4027,1847,2826,4792,6818,8844,
132160232513,3703,1456,2923,4756,7282,8727,
132161232513,11733,1562,2876,4833,6765,8734,
132163732513,2972,1306,2749,4781,6679,8853,
132165232513,45338,1345,3176,4885,6883,8724,
132165732513,3465,1371,2958,4984,6765,8859,
132166232513,3326,1013,2675,4954,6642,8634,
132166732513,5065,1608,2827,4813,6778,8865,
132167232513,3634,1736,2966,4786,6924,8861,
132167732513,8698,12042,2739,4823,6720,9211,
132168232513,3648,11779,3032,5029,6853,8850,
132169732513,3753,1484,2843,4925,7033,8848,
132170232513,3411,11979,3209,4872,6737,8744,
132170732513,61896,11918,3167,5006,6791,8843,
132173232513,3833,1771,2821,4903,6891,8791,
132173732513,3543,1229,2979,4874,6789,8961,
132174732513,2877,12006,2757,4755,6768,8792,
132175732513,29771,1349,3123,4825,6816,8751,
132176232513,6316,1282,2880,4976,6975,8672,
132176732513,4451,1289,2855,4692,6756,8730,
132177232513,2954,11903,2827,4846,6802,9061,
132179732513,3978,12098,2851,4795,6800,8801,
132181732513,3676,1573,2737,4779,6902,8838,
132182232513,217533,1720,2921,4825,7006,8876,
132182732513,180775,1373,2942,4837,6773,8885,
132183232513,3292,12049,3060,4866,6882,8829,
132183732513,3887,1759,2896,4785,6762,8666,
132184232513,4561,12024,3027,4951,6740,9004,
132185732513,3692,1585,2910,4791,6747,8873,
132186732513,12853,1296,2879,4903,6927,8739,
132187232513,3398,1568,2784,4720,6919,8840,
132187732513,3926,1931,2951,4767,6782,8968,
132188232513,9790,11866,2867,4859,6775,8887,
132189732513,3614,1385,2893,4788,6753,8871,
132190232513,3733,1747,3136,4852,6869,8748,
132191232513,7159,1280,3066,4960,7257,8862,
132193232513,5080,1723,3000,4939,6851,8827,
132194232513,3731,1696,3224,5018,6907,8960,
132195232513,3624,1456,2947,4817,6791,8896,
132196232513,3559,1461,2803,4804,6984,8953,
132196732513,3447,1456,3246,4952,6776,8748,
132198232513,3613,1398,2797,4761,6864,8791,
132200732513,3453,1319,2891,4873,6702,8776,
132201732513,3780,11946,3193,4869,6928,8765,
132204232513,3575,1461,2816,4763,6857,8797,
132204732513,5271,1698,3018,4905,6676,8725,
132205232513,4634,1452,2944,5130,6969,8880,
132205732513,3739,1241,3111,4764,6775,8994,
132207232513,24759,1568,3051,4975,6935,9070,
132207732513,5362,13450,3122,5160,6775,8842,
132208232513,7093,1602,2880,5393,6907,8788,
132210232513,3278,11812,2991,4756,6847,8809,
132211732513,3823,1251,3097,4828,6810,8769,
132212232513,3867,2560,3131,5191,6814,8777,
132212732513,3788,12082,2871,5110,6752,8765,
132213232513,300000,1301,2985,4810,6907,8834,
132213732513,5023,12231,2811,4814,6841,9033,
132214232513,100208,104197,105739,105462,105602,105210,
132214732513,4658,1360,2922,4814,6845,8981,
132216232513,3627,11663,2779,4820,7224,8838,
132217232513,4829,1132,2709,4715,6924,8852,
132217732513,3665,11749,2927,4757,6726,8774,
132218232513,19719,1255,3563,5262,6792,8812,
132218732513,111280,1154,3009,4816,6844,8827,
132219732513,3531,1361,2816,5026,6836,8792,
132220732513,3681,1305,2705,4976,6808,8987,
132221732513,4566,11955,2900,4959,6895,8841,
132222232513,3461,1392,2924,4694,7178,9042,
132222732513,3688,1686,2746,4642,6711,8727,
132225232513,2672,11653,2867,4785,6862,8796,
132227232513,4597,1781,3083,5043,6838,8743,
132228732513,3456,1346,2766,4786,6777,8814,
132230732513,3610,1337,2810,4876,6822,8954,
132231232513,3422,1306,2782,4844,6869,8798,
132232232513,3459,1391,2935,4788,6846,8927,
132233232513,4053,12104,2856,4808,6749,8815,
132233732513,10078,1333,2918,4806,6853,9485,
132234232513,4180,1920,3019,5148,6717,9329,
132236732513,3445,1336,2845,4713,6918,8854,
132237732513,3995,1651,2796,4761,6788,8732,
132239232513,3731,1302,2930,4949,6774,8774,
132241732513,3301,1281,2796,4835,6794,8718,
132243232513,3341,1218,2833,4716,6733,8780,
132244732513,3567,1310,2797,4758,6994,8790,
132246232513,NULL,NULL,NULL,NULL,NULL,NULL,
132247732513,3253,1232,2735,4675,7485,8787,
132248232513,3646,1666,2992,4809,7391,8805,
132248732513,4233,3396,3855,5426,7185,8857,
132249232513,3209,1202,2794,4624,7211,8938,
132249732513,3650,1429,2903,4841,6664,8829,
132250732513,6351,1319,2760,4794,6677,8858,
132251232513,4997,12578,3340,4848,6733,8768,
132251732513,5035,1195,3586,4825,6836,9046,
132252732513,3613,1337,2849,4685,6718,8781,
132254732513,3700,1469,2977,4881,6828,8733,
132255732513,10038,11895,2918,4745,6810,8906,
132258732513,4268,1435,2832,4868,6865,8735,
132259232513,84022,11838,2832,4799,6939,8778,
132260232513,3630,1348,2775,5126,6716,9064,
132261732513,3666,1594,3024,4974,6862,8768,
132262232513,4980,11886,2684,4772,6768,8689,
132262732513,3444,1273,2770,4845,7039,8717,
132263232513,4528,1273,2855,4991,7256,8778,
132264232513,3614,1451,2893,4737,7002,9597,
132265232513,4074,13196,2871,5065,6882,8839,
132265732513,3761,12137,2822,4672,6718,8692,
132266732513,3980,12430,2850,4771,6897,8873,
132268232513,184197,11883,2757,4976,6851,8695,
132268732513,52242,12172,2875,4945,6845,8846,
132269732513,3564,1536,2979,4822,6935,8958,
132270232513,4062,1259,2901,4834,6734,8692,
132270732513,3610,1773,2870,4813,6852,8927,
132271232513,5694,1259,2838,4820,6691,8848,
132273232513,3634,11740,2905,4796,7474,8874,
132273732513,27900,1285,2784,4832,6960,8810,
132275232513,3805,1684,3044,4869,6693,8672,
132275732513,91168,1221,2852,5019,6721,8797,
132276232513,300000,12112,2890,4844,6687,8687,
132278232513,4370,1166,2742,5147,6838,9084,
132279232513,4838,1454,2955,4681,8145,8814,
132283232513,3667,1645,2909,4777,6732,8784,
132283732513,19357,1404,2932,4701,6805,8727,
132284732513,83397,1340,2934,4962,6764,8780,
132285232513,185357,11766,3003,4969,6901,8824,
132286232513,3571,1569,2899,4799,6828,8770,
132286732513,4036,1155,3020,5281,6932,8793,
132287232513,3103,1673,2927,4835,6821,8760,
132288232513,4840,1335,2972,5066,6887,8785,
132288732513,3615,1410,2842,4799,6889,8970,
132290232513,3705,1577,2834,4800,6833,8733,
132290732513,22151,1391,2815,4760,7140,9177,
132292232513,107304,12110,3037,4905,6894,8935,
132292732513,4097,1754,2877,5334,6820,8753,
132293232513,3874,1464,2943,5073,6828,8796,
132294232513,6475,14862,4156,4969,6916,8830,
132295232513,5093,11756,2740,4797,6805,8773,
132296732513,14912,1171,2916,4710,6752,14898,
132297732513,4566,1808,3165,4982,6886,8872,
132299732513,5367,1176,2766,4708,6740,8678,
132300232513,3711,1399,3050,4864,6810,8703,
132300732513,3645,11908,2893,4852,6906,8986,
132301232513,4417,2014,2804,4841,6937,8988,
132302232513,3461,1427,2951,4717,6759,8733,
132302732513,3526,1356,2787,4701,6738,8713,
132303232513,10384,1366,2798,4715,6796,8811,
132303732513,3124,11863,2902,5031,6851,8714,
132304232513,8075,1309,3075,7667,7953,8753,
132304732513,2674,1152,2835,4831,6716,8701,
132306732513,3413,1370,2888,4798,8758,9060,
132307732513,3548,1404,2878,4856,6876,8740,
132309232513,3413,1258,3026,4785,6853,8767,
132311732513,3962,1781,2864,4737,6700,8849,
132312232513,7410,1640,2979,4784,6869,8963,
132312732513,94074,2577,3151,4893,6904,8719,
132314232513,4417,1840,2724,4813,6742,8715,
132314732513,4821,1693,2915,4722,6952,8965,
132315732513,4055,11768,3149,4817,6818,8965,
132316732513,3485,1401,2818,4753,6851,8819,
132317232513,4034,1776,2840,4784,6921,8688,
132317732513,3727,1483,2986,4716,6856,8757,
132318232513,7212,11768,3008,4781,6904,8828,
132318732513,4547,1312,2766,4781,6788,8692,
132319232513,3607,1584,2811,4727,6804,9081,
132319732513,4943,11605,2878,4747,6849,8793,
132320232513,3604,12049,3238,4775,6809,8707,
132320732513,2534,1378,2911,4850,6954,8987,
132321232513,3396,1326,2815,4816,6761,8771,
132322232513,8013,1191,3172,4870,7057,8683,
132322732513,4056,1598,3096,5118,7190,8701,
132323232513,3594,1531,2782,4758,6735,8662,
132324232513,4898,1429,2811,4799,6792,8704,
132324732513,3741,1553,2952,4847,6863,8782,
132325732513,6740,1384,2936,5061,6907,8815,
132326232513,3001,1423,2859,4741,6844,8689,
132326732513,3398,984,2802,4811,6763,8811,
132327232513,35849,1241,3034,4785,6798,9205,
132328232513,3835,11803,3012,4853,6765,8847,
132328732513,4898,1533,2800,5071,6943,11092,
132329232513,12395,1655,2841,4994,6845,8884,
132329732513,6017,1955,2900,5032,6793,8893,
132332232513,4172,11697,2990,5346,6838,8802,
132332732513,4467,1218,2836,4818,6718,8758,
132334732513,3321,1285,2813,4727,7525,8723,
132337232513,3928,1462,2764,4770,6735,9257,
132340732513,2986,1444,3749,4709,6837,8826,
132341232513,9676,12041,2962,4905,6798,8865,
132342732513,3741,1626,2914,4854,6843,8825,
132343232513,130148,133245,134117,133875,133717,133375,
132343732513,3829,1461,3022,4741,6761,9266,
132345232513,3632,1440,3210,4730,6811,8964,
132345732513,6426,3136,2943,4838,6846,8668,
132346732513,3566,1299,3017,4996,6702,8718,
132347732513,9682,1220,2919,4866,6909,8888,
132348232513,3604,1521,2858,4731,6765,8798,
132348732513,3576,1616,2922,4928,6769,8764,
132349232513,3782,1694,2991,4970,6918,8848,
132350732513,4410,1807,3035,4905,6921,8830,
132351732513,3379,1302,2835,4787,7296,8848,
132352232513,9941,12218,2841,4752,6746,8867,
132353232513,4589,1128,3163,4840,6757,8776,
132354232513,7281,11782,3008,4893,6750,9038,
132354732513,5179,11722,2895,5038,6854,8678,
132355232513,5220,1454,2837,5011,6734,8785,
132358232513,3481,1266,2991,4858,6752,8807,
132359232513,3205,1830,2933,5005,6739,8720,
132360732513,3609,11695,3005,4774,6879,8932,
132361732513,3744,1340,2780,4809,6796,8804,
132362732513,4076,11796,2898,4755,6690,8765,
132364232513,4896,1143,2752,4796,6698,8736,
132364732513,3372,1317,2893,4818,6753,8785,
132365232513,3619,1436,2879,5012,6843,8805,
132367732513,4170,1567,3868,4828,6793,8966,
132368232513,5620,1228,2808,4946,6832,8696,
132369732513,39747,1580,2912,4808,6759,8710,
132370232513,3551,1383,2778,4759,6718,8710,
132370732513,3618,1246,2778,4705,6841,9032,
132372232513,3329,1363,3000,4959,7051,8741,
132372732513,5030,1107,2851,4877,6745,9021,
132373232513,4459,1331,2832,4788,6768,9065,
132374232513,3717,1835,2889,4966,6714,8731,
132377232513,3760,1477,2905,4706,6660,8681,
132377732513,11647,1385,3014,4797,6827,8884,
132378732513,3958,1871,2846,4793,6774,8690,
132379232513,3681,1438,3015,4900,6737,8806,
132380732513,3460,1961,2858,4805,6940,8900,
132381732513,2852,1311,2744,5089,6922,8853,
132383232513,5939,3736,3626,4796,6977,8787,
132383732513,5038,1567,2993,4806,6875,8679,
132384232513,3782,1705,2933,5000,6778,8892,
132386732513,4164,11926,2983,4942,6807,8757,
132387732513,3633,1398,2829,4853,6797,8853,
132388232513,5883,1642,2939,5450,6820,8764,
132389232513,4470,1186,2779,4943,7154,8871,
132392232513,5060,1799,2995,4648,6832,8932,
132392732513,4281,1890,3362,5201,6998,8656,
132393732513,8031,11849,3162,4817,7323,8754,
132395232513,3318,1325,2837,4732,6748,8791,
132397232513,4038,11749,2823,4689,6649,8770,
132397732513,3609,1110,2705,4694,6705,8680,
132399232513,4182,1670,3035,4898,7868,8814,
132400232513,3641,11722,2812,4718,7003,8930,
132400732513,3768,1433,2892,4864,6697,8733,
132401732513,3601,1483,2736,5653,6696,8783,
132403732513,3601,1275,2937,4696,7083,8840,
132404232513,4480,11946,2914,4769,6902,8873,
132405732513,2821,1637,2761,4768,6899,8865,
132406232513,3592,1591,2869,5140,7009,9025,
132407232513,5052,1625,2998,4817,6715,8694,
132408732513,2987,11621,2801,4688,6788,8662,
132409732513,3423,1215,2714,4724,6707,8701,
132411732513,3766,1365,2883,4847,6959,9080,
132412232513,4801,1237,2675,4706,6911,8822,
132412732513,3352,1273,3034,4859,6917,8852,
132413732513,4436,12656,2908,5096,6863,8882,
132416232513,3760,1847,2813,5046,6953,8870,
132422232513,4427,1779,2909,4756,6770,8759,
132422732513,3454,1286,2922,4798,6746,8802,
132423732513,3545,1364,3042,7149,7591,8683,
132424232513,4427,12180,2913,4848,6773,8735,
132427232513,3401,1300,2746,4670,6801,8671,
132428732513,3747,11973,2992,4707,6739,8806,
132429232513,23043,20021,19419,19637,19949,19871,
132429732513,5232,11562,2839,4816,6751,8730,
132430232513,2921,11856,3107,4886,6858,9000,
132430732513,2956,1355,2835,4824,6895,8694,
132431232513,3363,1224,3012,5671,6736,8798,
132433732513,3572,1253,2762,4760,7097,8848,
132435732513,3752,11881,2904,5292,6721,8674,
132436232513,44331,1158,2825,4880,6768,8682,
132437232513,3714,1618,2740,4855,6881,8714,
132437732513,3893,1656,2681,4737,6749,8655,
132438232513,3614,1173,2873,4837,6734,8642,
132438732513,5151,1710,2930,4970,6747,9055,
132439232513,4988,1520,2884,4814,6800,8780,
132440232513,3593,11676,2695,4689,6727,8689,
132440732513,3249,1134,2856,4695,6795,8725,
132441232513,5097,1330,2807,5177,6909,8984,
132442232513,3780,1470,3096,4772,6757,8737,
132442732513,3399,1370,2812,4786,6807,8997,
132443232513,5067,1800,2665,4835,6757,8846,
132445232513,6093,1277,2701,4865,6752,8701,
132446732513,3564,1357,2803,4768,6889,8837,
132447232513,3308,1208,2742,4652,6971,8821,
132448232513,3641,1526,2715,4837,6734,8792,
132448732513,3679,1179,2737,4733,6687,8880,
132450232513,4736,1319,2820,5809,6696,8749,
132451232513,4209,11842,3002,4843,6734,9007,
132452732513,4563,1383,2697,4961,6819,8687,
132453732513,17299,1361,2778,4874,6739,8663,
132454232513,4440,1235,2739,4866,6819,8843,
132454732513,3313,1191,2757,4764,6808,8805,
132457232513,4903,11920,2761,4744,6695,8750,
132457732513,3333,1183,2994,4841,6710,8841,
132458732513,3978,11989,3460,4726,6688,8974,
132459232513,3331,1232,2849,4712,6758,8630,
132460732513,3400,1290,2737,4809,6932,8769,
132461732513,2431,1074,2773,4763,6815,8776,
132463732513,4705,1336,2836,4867,6707,8673,
132467232513,3298,1198,2818,4731,6733,8791,
132469732513,3637,1532,2790,4864,6768,8681,
132470232513,4949,11892,2800,4861,6852,8858,
132470732513,3427,1274,2995,4850,6700,8656,
132471732513,3703,1486,2778,4965,6742,8810,
132472732513,3713,11922,2919,4720,6832,8830,
132473732513,16989,1237,2678,4655,6654,8626,
132474232513,55079,56307,53323,53232,53654,57023,
132474732513,3480,1622,3684,4732,6782,8814,
132475732513,3929,1371,3119,5138,8047,8722,
132476232513,3371,1297,2780,4810,6674,8616,
132476732513,18124,14420,14747,15846,14880,14796,
132477232513,3206,1120,2739,4855,6698,8657,
132478232513,3685,11680,2727,4774,6830,8782,
132480232513,3562,1589,3002,4717,6758,8931,
132481232513,3662,1467,2841,4795,6720,8727,
132484232513,5024,1649,2734,4833,6800,8741,
132485732513,3628,11658,2692,4731,6689,8783,
132486232513,3475,1287,2785,4705,6691,8872,
132487232513,3639,11482,2818,4947,6801,8654,
132488232513,3309,1191,2718,4660,6680,8764,
132488732513,4534,11404,2759,4727,6784,8660,
132489232513,7800,1330,2976,4931,6826,8817,
132489732513,3176,1048,2792,4700,6638,8723,
132490232513,4354,1853,2976,4826,6892,8977,
132490732513,2945,11728,2792,4783,6775,8945,
132491232513,3632,1212,2913,4715,6785,8725,
132491732513,3631,1442,3015,4827,6961,8846,
132493232513,3458,1407,3042,4734,6752,9016,
132495232513,3565,1446,2792,4726,7056,13264,
132496232513,57691,1379,2924,5027,6736,8802,
132496732513,12016,1530,2883,4845,6856,8675,
132498232513,3822,1566,3157,4824,6754,8739,
132501232513,3593,1318,3002,4994,6832,8876,
132504732513,3662,1535,3141,4737,6887,8969,
132505232513,4437,1229,2873,5045,6680,8663,
132505732513,300000,1292,2957,4687,7061,8685,
132506232513,16991,23793,14067,13954,14024,13812,
132506732513,3420,1200,3009,4708,6813,8670,
132507732513,3540,1358,2894,4811,7006,8810,
132509732513,3871,1328,2960,4854,6820,8877,
132510232513,3330,1278,2766,4661,6776,8749,
132511732513,3080,1220,2803,4858,6946,8962,
132512232513,13687,11568,2761,4771,6803,8817,
132512732513,4617,1309,2933,4787,6701,8762,
132513232513,3977,1896,2715,4790,6846,8735,
132514232513,5703,1160,2766,5066,6675,8827,
132514732513,3307,1205,2933,4714,6794,8644,
132515232513,4627,1350,2689,5000,6757,8658,
132516232513,4548,1206,2913,4928,6933,9371,
132518232513,3561,1594,3032,4892,6724,8715,
132519732513,3993,1624,2778,4874,6748,9180,
132520232513,3368,1212,2784,4659,6680,9033,
132521232513,3528,1229,2991,4834,6719,8677,
132521732513,3398,1314,2909,4695,6687,8764,
132522732513,4879,1550,2824,4804,6673,8656,
132523732513,3372,1257,2721,4692,7177,8780,
132524732513,4006,12150,2776,4746,6760,8828,
132525232513,2679,1204,2967,4780,6691,8864,
132526232513,4423,12625,2704,4800,6823,8767,
132526732513,3615,1257,2761,4810,6885,8971,
132527232513,3437,1353,2797,4723,6803,8745,
132528232513,4476,12159,2962,4881,6732,8816,
132529232513,5591,970,2808,4775,6790,8903,
132530732513,3639,1172,2780,4851,6747,8750,
132531232513,11567,12307,2736,7779,7868,9602,
132531732513,2932,1889,3035,4839,6945,8742,
132532232513,3566,1301,2873,4745,6766,8669,
132532732513,3304,1190,2723,4691,6980,8810,
132533232513,4146,1417,2984,4862,6691,8742,
132533732513,3679,11875,2860,4654,6793,8873,
132534232513,3243,1072,2765,4787,6790,8832,
132534732513,5198,12197,2674,4981,6984,8830,
132535232513,5181,1529,2828,5031,6868,9066,
132536232513,4133,1585,2847,5323,6888,8967,
132538232513,7861,1235,2808,4828,6869,8766,
132540732513,5145,1610,2756,4961,6774,8690,
132541232513,4790,1302,2723,4690,6989,9014,
132541732513,3697,1432,3090,5049,7163,9038,
132542732513,3582,1404,2861,4717,6739,8875,
132543232513,3629,1574,2873,4691,7076,8770,
132544732513,3246,1201,2702,4667,6617,8738,
132545232513,3002,1530,2977,4748,6817,8681,
132545732513,4941,11630,2831,5031,6747,8683,
132546732513,4739,11668,2962,4894,6716,8794,
132547232513,4414,1106,2877,4735,6801,8935,
132549732513,5159,1639,2842,4998,6887,8841,
132551232513,3692,1259,3020,5018,7199,9011,
132552232513,3923,1573,2996,4884,7113,8779,
132552732513,3739,1773,3112,4746,6800,8866,

