,W-0,R-0,R-1,R-2,R-3,R-4,
127317500212,30337,11342,11576,7736,9325,11036,
127319000212,13371,12618,3119,5133,7036,9160,
127320000212,21754,1438,3452,6721,7149,9395,
127321000212,12277,1355,3161,5079,7089,9100,
127322000212,66750,1963,2959,4943,7047,9043,
127322500212,15538,1563,3087,5090,7065,9059,
127323000212,46444,1598,3019,5047,6920,8912,
127323500212,73094,1612,3542,7305,17485,17728,
127324000212,182298,2498,3014,5112,7021,9030,
127324500212,11252,1842,3041,4902,7923,9628,
127326000212,40413,12276,3096,4908,6926,8943,
127327000212,34432,1456,2923,5037,7053,9066,
127327500212,21605,11952,2919,4971,6959,9077,
127328000212,48143,1620,2970,5004,6943,9022,
127328500212,56701,1457,3151,4990,6981,8987,
127329000212,8296,1292,2976,4999,6988,8907,
127329500212,29349,1353,3108,4905,6941,8967,
127330000212,21948,1495,3055,5001,6952,9006,
127331000212,68397,12784,2875,4964,6913,8886,
127331500212,21701,1328,2938,5144,6986,8958,
127332000212,41728,2592,3183,6030,7135,9088,
127332500212,51347,1316,2977,5088,7416,9204,
127333500212,41079,12113,2997,5578,7212,8957,
127334500212,8718,1766,2970,5075,7076,10024,
127335000212,34203,12363,3098,4863,6914,9041,
127337000212,31525,1533,2984,4884,6883,8870,
127337500212,30026,11865,3589,4975,6979,8880,
127338000212,33322,1224,2994,4913,6870,8783,
127338500212,37859,1623,3166,5329,6950,10556,
127339000212,23581,1379,2957,4856,6982,9389,
127341500212,24279,1417,2749,4869,6849,8826,
127342500212,30991,1391,3045,4777,6925,8949,
127343000212,18101,1343,3114,5139,6996,8922,
127343500212,44278,12245,3176,5097,7044,8958,
127344000212,8576,1322,3046,5002,7172,8999,
127344500212,64030,12297,3116,4927,7484,8997,
127345500212,13969,11971,2980,5029,6875,8845,
127346000212,28300,12076,2944,4982,6946,9009,
127346500212,20840,1833,3023,5599,6857,8881,
127348500212,23372,12206,3037,5072,6979,8910,
127349000212,67559,69680,3002,4962,6942,9124,
127350500212,127950,1636,3194,5155,6960,8933,
127351000212,137188,13848,3416,5060,7139,8969,
127351500212,161932,12336,2977,4878,7169,9049,
127352000212,48884,1665,3090,4914,7160,8948,
127353000212,13166,11865,2856,4785,6936,8880,
127354500212,75930,1297,2870,4770,6726,8784,
127355000212,165949,1658,3088,4923,7111,9059,
127355500212,18995,1310,2881,5082,6924,9105,
127356500212,20953,1543,4040,4965,6972,8965,
127358000212,19714,1388,3043,4891,6764,8772,
127359000212,44053,1320,3087,4886,7242,8977,
127360500212,48440,1298,3139,4966,7018,8967,
127361000212,23655,1337,2936,4916,6841,8835,
127362000212,36222,12442,3393,4954,7182,9569,
127362500212,29015,1424,3039,4922,6760,8764,
127364000212,43068,1355,3034,4777,6715,8934,
127364500212,14051,1447,3129,4922,6925,8939,
127365000212,147557,1338,2998,4954,6907,9043,
127365500212,36455,1364,3097,4942,6960,8920,
127367500212,27589,1513,3071,5024,7324,9012,
127369500212,19386,1492,3142,4919,6979,8867,
127370000212,45331,1607,3191,4856,6779,9095,
127371500212,50272,1518,3058,4984,7033,9017,
127373000212,21129,12296,2984,4878,6765,8787,
127375500212,39283,1386,2872,4922,6940,8785,
127376000212,37082,1397,3057,4831,6709,8914,
127377000212,20322,1296,2770,4847,6859,8772,
127377500212,14220,1264,3016,4980,7001,8938,
127378000212,29951,1274,2994,4994,6974,9042,
127379000212,23891,11945,3124,4876,6934,9282,
127381500212,53044,1860,2966,4906,7144,8972,
127382000212,39742,11901,2917,4893,6749,8767,
127383000212,23292,1401,3053,5073,6986,8860,
127383500212,52592,1331,3031,5142,7038,8979,
127384000212,41615,1304,2864,5647,6936,9055,
127384500212,31722,1481,2940,4887,6739,8875,
127386500212,36076,12025,3010,4983,6839,8829,
127387500212,96060,1306,2999,5330,6944,9202,
127390000212,38056,1527,3042,5104,6972,8778,
127391000212,6676,1257,2952,4881,6966,8883,
127391500212,33435,1108,2936,4874,6917,8751,
127394000212,17332,1514,2722,4662,7171,8759,
127394500212,34026,11830,2947,5082,7061,8730,
127395500212,44691,11723,2889,4907,6869,8720,
127398000212,33516,12625,2940,4958,6893,9010,
127399500212,27060,11941,3311,5268,8376,8916,
127400000212,42913,11833,2842,4900,7022,9093,
127400500212,13161,12356,3297,4999,7043,8978,
127401000212,16553,1586,3075,4968,7060,8948,
127401500212,30552,1244,2880,4772,6863,8874,
127402000212,51633,1314,2900,4933,6738,9033,
127402500212,15446,1276,2914,4879,7023,8971,
127404000212,20930,1206,2945,4877,6857,8934,
127404500212,53456,11924,3051,4918,6726,8840,
127405000212,68736,1332,3078,4928,6918,8959,
127407500212,17332,2023,3246,5161,7051,8931,
127408000212,8033,11700,2919,4821,6788,8898,
127409000212,18680,13003,3020,4983,6977,8759,
127410000212,59937,11942,3041,4872,6912,8919,
127410500212,46344,1468,2986,5121,6897,8930,
127411000212,15352,1100,2893,4849,7046,8932,
127411500212,42013,11861,3036,5056,6867,9019,
127414000212,24767,1304,2837,4907,6930,8743,
127416000212,46499,12088,3019,4916,6925,8776,
127416500212,52260,1310,2943,4953,6774,9107,
127417000212,11094,11774,2916,4914,7034,8847,
127417500212,14622,12125,3098,5016,7158,9151,
127418000212,54096,1160,2708,4698,6865,8905,
127418500212,45151,11855,3166,5287,7088,8933,
127420000212,147129,1190,2761,4976,6955,8857,
127421000212,57174,11921,2824,4786,6894,8888,
127421500212,54893,1375,3125,5077,7057,9636,
127422000212,46923,11936,3030,4763,7705,8858,
127422500212,32767,1362,2933,4737,6920,8995,
127424000212,115729,1077,2973,4885,6983,8921,
127424500212,45884,2381,2903,4872,6898,8896,
127425500212,19865,1281,2900,5018,6900,9005,
127427500212,28161,1114,3081,4939,6920,8928,
127428500212,11209,1537,2831,4884,6950,8883,
127429500212,31837,12266,3180,5066,6967,9070,
127430500212,10084,3070,3841,5055,6913,8872,
127431000212,24410,1401,2955,5086,7017,9267,
127432500212,13198,1654,3094,5015,6969,8904,
127435000212,31497,1418,2913,5909,6856,8707,
127436000212,300000,1192,2976,6343,6832,8820,
127438500212,32967,15057,3029,4906,6767,9442,
127439000212,157103,1476,2882,4990,6991,8908,
127439500212,58395,1508,2914,4989,6773,8924,
127440000212,15721,1572,2833,4915,6752,8748,
127441500212,25700,1463,2973,4822,6944,8694,
127442000212,27995,11898,3010,4984,6905,9058,
127442500212,10560,1322,2849,10239,10142,10685,
127444500212,29873,1470,2943,4965,6895,9422,
127446000212,22246,1230,2911,4939,6885,8811,
127446500212,53949,1455,3405,4905,6834,8935,
127447000212,64995,2062,3066,5127,7039,9127,
127447500212,34211,1492,3394,5276,7051,8941,
127448000212,175612,14904,2871,4994,6865,9012,
127448500212,31076,1519,2827,4855,6949,8932,
127449000212,46052,1733,4452,5394,6889,9534,
127450500212,63050,1422,2930,4896,6939,10021,
127451500212,86551,1287,2903,4932,6874,8896,
127452000212,44314,12774,2988,4883,6767,8783,
127452500212,32456,11872,3235,4833,6979,8921,
127453000212,18208,1206,2980,4921,6932,8896,
127454000212,59151,1360,3050,5076,6759,8953,
127455000212,38056,1431,3035,4708,7023,9262,
127456000212,28052,1246,2952,4756,6709,8741,
127456500212,13890,1438,2907,4689,6728,8685,
127457000212,35151,12170,2879,4926,6911,8962,
127459500212,42286,1532,3120,4859,6940,8771,
127461500212,43624,12710,7751,5742,7998,8981,
127463000212,45128,1361,2987,4923,6740,8731,
127465000212,46051,1516,3002,4967,7018,9058,
127465500212,17085,12267,2694,4908,6971,8901,
127466500212,40645,1442,2958,4757,6772,8703,
127467500212,146116,1420,3006,5028,6900,8941,
127468000212,17765,2169,3153,4923,6769,8894,
127468500212,31058,1532,3088,5760,6947,8887,
127471000212,50952,1252,2987,4887,6862,8745,
127472000212,46726,1482,2953,4905,6702,8902,
127473500212,16694,1265,2906,4902,6735,8988,
127476000212,300000,45617,48673,41190,41693,45005,
127477500212,300000,1785,3101,4937,6736,8828,
127479000212,44969,12208,3161,5285,6686,8882,
127480500212,NULL,NULL,NULL,NULL,NULL,NULL,
127482000212,20964,1266,2840,4674,6943,8966,
127482500212,27604,1167,3289,5173,6840,8866,
127483000212,64109,1579,3015,4845,7094,9019,
127483500212,47582,1362,3144,4906,6985,8866,
127484000212,23311,1154,3360,4655,6710,9088,
127485000212,27182,1190,2691,4656,7179,8902,
127485500212,54622,7739,7412,7164,7277,9072,
127486000212,35168,1171,2733,5062,6742,8749,
127487000212,109077,1403,3010,4754,6971,8962,
127489000212,42023,1541,3020,4904,7137,8974,
127490000212,51974,1462,2911,4900,6831,8910,
127493000212,9755,1404,2922,4712,6882,8883,
127493500212,30842,1059,2701,4736,6892,8732,
127494500212,44957,1313,2977,4921,6882,8748,
127496000212,44686,1302,2844,4841,6897,8894,
127496500212,68620,1652,2959,4908,6905,8897,
127497000212,19031,1275,2987,4858,6994,9133,
127497500212,24894,1321,2948,4875,6713,8744,
127498500212,38079,1156,2918,4746,6831,9165,
127499500212,16407,1367,3052,4762,6783,8945,
127500000212,37409,11948,3334,5073,6934,8712,
127501000212,18183,12016,3777,5406,6925,9012,
127502500212,23892,1460,3022,5000,6760,8755,
127503000212,21494,1228,2773,4755,6703,8738,
127504000212,17164,1411,2926,4890,6830,8904,
127504500212,15734,1497,3052,4981,7091,9197,
127505000212,16463,12020,2959,4906,7126,9066,
127505500212,22441,11940,2709,4963,7167,8951,
127507500212,14613,1578,3055,4930,6901,8849,
127508000212,13396,1303,3063,4923,6734,8735,
127509500212,38662,1370,2977,4753,6882,8822,
127510000212,53915,1404,3138,4729,6943,9556,
127510500212,234665,12088,3107,4851,6852,8927,
127512500212,39634,11983,2727,4706,6961,9264,
127513500212,19205,1374,3025,4865,7272,8723,
127517500212,24258,11725,2858,4682,6731,8921,
127518000212,68931,11856,3084,4921,6831,8779,
127519000212,23742,1351,2930,4709,6908,8914,
127519500212,22278,11915,2960,4737,6693,8933,
127520500212,35676,1260,3025,4937,6766,8748,
127521000212,44188,1499,2985,4869,6783,8716,
127521500212,20026,1572,3027,4973,6901,8962,
127522500212,9675,1166,2896,4769,6959,9001,
127523000212,66666,11843,3035,4972,7122,8990,
127524500212,18684,11745,2940,4869,6772,8978,
127525000212,10728,1293,2868,5386,6727,8657,
127526500212,45005,11629,2764,4981,6888,8724,
127527000212,42568,1298,2971,4947,6719,8941,
127527500212,29674,1106,2897,4824,6888,8881,
127528500212,38456,1393,2863,4761,6768,8893,
127529500212,33977,1328,2897,4749,7112,8951,
127531000212,36604,11984,2956,4739,6928,8949,
127532000212,52731,12257,3096,5037,7107,9033,
127534000212,8383,1529,2868,5032,7270,8959,
127534500212,29427,1630,3032,4772,6734,9049,
127535000212,157297,11772,2906,4951,6703,8741,
127535500212,228352,2464,3102,5035,6976,8914,
127536500212,47021,11966,2980,4853,6711,8729,
127537000212,32384,12185,2914,4965,6975,8968,
127537500212,52728,1553,3354,5107,7475,9290,
127538000212,23956,11740,2895,4876,6917,9095,
127538500212,14633,1323,2891,4749,7022,8946,
127539000212,46183,1201,2824,4838,6926,8954,
127541000212,43342,1022,3079,4776,6775,8759,
127542000212,21983,11975,2996,5067,6917,8924,
127543500212,61027,12159,3080,5054,7070,8992,
127546000212,28724,1243,3000,4938,7010,8902,
127546500212,50314,11896,2986,4966,7013,9286,
127547000212,19234,1386,2938,4909,7494,8922,
127548500212,37121,1423,2876,4760,8063,8924,
127549000212,110020,1130,2785,4718,6715,8953,
127550000212,95432,1337,2907,4898,7032,8963,
127551000212,39989,1360,2889,4737,6752,8886,
127551500212,49652,1342,2905,4744,6767,8731,
127552000212,48497,11730,2900,5150,6696,8911,
127552500212,12028,1633,2847,4756,7376,8872,
127553000212,27272,1316,2683,4872,6941,9082,
127553500212,54817,11876,2853,5045,6939,8943,
127554000212,32417,11973,3236,5033,7189,9165,
127554500212,12296,1616,2950,4707,6701,9096,
127555000212,153612,1388,3060,4945,6916,8896,
127555500212,24841,1516,2833,4912,6878,8917,
127556500212,8641,1339,3104,5042,6974,8953,
127557000212,29728,11662,2864,4885,6957,8934,
127557500212,16722,1175,2992,4773,6848,8751,
127558500212,24919,1508,2996,4730,6884,8859,
127559000212,40163,11683,2972,4742,6692,8684,
127560000212,48183,1485,2829,4747,6713,8876,
127560500212,18299,1408,3080,4930,7067,9031,
127561000212,114213,1444,3205,5148,7296,8851,
127561500212,45317,11930,2965,4914,6980,8853,
127562500212,45072,1339,2954,4940,6882,8770,
127563000212,14553,1143,2962,4914,7707,8723,
127563500212,7916,1297,2943,4845,6850,8760,
127564000212,40313,1258,2775,4889,6737,9033,
127566500212,39072,11682,3160,4853,6902,8824,
127567000212,15170,1777,3005,4858,6899,9003,
127569000212,11219,2478,2929,4920,6861,8930,
127571500212,76114,13325,3118,5020,6838,8856,
127575000212,25998,1398,2756,4684,6769,9020,
127575500212,36082,11914,2965,4886,6710,8887,
127577000212,32557,1426,3096,5161,6903,8874,
127577500212,51922,8784,8974,9125,9336,9579,
127578000212,44872,5863,5673,5854,6912,8948,
127579500212,149030,1264,2945,4876,6893,8937,
127580000212,20057,1291,2972,4729,6718,8711,
127581000212,33645,1348,3007,5496,6776,8959,
127582000212,99283,1424,3015,5107,6930,9114,
127582500212,31741,1357,2692,4826,6713,8915,
127583000212,32687,11780,2886,4906,6752,8863,
127583500212,30377,1503,3029,4971,6733,8717,
127585000212,20091,1461,2911,4745,6697,8844,
127586000212,17071,1181,2877,4676,6694,8731,
127586500212,26667,1322,2905,4766,6678,8863,
127587500212,16650,1345,2959,4772,6949,8925,
127588500212,10035,1379,2931,4914,6907,8982,
127589000212,22676,12116,2972,5008,6907,8909,
127589500212,46536,1203,2836,4766,6957,8818,
127592500212,26030,1332,3040,4984,7003,8905,
127593500212,39391,13333,2988,4971,6740,8682,
127595000212,49615,1609,3064,4956,6762,9238,
127596000212,300000,12279,3057,5074,7106,9084,
127597000212,NULL,NULL,NULL,NULL,NULL,NULL,
127598500212,185691,1661,3099,4605,6901,13187,
127599000212,35544,11940,3066,5655,6602,8954,
127599500212,56199,1013,2692,4649,6730,8730,
127602000212,19063,1350,2934,4867,6979,9156,
127602500212,28178,1278,2880,4671,6753,8705,
127604000212,15286,1704,2935,4712,6897,8697,
127604500212,46100,11958,3073,5077,10716,10278,
127605000212,147470,1112,3019,5103,6895,8740,
127606500212,37998,1647,2879,4694,6960,8844,
127607000212,30050,11704,2862,4916,6746,8959,
127607500212,88221,1055,2895,4783,6726,8738,
127608500212,24022,1367,2912,4737,6771,8910,
127611500212,22206,11933,2833,4962,6941,8928,
127612000212,20780,1181,2754,4655,6667,8642,
127613000212,34346,1346,2898,4722,6743,8847,
127613500212,20202,1184,2738,4964,6886,8907,
127615000212,14842,11707,2967,5010,6694,8937,
127616000212,9928,1251,3018,4889,6777,8970,
127617500212,49263,1261,3628,4702,6699,8784,
127618000212,24469,1250,2737,4823,6772,8752,
127618500212,11340,1286,2824,5147,6941,8899,
127621000212,18043,1142,2881,4686,6718,8672,
127622000212,40488,1387,3132,4840,6857,8760,
127622500212,39763,1246,2971,4732,6846,8657,
127623500212,12934,1311,2852,4741,6913,8835,
127626500212,51762,1060,3120,4892,6620,9568,
127627000212,15177,1108,2682,4985,6925,8856,
127628000212,35885,1662,3326,4989,6700,8889,
127629500212,51121,5834,6108,5716,6885,8772,
127631500212,59968,1481,2926,4985,6981,8843,
127632000212,71546,1643,3103,4984,7025,8996,
127633500212,16005,1254,2897,5025,7209,8895,
127634500212,47985,1258,2907,5156,7159,8934,
127635000212,158268,1621,2957,4828,6757,8758,
127636000212,54425,11716,11717,11913,12557,12838,
127638000212,26885,1176,2857,4710,6907,8977,
127638500212,47691,3836,4048,4864,6770,8828,
127640000212,NULL,NULL,NULL,NULL,NULL,NULL,
127640500212,19299,1499,2981,4691,7176,8843,
127641500212,64616,995,2729,4705,6734,8636,
127643000212,34945,1182,2881,4674,6596,8620,
127644000212,45065,1240,2746,4977,6983,8887,
127646000212,32704,11888,2960,4836,6775,8927,
127646500212,33667,1205,2700,4934,7013,8765,
127647000212,34031,1236,2689,4836,6865,10300,
127648000212,13727,1286,3030,5008,6849,8946,
127650500212,10945,11611,3137,4866,6981,8852,
127656500212,27932,1359,2923,4893,6863,8746,
127657000212,33880,1419,2938,5249,6723,8895,
127658000212,59022,1178,2852,5115,6676,8678,
127658500212,33294,1164,2744,4761,6725,8734,
127661500212,9110,983,2704,4655,6676,9313,
127663000212,48661,1382,2922,5602,6614,8876,
127663500212,180867,1104,2749,4742,6856,9207,
127664000212,32451,1180,2659,4661,6665,8688,
127664500212,39185,1387,2675,4642,7759,8742,
127665000212,23725,1361,2847,4897,6919,8752,
127665500212,17088,1099,2855,4727,6728,8624,
127668000212,18411,1247,2960,4898,6663,8871,
127670000212,52308,1734,3086,8462,8980,8841,
127670500212,30680,1383,3025,5523,6784,8695,
127671500212,34881,1262,2902,4700,6623,8716,
127672000212,33307,1162,2856,4928,6716,8859,
127672500212,45579,12372,3094,5276,7017,8823,
127673000212,26972,1328,2918,4778,6756,9568,
127673500212,25686,1171,2901,4726,6684,8750,
127674500212,53272,1348,3190,4731,6724,8718,
127675000212,13650,1254,3081,4766,6976,9101,
127675500212,63291,1294,2991,4912,6957,8861,
127676500212,36241,1391,2929,4722,6700,9408,
127677000212,50630,1562,2911,4742,6966,8874,
127677500212,67225,11904,2968,5127,6919,9054,
127679500212,37971,1392,2772,5099,7063,8746,
127681000212,13951,1394,2946,4762,6898,8777,
127681500212,12419,1464,2857,4902,6759,8783,
127682500212,14139,1157,2840,5323,6722,8827,
127683000212,12163,1060,2852,4899,12742,12860,
127684500212,62997,1137,2876,5377,6650,9069,
127685500212,171365,1298,2728,4821,6922,8940,
127687000212,14894,11655,2909,4636,6696,8719,
127688000212,30108,11906,2919,4680,6670,8674,
127688500212,16171,1271,2897,4895,6859,8786,
127689000212,43026,1158,2943,4670,6748,8720,
127691500212,11371,1779,2929,5403,7045,8918,
127692000212,33636,1316,2935,4777,6699,8875,
127693000212,67360,26084,24417,24708,24930,25107,
127693500212,42117,1243,2922,4842,7356,8732,
127695000212,16693,1491,2979,4878,6684,8712,
127696000212,30386,1294,2741,4709,6889,8901,
127698000212,34340,1279,2836,4679,6706,8664,
127701500212,28508,1468,2739,4851,6681,8889,
127704000212,47405,12219,2744,4676,6890,8835,
127704500212,41084,11607,2867,4774,6915,8737,
127705000212,13964,1271,3007,4934,6925,8740,
127706000212,45781,2040,2972,4862,6999,8836,
127707000212,46914,1349,2856,4902,6715,8712,
127708000212,108028,1073,3126,4741,6832,8784,
127708500212,42640,2133,3030,4711,6713,8954,
127709000212,115574,1610,2776,5190,6649,8881,
127710000212,44680,1184,3192,4868,6867,8606,
127710500212,45640,991,3348,4915,6919,8855,
127711000212,29265,1338,2684,4640,6700,8710,
127711500212,18943,1257,2739,4666,6902,8979,
127712500212,85266,1455,3096,4681,6936,9131,
127714500212,49094,1250,2997,4754,6857,8928,
127715500212,227037,1262,2993,4881,6741,8727,
127718500212,26713,1880,3015,4959,6666,8739,
127720000212,51072,1122,2943,4756,6766,8875,
127720500212,21919,1556,3490,4716,6951,8892,
127721500212,43421,2954,3125,5008,6852,8990,
127722500212,300000,11565,2681,4786,6699,8690,
127723000212,99106,1386,3103,4958,6984,8941,
127723500212,33536,11573,2898,4708,8749,9260,
127724000212,35222,1404,2892,4629,6906,8885,
127724500212,14331,1325,3219,4978,6912,8931,
127725000212,49067,1378,2842,4757,7608,8770,
127725500212,24244,1101,2949,4842,6855,9138,
127726000212,25584,1566,2965,4919,6706,9058,
127727500212,29061,1639,2746,4898,6702,9062,
127729500212,26340,1202,2874,4666,6701,8737,
127730500212,32489,1122,2746,4739,6725,8916,
127731000212,29700,1986,2931,4905,6884,8993,
127732500212,12832,1249,3022,4991,6965,9046,
127735500212,51681,1122,2758,4764,6765,8721,
127739000212,49408,1091,2952,4754,6686,9090,
127739500212,17314,1169,3015,4935,6766,9720,
127740000212,33655,12018,2732,4782,6702,8838,
127740500212,22145,1291,2748,4678,6760,8681,
127741000212,31295,1087,2854,4941,6739,8929,
127742000212,21923,1353,2889,4912,6661,9025,
127744000212,33943,1340,2928,5070,6971,8983,
127744500212,10641,11887,2918,4903,6828,8825,
127746000212,70841,38031,38234,37708,38162,37892,
127746500212,47705,1284,2938,4873,6926,9449,
127747000212,46013,1039,2914,4942,6648,8727,
127747500212,150306,1452,3319,4892,6770,8659,
127748500212,38961,1311,3248,4927,6919,8698,
127749000212,8106,1461,3004,4881,6698,8958,
127749500212,41086,1896,3009,5039,6963,8993,
127750500212,24913,1294,2837,4703,6658,8771,
127752500212,45076,1158,2728,4913,6758,8896,
127754000212,300000,1204,2743,4913,6751,8716,
127754500212,73383,1315,3101,4726,6855,8904,
127755500212,46011,1359,2904,4663,6748,8722,
127756000212,13197,1190,2901,4694,7473,9029,
127757000212,33620,1264,2874,4663,6666,8702,
127758000212,212258,1279,2770,4729,6685,8889,
127759000212,53562,11954,2993,5002,7140,9171,
127759500212,119574,1198,2938,4716,6835,8698,
127760500212,13448,1326,2909,4749,6845,8727,
127761000212,97980,11888,2968,4903,6777,8694,
127761500212,32029,1178,2976,4834,6651,8876,
127762500212,33269,1321,2921,4751,6752,8827,
127763500212,44935,1191,2917,5329,7069,8831,
127765000212,11233,1256,2783,4912,6908,8866,
127765500212,25396,1226,2771,5022,6685,8749,
127766000212,34504,1423,2941,5082,6822,9043,
127766500212,55628,12660,10996,11697,11409,11624,
127767000212,30376,11904,2743,4723,6878,8850,
127767500212,23473,1153,2659,4827,7011,9051,
127768000212,32523,1177,2884,4915,6704,8644,
127768500212,34604,1207,2863,4739,6934,8775,
127769000212,8987,1130,2877,4758,6666,9124,
127769500212,300000,1160,2855,4718,6747,8740,
127770500212,286298,11596,2923,4938,6776,8710,
127772500212,28981,1201,2668,4896,6912,8816,
127775000212,50427,1324,2996,5010,6911,8907,
127775500212,207897,12102,3107,4943,7048,8999,
127776000212,61685,1577,3042,4923,6967,8891,
127777000212,110927,12286,3103,4980,7110,9125,
127777500212,201238,1239,2856,4731,6727,8899,
127779000212,188314,1409,2901,5094,7061,8880,
127779500212,36958,1121,2648,4678,6693,8581,
127780000212,19523,1480,3026,4721,6857,8778,
127781000212,15447,11905,2982,4902,7113,8851,
127781500212,28185,1284,2874,5024,6768,8678,
127784000212,53412,4409,4025,4726,6695,8694,
127785500212,300000,34454,36275,37144,40496,42642,
127786500212,300000,694072,693560,691017,693463,694459,
127787000212,,581003,582081,580578,582001,581330,

