,W-0,R-0,R-1,R-2,R-3,R-4,
115412333907,15511,29184,28435,27999,28057,28494,
115413833907,1534,12290,3024,5342,7357,9200,
115414833907,10137,1386,3147,5004,7274,9310,
115415833907,129340,1843,3256,5080,7492,9215,
115416833907,1991,11827,2928,4958,6910,8790,
115417333907,43242,1708,3179,4947,6906,9010,
115417833907,1484,1577,3279,5074,7054,8973,
115418333907,1762,12364,3296,4791,6955,8875,
115418833907,1407,1594,3066,4873,6900,8979,
115419333907,1759,1416,3046,4876,6835,8817,
115420833907,1583,12206,2996,4924,6966,9037,
115421833907,1616,1337,3057,4842,6835,8866,
115422333907,1643,1321,3398,5645,7020,8944,
115422833907,1577,12296,3064,5144,6914,8988,
115423333907,1550,1354,2843,4825,6844,8922,
115423833907,1633,12194,3025,5244,7010,8970,
115424333907,1841,12334,2920,4895,6823,8919,
115424833907,2684,11797,3060,4899,6912,9217,
115425833907,1741,12203,3250,4873,6865,9070,
115426333907,10357,22643,22291,22504,21701,22028,
115426833907,1448,12362,3180,4896,7021,8921,
115427333907,1263,1416,2992,4895,7042,8819,
115428333907,1654,11889,3349,4953,6967,8964,
115429333907,1308,1547,3035,4928,6871,8933,
115429833907,1563,1350,2898,4930,6797,8974,
115431833907,6686,12048,3449,5079,6956,8877,
115432333907,1847,1537,2849,4931,6783,8870,
115432833907,1362,11889,2922,5246,6834,8916,
115433333907,1547,1328,2953,4941,6995,9193,
115433833907,3047,13499,2893,4966,6919,9146,
115436333907,1806,1493,3179,4783,7050,8992,
115437333907,1683,12042,3634,4850,6825,8853,
115437833907,1385,11909,3000,4917,6967,8864,
115438333907,1597,1441,2929,4908,6973,8847,
115438833907,1534,1266,3040,5053,7321,9066,
115439333907,1333,1586,2939,5148,6911,8878,
115440333907,1243,1393,3162,5183,7177,8954,
115440833907,1307,1468,2900,4963,6913,8804,
115441333907,1555,12037,3426,4984,7031,8921,
115443333907,54805,12219,3179,5075,6995,9054,
115443833907,1709,1433,2847,5174,6870,9165,
115445333907,2550,1922,3285,5091,7151,9076,
115445833907,1510,1519,3237,5005,7031,8929,
115446333907,1249,1688,2790,4812,6742,8948,
115446833907,1745,1388,3278,4988,6935,8818,
115447833907,1530,1708,2952,4932,7338,8910,
115449333907,1951,1622,3027,4867,7018,8861,
115449833907,10216,12029,3646,4821,6774,8926,
115450333907,1245,1457,3018,5180,7162,8894,
115451333907,1453,11929,3191,4805,6920,8844,
115452833907,1362,1456,2832,5010,7004,8846,
115453833907,1365,12050,2986,4930,7291,8983,
115455333907,1518,11902,2944,4895,6769,9867,
115455833907,8470,1446,3009,5040,6988,8925,
115456833907,1521,12147,3068,4933,6879,9019,
115457333907,186478,1688,3187,5074,7031,9038,
115458833907,133083,11960,3257,5036,6882,8906,
115459333907,1481,1329,2859,4810,6791,8839,
115459833907,1761,12273,3143,5058,6878,8949,
115460333907,1391,11948,3161,5018,6825,8760,
115462333907,1442,11761,3044,4934,6872,8773,
115464333907,1313,1585,3467,4746,6816,8935,
115464833907,1746,1888,2851,4804,6744,8827,
115466333907,55275,1507,2877,4807,6935,8833,
115467833907,1577,1338,2929,5056,6843,8838,
115470333907,1419,12053,2961,4975,7269,8834,
115470833907,5275,1233,2790,4808,6727,8760,
115471833907,1269,1441,2896,5030,6761,8853,
115472333907,1180,1430,2973,4955,6745,8827,
115472833907,1214,1459,3397,4766,6846,8954,
115473833907,1251,1451,2907,4928,6948,8882,
115476333907,202897,211325,207937,213265,211694,218862,
115476833907,300000,306250,306928,306744,306773,307166,
115477833907,1203,1471,2811,4828,6815,9283,
115478333907,1535,1785,2781,5030,6783,9090,
115478833907,121917,1232,2982,4968,7054,9083,
115479333907,300000,12356,3138,5139,7154,9267,
115481333907,1582,31564,4869,11213,11429,14131,
115482333907,1506,11789,3549,4767,6939,9208,
115484833907,1374,11891,2986,5055,6939,8915,
115485833907,1411,1212,2814,4789,6878,8812,
115486333907,1492,1357,2915,4897,6766,8909,
115488833907,1462,12350,2901,4703,7378,8934,
115489333907,1378,1692,3195,4778,6992,8873,
115490333907,1347,11727,2869,5324,6707,8718,
115492833907,1226,1329,2891,4829,6786,13724,
115494333907,1323,1465,2919,4824,6823,8815,
115494833907,1455,1304,2893,4958,6982,8828,
115495333907,1244,1448,2916,4780,6674,8975,
115495833907,1425,12012,2919,4741,6685,8814,
115496333907,1496,1344,2928,5226,7002,8889,
115496833907,1153,1316,2652,4743,6726,8753,
115497333907,1162,1315,2706,4756,6819,8875,
115498833907,1633,1427,2967,4914,6780,9229,
115499333907,1263,1455,2914,4761,6720,8818,
115499833907,1502,1307,2889,5216,6867,8861,
115502333907,1383,11707,2820,4787,7000,8950,
115502833907,1026,1282,2874,4722,6721,8748,
115503833907,17539,1431,2933,4888,6891,8918,
115504833907,1269,11814,2767,4882,6873,8907,
115505333907,1388,1272,2856,4835,6859,8939,
115505833907,19468,1190,2845,4736,6816,8815,
115506333907,1440,1296,2984,5078,6975,8917,
115508833907,1839,1532,2977,4951,6925,8942,
115510833907,1503,11863,3092,5630,6774,8856,
115511333907,149005,1616,3043,5317,6850,8741,
115511833907,1207,11726,2697,4834,6761,8709,
115512333907,1570,1671,3045,4830,6821,8675,
115512833907,300000,1320,2920,4823,6691,8672,
115513333907,1264,12054,2836,4750,6764,8792,
115514833907,1610,12259,2865,4957,7294,9330,
115515833907,1207,11740,2754,4747,6740,8824,
115516333907,1302,11727,2788,4897,6878,8893,
115516833907,9830,1260,2980,4809,6830,8959,
115517333907,936,1435,2910,4724,6857,8833,
115518833907,11947,12053,3281,4817,6819,8819,
115519333907,1474,1278,2732,4688,6821,8678,
115520333907,1312,1532,9873,10262,9806,9554,
115522333907,1446,1342,2835,4744,6677,9373,
115523333907,1394,1565,3066,5088,7011,8832,
115524333907,1542,1341,2933,4931,6908,8783,
115525333907,1484,1343,2916,4813,6788,8824,
115525833907,1616,1403,2936,4886,6857,8755,
115527333907,1357,11843,2797,4818,6876,8812,
115529833907,1144,1308,2670,4775,6817,8866,
115530833907,1412,11874,3294,4836,6831,8987,
115533333907,1585,11976,2971,5352,6860,8792,
115533833907,1216,1471,2997,4892,7032,8803,
115534333907,1045,1359,2944,4804,6870,8950,
115534833907,1304,1500,2827,4756,6790,8855,
115536333907,1505,1389,3164,4805,6705,8998,
115536833907,1308,1528,3136,4918,6880,8914,
115537333907,1074,1341,2914,4968,7144,9139,
115539333907,1291,12222,2873,4869,6766,8879,
115540833907,1513,1407,2929,4864,6787,8817,
115541333907,1536,12033,3263,4879,6962,8827,
115541833907,2386,11847,2916,4764,6753,8727,
115542333907,2513,1235,2893,4964,6732,8765,
115542833907,1488,11995,2802,4990,6802,8729,
115543333907,1267,1444,2813,4784,6859,9018,
115543833907,1354,11813,2845,4891,6866,8999,
115545333907,1365,11812,2915,4837,6871,8824,
115546333907,1382,11710,3044,4854,7814,9185,
115546833907,1157,1394,2922,4771,6810,8764,
115547333907,1252,1443,2985,4855,6836,8744,
115547833907,990,1320,3092,4960,6907,8826,
115548833907,1154,1422,2752,4770,6749,9078,
115549833907,1012,1271,2726,4692,6984,8837,
115550833907,1308,1618,2762,4806,6971,8754,
115551333907,1225,1383,2843,5046,6947,8870,
115551833907,1131,1286,2895,4885,7315,8741,
115554333907,5427,11716,3025,4954,6795,8792,
115556333907,1575,11726,2786,4914,6680,8770,
115557833907,1234,1379,2881,4927,6808,8877,
115559833907,1493,1304,3003,4877,6933,9256,
115560333907,1248,1420,2881,4963,6862,8821,
115561333907,1204,1398,3050,5039,6915,8790,
115562333907,1051,1323,3731,4885,6909,8752,
115562833907,1513,1270,2961,4880,6802,8783,
115563333907,984,1319,2857,4821,6831,8824,
115565833907,1431,11891,2840,4952,6848,8901,
115566833907,9449,1380,3464,4760,6723,9380,
115568333907,1445,1744,3020,4892,6863,8984,
115570833907,75388,1398,2851,5153,6887,8709,
115572333907,1766,12133,2717,4740,6908,9023,
115573833907,17298,18028,18979,18372,18884,18696,
115575333907,2620,2422,2999,5228,6662,8816,
115576833907,1553,11976,2720,4726,7309,8940,
115577333907,46371,1355,2947,4812,7631,9044,
115577833907,1209,1365,2898,4725,6718,8814,
115578333907,1500,1640,2763,4788,6990,8913,
115578833907,2769,13318,2975,5180,6761,8949,
115579833907,1209,1341,2891,4809,7161,8817,
115580333907,65484,1256,2868,4864,6837,9254,
115580833907,1301,1458,2894,4808,7004,8964,
115581833907,1247,1670,2811,4959,6862,8877,
115583833907,1207,1368,2691,4802,6764,8680,
115584833907,1170,1347,2818,4776,6889,8817,
115587833907,1394,1548,3033,5351,6930,8720,
115588333907,1384,1200,2814,4857,7002,8877,
115589333907,1531,1629,3020,4965,6722,8809,
115590833907,1298,1515,2928,4946,6963,8870,
115591333907,1302,1491,2908,4820,6839,8789,
115591833907,1213,1479,3143,4958,6757,8703,
115592333907,1246,1755,2953,4937,6938,8735,
115593333907,1211,1416,2794,4927,6953,8869,
115594333907,1214,1394,3021,4888,6859,8801,
115594833907,1295,12000,2859,4858,6914,8874,
115595833907,1427,1241,2832,5197,6860,8747,
115597333907,8121,1372,2807,4840,6783,8844,
115597833907,1207,1395,3023,4870,6870,8783,
115598833907,1273,1408,2979,4907,6794,8832,
115599333907,1386,1273,2913,4806,7153,8807,
115599833907,1476,11968,2821,5038,6900,8743,
115600333907,1384,1196,3025,4945,6939,8896,
115602333907,1618,1434,3252,5986,7029,9049,
115602833907,12009,12174,3085,5018,6890,8745,
115604333907,1144,1295,2722,4739,6770,8792,
115604833907,22062,1430,3144,4911,6901,9076,
115605333907,1406,11927,2992,4722,6845,8880,
115607333907,1347,1563,3054,4715,6846,8811,
115608333907,NULL,NULL,NULL,NULL,NULL,NULL,
115612333907,9149,1226,2807,4911,6882,9775,
115612833907,1569,12171,3190,4984,6959,8801,
115613833907,1458,1264,2872,4765,6783,8884,
115614333907,5647,4006,5375,5483,6958,9156,
115615333907,1528,11830,2995,5016,7232,9153,
115615833907,1224,1417,2946,5050,6813,8844,
115616333907,4447,1265,2779,4895,6817,8734,
115617333907,1437,1253,2792,4725,6723,8864,
115617833907,1394,11663,2994,4829,6699,8882,
115619333907,1323,11712,2878,4944,6850,8891,
115619833907,1061,1446,2913,4884,6823,8913,
115621333907,1270,11801,3015,5133,7084,8952,
115621833907,10583,11763,2834,4726,6796,9281,
115622333907,1147,1291,2825,4739,6702,8745,
115623333907,1707,1511,2980,5027,6826,8878,
115624333907,1380,1568,2877,4801,6745,8757,
115625833907,1250,11721,2929,4815,6900,8890,
115626833907,1230,1399,2909,4843,6672,8802,
115628833907,1521,1333,3039,4812,6798,8782,
115629333907,1610,11741,2948,4850,6834,8748,
115629833907,15425,1187,2909,4978,6847,8754,
115630333907,1443,11826,2850,4840,6902,9055,
115631333907,1505,1314,2711,4725,6738,8804,
115631833907,1477,1207,2786,4752,6908,8736,
115632333907,1569,12009,2880,4868,6778,8908,
115632833907,1042,1293,2890,4841,6741,8713,
115633333907,1320,11722,2961,4798,6726,8827,
115633833907,5551,1613,2927,5229,6840,8740,
115635833907,1360,11746,2976,4790,6938,8785,
115636833907,2555,13236,2987,4922,6834,8800,
115638333907,6524,1378,3129,4993,6866,8700,
115640833907,1478,1296,2859,4806,6850,9047,
115641333907,1007,1359,2990,4896,6941,8806,
115641833907,2827,14015,3058,5724,7369,8753,
115643333907,1201,11452,2886,4727,6764,8746,
115643833907,1329,11831,3035,4898,6819,8911,
115644833907,1082,1327,3152,4848,6721,8765,
115645833907,1266,11637,2813,4910,6721,9368,
115646333907,1014,1264,2829,4769,6917,8715,
115646833907,2639,12838,3328,4774,6833,8771,
115647333907,1545,1347,2993,5019,6733,8833,
115647833907,1302,1423,2898,4681,6755,8768,
115648333907,91904,12528,2870,4797,6787,8803,
115648833907,1259,1407,2884,4840,6707,8912,
115649333907,1265,1452,2946,4761,6854,8993,
115649833907,1298,11688,2750,4674,6771,8766,
115650333907,1154,1252,2778,4984,6827,8804,
115651333907,1018,1256,2900,4814,6852,8844,
115651833907,1457,1328,3451,4765,6819,8686,
115652333907,1268,1446,2899,5270,6762,8887,
115653333907,1633,11759,2951,4775,6794,8811,
115653833907,1275,11565,2820,4748,6729,8706,
115654833907,1661,1474,3041,4850,7150,8797,
115655333907,1442,11896,2987,4917,6777,8807,
115655833907,1139,1295,2865,4821,6831,8776,
115656333907,1729,1476,2990,4949,6771,8830,
115657333907,1295,11744,2853,4748,6802,8805,
115657833907,1282,11770,3036,4825,6690,8788,
115658333907,1379,11922,4261,5042,6979,8955,
115658833907,1407,1538,3029,4910,7036,8830,
115661333907,1498,1391,2802,4813,6786,8993,
115661833907,5297,1481,2934,4965,6901,9202,
115663833907,1510,11862,2807,5148,6981,8905,
115666333907,26224,11465,2802,4775,6850,8733,
115669833907,1251,1482,3350,4914,6889,8695,
115670333907,1352,1544,2989,4880,6790,8832,
115671833907,1403,11845,2893,4934,7035,8925,
115672333907,1657,11880,2834,4755,6764,8820,
115672833907,1794,1656,2741,4704,7207,8720,
115674333907,1266,1417,2950,5272,6753,8719,
115674833907,17428,1223,2951,4877,6846,8919,
115675833907,2331,11972,2790,4828,6768,8831,
115676833907,1213,1435,2870,4809,6721,9020,
115677333907,1315,11613,2909,4791,6943,8768,
115677833907,9032,1197,2800,4726,6832,9198,
115678333907,1278,1421,2959,4747,6691,8723,
115679833907,1417,11728,2748,4868,6788,8776,
115680833907,55810,11507,2968,5016,6821,8741,
115681333907,8898,1304,3076,4749,6726,8783,
115682333907,1541,1634,2856,4942,6929,9227,
115683333907,1767,1907,3135,4886,6896,8846,
115683833907,14888,11836,2814,4958,6833,8788,
115684333907,1706,11766,3058,4905,6936,9179,
115687333907,1315,11503,2835,4842,6700,8667,
115688333907,1738,2294,3333,4924,7142,8837,
115689833907,1309,1507,2793,5175,6984,9001,
115690833907,1519,11981,2823,5052,6842,8724,
115691833907,997,1316,2828,4736,6936,8953,
115693333907,1801,1594,2921,4864,6959,8882,
115693833907,1705,12042,2982,4795,6987,9170,
115694333907,1201,1601,2990,4878,6771,8820,
115696833907,3561,13953,13814,5010,7033,8850,
115697333907,1368,11883,2919,4699,6738,8843,
115698833907,1513,1711,3044,4926,6946,8871,
115699333907,1590,1686,2965,4865,6739,9193,
115699833907,1436,11697,2860,5288,6970,9298,
115701333907,1284,1430,2869,5266,8669,9082,
115701833907,1044,1432,3035,4995,6844,8799,
115702333907,1652,12420,2908,4783,6754,9087,
115703333907,1460,1259,3307,4773,6766,8756,
115706333907,13209,11653,2957,4786,6746,8773,
115706833907,1062,1309,2932,4919,6796,8804,
115707833907,8659,1351,2966,4857,6830,9184,
115708333907,1306,1464,2876,4861,6891,8790,
115709833907,1471,1339,2848,4742,6762,8810,
115710833907,1770,1581,2797,4746,6758,8745,
115712333907,1237,11772,2742,4764,6803,9028,
115712833907,1220,1363,2857,4892,6822,8780,
115713333907,1284,1480,2776,4885,6854,8750,
115715833907,1533,11788,2844,4703,6807,8752,
115716833907,1242,1473,3011,4866,6723,9241,
115717333907,8845,1313,2941,4872,6687,9019,
115718333907,1266,987,2940,4900,6791,8754,
115721333907,1511,1374,2899,4821,6684,8787,
115721833907,1460,1346,2791,4828,6825,9026,
115722833907,10706,1518,2959,4914,6944,8884,
115724333907,35574,1308,2959,4820,6795,8829,
115726333907,1300,1524,2893,4765,6740,8781,
115726833907,1515,11876,3141,5026,7047,8785,
115728333907,1608,1390,2987,4903,6902,8797,
115729333907,1451,1351,3003,4913,6897,8880,
115729833907,1447,11664,2917,4742,6766,8861,
115730833907,1339,1194,2948,4997,7008,8855,
115732833907,1673,1482,2820,4886,6778,8720,
115733333907,2644,1907,3050,4892,6764,8769,
115734833907,1498,11977,2750,4881,6858,8877,
115735333907,16410,12150,2874,4883,6818,8875,
115736333907,1420,11769,2919,5000,7035,8800,
115737833907,1033,1420,3006,4812,6886,8836,
115738833907,1646,1533,2969,4907,6759,8929,
115740833907,1459,1646,2875,5830,6830,8921,
115741333907,6442,1187,2756,4734,6982,8806,
115741833907,1309,11770,3248,5008,6880,8889,
115742833907,1432,12373,2785,4820,6750,8844,
115745333907,5941,12353,2833,5415,6854,8819,
115751333907,4550,1382,3031,4887,6735,8824,
115751833907,1589,1470,3199,5152,6992,8798,
115752833907,1230,1430,2805,4990,6850,8944,
115753333907,2605,12180,2864,4938,6816,8968,
115756333907,1299,1478,2940,5012,6992,8780,
115757833907,1222,1432,2862,4885,6902,8771,
115758333907,1298,11777,2822,4767,7398,9583,
115758833907,14277,1260,3314,4747,6687,8742,
115759333907,55270,56677,56812,56911,57188,57372,
115759833907,1332,11944,2797,4882,6825,8808,
115760333907,1518,12390,3663,4897,6988,9029,
115762833907,1168,1416,2903,4750,6763,8807,
115764833907,27387,27721,28183,27605,27538,27409,
115765333907,1166,1308,2819,4857,6873,8929,
115766333907,1675,1485,3058,4953,6979,8925,
115766833907,1610,1788,3016,4802,6867,8905,
115767333907,1549,11677,2859,5001,6838,8805,
115767833907,1726,1487,3066,5031,6917,8976,
115768333907,1255,1439,2872,4901,6858,8971,
115769333907,1551,1353,3191,4896,6874,8892,
115769833907,1429,12239,3367,4842,6969,8892,
115770333907,90341,1450,2921,4993,6996,9013,
115771333907,1640,1503,5896,5538,6844,8842,
115771833907,83674,1225,2800,4724,6688,8959,
115772333907,5610,11544,2696,4778,6747,8711,
115774333907,1381,11612,3161,4825,6807,8862,
115775833907,51292,1594,3002,4983,6921,8723,
115776333907,1207,1394,2933,4774,6778,8807,
115777333907,1212,1403,2748,4839,6739,8803,
115777833907,1596,2527,3241,4841,6821,8791,
115779333907,5168,11841,2813,4825,6833,8713,
115780333907,300000,533916,533721,534355,534492,534176,
115781833907,1158,1365,3584,4797,6823,8717,
115782833907,169039,1502,2931,4913,6895,9053,
115783333907,1705,1486,2846,4857,6810,8817,
115783833907,1491,11947,2718,4876,6784,8965,
115786333907,1421,1321,2986,4889,6700,8792,
115786833907,1211,1386,2907,4735,6839,8969,
115787833907,73035,11831,3168,5027,6923,8945,
115788333907,14867,12175,3052,4892,6817,9564,
115789833907,1420,1312,2920,5217,6832,8887,
115790833907,1371,1265,2786,4768,6863,8844,
115792833907,89884,1788,3146,5064,6921,8793,
115796333907,1442,1347,2857,4958,6753,8699,
115798833907,2376,1359,2916,5293,6761,8755,
115799333907,1302,12212,2855,4968,6868,8987,
115799833907,1461,1244,2759,4775,6982,8948,
115800833907,1506,1377,2943,4903,6738,8728,
115801833907,1930,11709,2823,4704,6765,9431,
115802833907,1343,1559,2910,4903,6870,8805,
115803333907,1479,1364,2755,4808,6923,8812,
115803833907,1213,1383,2859,4842,6744,8762,
115804833907,1701,1486,3004,4859,6831,8826,
115805333907,10874,11993,2846,4917,6694,8872,
115805833907,1256,11426,2795,4719,6765,8767,
115806333907,1438,11636,2848,5206,6785,8760,
115807333907,1210,1463,2752,4705,7201,8797,
115809333907,1309,2362,2939,5024,6997,8769,
115810333907,1375,11634,2944,4967,6872,8949,
115813333907,1033,1283,2844,4793,6705,8911,
115814833907,1157,1368,2811,4765,6787,8842,
115815333907,1463,1374,2770,4771,6650,8937,
115816333907,4027,3936,3713,4744,6871,8778,
115817333907,7877,19226,19486,8429,8404,9035,
115817833907,1463,1372,2893,4775,6731,8674,
115818333907,1017,1361,3544,4875,6828,8767,
115818833907,10384,1404,3044,4809,6944,8754,
115819333907,1227,11544,2956,4869,6691,9001,
115819833907,7221,17508,17388,15476,7000,8830,
115820333907,72673,1772,3251,4973,6922,9016,
115820833907,1716,2398,3072,4752,6708,8720,
115822333907,1649,1438,2998,4992,6956,8736,
115824333907,6405,1307,2822,4787,6794,8750,
115825333907,1163,1366,2947,4870,7054,8876,
115825833907,300000,1537,2985,4926,6751,8663,
115827333907,1041,1347,2709,4728,6708,8744,
115830333907,1161,1357,2767,4836,6761,8733,
115833833907,1002,1249,2912,4774,6801,8763,
115834333907,1050,1468,2776,4795,9459,10350,
115834833907,950,1191,3174,5037,6767,9671,
115835333907,1406,1805,3687,5512,11068,13365,
115835833907,1050,1397,2950,4645,6739,8642,
115836833907,1501,1351,2833,4731,6784,8801,
115838833907,1134,1263,2817,4801,6810,8818,
115839333907,1347,11868,2983,4768,6930,8961,
115840833907,1370,11702,2975,4885,7367,8709,
115841333907,1401,1309,3046,4822,6690,8858,
115841833907,1385,11957,2824,4861,6989,8882,
115842333907,1079,1411,2899,4872,6692,9195,
115843333907,1370,11680,2768,4934,6794,8840,
115843833907,1067,1302,2774,5069,6817,9020,
115844333907,1162,1319,2731,4775,6741,8702,
115845333907,1036,1469,2721,4792,6979,8828,
115847333907,1492,1360,2809,4806,6764,8666,
115848833907,1883,12344,3038,5247,6790,8708,
115849333907,103256,1208,2788,4790,6631,8652,
115850333907,1603,11968,3054,4870,7203,8712,
115850833907,1292,1389,2916,4805,6897,8860,
115851833907,1163,1350,2781,4767,6759,8766,
115852833907,1475,1395,2769,4746,6726,8676,
115853833907,1058,1263,3050,5056,6891,8768,
115854333907,1309,1462,3211,4932,6823,8767,
115855333907,1073,1357,2794,4683,6668,8789,
115855833907,1575,11642,2951,4796,6770,9527,
115856333907,1316,11632,2791,4695,6735,8755,
115857333907,1000,1320,2871,4738,6887,8843,
115858333907,1599,1429,2993,4897,6967,9015,
115859833907,1858,1769,2865,4807,6752,8852,
115860333907,1352,1207,2896,4784,6789,8855,
115860833907,1472,12066,2807,4855,6758,8865,
115861333907,1653,1790,2779,4749,6720,8775,
115861833907,1381,11944,2722,4934,6939,8803,
115862333907,1364,1284,2763,4670,6746,8683,
115862833907,7015,1317,2845,4883,6825,8701,
115863333907,1210,12397,2864,5378,7256,8877,
115863833907,1867,1744,2832,4744,6719,8740,
115864333907,1217,11759,2789,4724,6887,9312,
115865333907,34012,1465,3073,4789,6736,8797,
115867333907,1406,1230,2818,4863,6718,8759,
115869833907,1325,11843,3002,4761,7218,9063,
115870333907,50626,1412,2909,4877,7030,8880,
115870833907,1376,11655,2841,4748,6846,8779,
115871833907,989,1266,2978,4818,6715,8717,
115872333907,17901,1075,2854,4673,6619,8704,
115873833907,4707,1287,3128,4968,6744,8894,
115874333907,1587,1459,3037,4886,6853,8793,
115874833907,1143,1279,2939,4861,6753,8783,
115875833907,1375,11486,2841,5021,6751,8819,
115876333907,1022,1287,2749,4770,6718,8798,
115878833907,1219,1356,3004,5018,6993,9029,
115880333907,1348,1533,2891,5041,6754,8664,
115881333907,1160,1390,3547,4665,16684,16594,
115881833907,1550,11964,3014,4773,6783,9199,

