,W-0,R-0,R-1,R-2,R-3,R-4,
133871809984,8657,8260,5795,7819,9203,10110,
133873309984,5405,1890,3164,5137,7205,9632,
133874309984,4692,1860,3952,6095,7177,9058,
133875309984,300000,1314,2915,4976,6958,8819,
133876309984,164934,181416,186338,180882,578776,180724,
133876809984,82963,83252,84757,85474,83665,83087,
133877309984,300000,12390,3286,5070,6897,8916,
133877809984,NULL,NULL,NULL,NULL,NULL,NULL,
133878309984,NULL,NULL,NULL,NULL,NULL,NULL,
133878809984,237675,220397,217954,227148,218428,223249,
133880309984,3561,1703,4393,5919,6761,8760,
133881309984,3650,1837,3267,4719,7176,8895,
133881809984,3552,1584,4108,6416,6704,9457,
133882309984,3518,1271,3265,4783,6843,8927,
133882809984,3588,1399,2881,4796,6891,8854,
133883309984,3831,1369,3100,4968,6896,9080,
133883809984,4496,1212,2743,4803,7295,8811,
133884309984,3588,1404,2831,4788,6699,8798,
133885309984,5543,11763,3294,4648,6768,8816,
133885809984,3395,11721,3395,4902,6849,9143,
133886309984,3546,1341,2969,4763,6879,8918,
133886809984,3401,1236,2800,4915,7001,8880,
133887809984,3245,1308,2956,4802,6758,8745,
133888809984,13703,11555,12405,12893,11798,12095,
133889309984,3470,1454,2974,4854,6839,8824,
133891309984,3610,1366,2881,4672,6729,9544,
133891809984,3560,1467,3659,4859,7308,8860,
133892309984,3591,1479,4141,5234,6826,8663,
133892809984,10163,1502,2840,4691,6812,9101,
133893309984,3219,1340,2673,4677,6693,9335,
133895809984,3788,1276,2693,5229,7111,8804,
133896809984,3611,1476,3168,4933,6811,8685,
133897309984,8926,1158,3104,4860,6879,9101,
133897809984,2902,1278,2729,4722,6794,9492,
133898309984,2429,1757,2694,4791,6667,8711,
133898809984,3720,1339,2904,4864,6794,8724,
133899809984,7239,1330,2721,4932,6585,8653,
133900309984,5325,3077,3288,4822,6742,8580,
133900809984,3258,964,2598,4523,6619,8574,
133902809984,5163,1374,2781,4893,6845,8780,
133903309984,4997,1415,2877,4800,6926,8859,
133904809984,4758,1256,2915,5136,7888,8945,
133905309984,4076,11799,2972,4702,6651,8822,
133905809984,16152,12718,12945,13156,13264,13318,
133906309984,5078,1444,2741,4830,6727,8962,
133907309984,116989,1218,2653,4710,6610,8785,
133908809984,3708,11737,2754,4814,6873,8824,
133909309984,35474,1129,2776,4643,7320,8933,
133909809984,5268,11884,3092,4955,6923,8768,
133910809984,3431,1317,2684,4679,6799,8779,
133912309984,4098,1621,2775,4996,6805,8922,
133913309984,3247,1290,2716,4672,6770,8676,
133914809984,3501,1461,3179,4728,6837,8865,
133915309984,5113,1390,2737,4837,7096,8871,
133916309984,4335,1412,2729,4815,6750,8708,
133916809984,3336,1464,2751,4648,6788,8804,
133918309984,3652,1316,2870,4892,7211,8758,
133918809984,3962,1676,2863,4733,6825,9411,
133919309984,2934,11708,2819,4936,6772,8763,
133919809984,3556,1399,2879,4770,6812,8784,
133921809984,3710,1288,2774,5655,6561,8596,
133923809984,3385,1621,3765,4885,7356,8533,
133924309984,4444,1271,2738,4690,7180,8855,
133925809984,6809,13170,4336,4737,6742,8676,
133927309984,3557,1243,2768,4820,6878,8722,
133929809984,4756,1281,2709,4671,6750,8703,
133930309984,5249,11623,2899,4825,6831,8698,
133931309984,4968,1822,3054,4792,7128,8821,
133931809984,3505,1307,2827,4737,6771,8647,
133932309984,4756,1303,3375,4682,6725,8636,
133933309984,5430,1380,2805,5214,7317,8701,
133935809984,3392,1290,2681,4690,6623,8681,
133936309984,3332,1226,2629,4586,7006,9221,
133937309984,4775,11552,2885,4697,6718,8961,
133937809984,3465,1403,2924,4661,6769,8643,
133938309984,5653,2646,3237,5315,6684,8739,
133938809984,3527,1428,3064,4745,6936,8780,
133940809984,3408,1249,2854,4666,6836,8853,
133941809984,3250,1392,3209,4777,6659,8812,
133944309984,3629,1358,2951,4711,6810,8795,
133945309984,3890,1382,2813,4713,6916,8853,
133945809984,3302,1255,2754,4693,6652,8703,
133948309984,2510,11393,2757,4670,6625,8663,
133948809984,3100,1346,2908,4822,6786,8689,
133949809984,3431,1307,2714,4878,6710,8608,
133952309984,3359,1296,2643,4783,6679,8697,
133953809984,3931,12011,2717,4589,7159,8794,
133954309984,3424,1239,2688,4999,6895,8874,
133954809984,3430,1228,2739,4731,6738,8699,
133955309984,3758,12247,2864,4700,6732,8749,
133955809984,3661,11634,2805,4678,6959,8632,
133956309984,3571,1235,2700,4678,6663,8728,
133956809984,2521,1415,2872,4825,6726,8653,
133958309984,3689,11614,2807,4709,6634,8694,
133958809984,3398,1322,2739,4733,6672,8589,
133959309984,2907,1251,2671,4707,6611,8647,
133961809984,3541,1434,2969,4833,6736,8745,
133962309984,4907,1724,2770,4697,6673,8815,
133963309984,3527,1366,2856,4804,6768,8793,
133964309984,3635,1376,3116,4854,6908,8842,
133964809984,3691,1622,2732,4675,6669,8903,
133965309984,3557,1393,3084,4806,6784,8778,
133965809984,3519,1397,2892,4798,6743,8759,
133968309984,4678,1458,2931,4859,6816,8647,
133970309984,3645,1289,2756,4550,6721,8690,
133970809984,26796,11729,2827,4720,6798,8770,
133971309984,3909,11924,3272,4811,6801,8689,
133971809984,3208,1145,2826,4710,6827,8724,
133972309984,3398,1284,2715,4654,6764,8878,
133972809984,3882,1261,2943,4679,6827,8749,
133974309984,3558,1397,2899,4705,6709,8749,
133975309984,2922,1298,2746,4709,6665,8731,
133975809984,3382,1204,2801,4866,6945,9120,
133976309984,4418,1206,2852,4828,6911,8760,
133976809984,3763,1423,2955,4878,6966,8719,
133978309984,3475,1247,2728,4729,6684,8694,
133978809984,3484,11710,2580,4782,6732,8798,
133979809984,5961,4054,3895,4749,6694,8682,
133981809984,3481,1483,3157,4660,7005,8755,
133982809984,3205,1146,2691,4605,6878,8822,
133983809984,3737,1382,2826,4827,6791,8769,
133984809984,6282,1360,2768,4864,6704,8755,
133985309984,5315,1633,2827,5079,6744,8810,
133986809984,3637,11702,2846,4840,6665,8704,
133989309984,4461,12094,2690,4828,6844,8752,
133990309984,3742,11694,2844,4632,6831,8649,
133992809984,3916,1801,2668,4819,6999,8828,
133993309984,2858,1238,2682,4733,6684,8664,
133993809984,3780,1209,2848,4620,6701,8840,
133994309984,3425,1347,2772,4675,6790,8732,
133995809984,13360,1309,3142,5745,9295,9472,
133996309984,4502,1269,2693,4707,7187,8895,
133996809984,4353,1157,2692,4673,6660,8759,
133998809984,3487,1478,2734,4593,6959,8940,
134000309984,19819,1164,2840,4698,6683,8753,
134000809984,3054,1208,2814,4826,6668,8652,
134001309984,5119,11542,2930,5193,6784,8740,
134001809984,3518,1435,2831,4729,6725,8764,
134002309984,3617,1151,2851,4691,6787,8715,
134002809984,3534,1413,3153,4792,6792,8752,
134003309984,3612,1608,2837,4864,6808,8782,
134004809984,4117,1433,2971,4890,6849,8697,
134005809984,4441,1199,2840,4825,6797,9236,
134006309984,4489,1269,2694,4731,6819,8788,
134006809984,3363,1299,2803,5165,6703,8733,
134007309984,4960,12149,2981,5116,6792,8715,
134008309984,10238,1260,2895,4752,6903,9067,
134009309984,3635,1541,3012,4778,6923,8825,
134010309984,2615,11207,2741,4732,6674,8668,
134010809984,4428,1583,2870,4794,6786,8836,
134011309984,3271,1211,2760,5167,6820,8855,
134013809984,3586,11514,2852,4599,6716,8691,
134015809984,3912,1282,2709,4741,6920,8889,
134017309984,3467,1260,2840,4740,6803,9261,
134019309984,3707,11821,3524,4779,6621,9172,
134019809984,3294,1124,2688,4729,6673,8629,
134020809984,4550,12188,2941,5012,6938,8740,
134021809984,3638,11683,2760,4638,6608,9259,
134022309984,4562,11748,6844,6723,7270,9260,
134022809984,3393,1283,2747,4790,6742,8801,
134025309984,3672,1432,3119,4881,6792,8587,
134026309984,3188,1208,2652,4665,6820,8876,
134027809984,3650,1411,2822,4787,6759,8871,
134030309984,20615,1258,2906,4783,6796,8832,
134031809984,3136,1285,2696,4781,6628,8670,
134033309984,3233,1115,2801,4573,6608,8758,
134034809984,5059,1343,3136,4819,6840,8736,
134036309984,3373,1264,2861,4709,6798,8700,
134036809984,3543,1462,2837,4817,6747,8608,
134037309984,3207,1135,2778,4697,6666,8718,
134037809984,5372,1228,2711,5112,6652,8579,
134038309984,3291,1198,3065,4875,6707,8712,
134039309984,3462,11703,2871,4676,6984,9080,
134039809984,3893,1383,3169,4727,6768,8785,
134040309984,3747,1471,2890,4729,6778,8722,
134041309984,2301,1203,3134,4535,6587,8613,
134043309984,3674,1753,2918,4701,6688,8597,
134044309984,3227,1539,2676,4696,6715,8798,
134047309984,3577,1452,2930,4927,6742,8799,
134047809984,3909,1609,2969,4906,6736,8802,
134048809984,3581,1289,2935,4707,6709,8936,
134050309984,3293,1164,2777,4715,7162,8997,
134050809984,3249,1176,2926,4687,6739,8774,
134051309984,3147,11748,2785,4794,6751,8792,
134051809984,2905,11508,2818,4896,6694,8698,
134052809984,3475,1408,2834,4733,7515,8898,
134053809984,4345,1681,3104,4643,7155,8830,
134054309984,3477,1335,2834,4759,6685,8752,
134055309984,3539,1069,2800,4613,6664,8623,
134056809984,3454,1552,2852,4659,6827,8647,
134057309984,3292,1213,2742,4667,148646,148751,
134058309984,4337,11979,2858,5067,6804,8714,
134058809984,3534,1300,2819,4699,6971,8810,
134059309984,3369,1270,2701,4782,6772,8964,
134059809984,3475,1235,2768,4645,6634,8747,
134061809984,3488,1309,2615,4747,7337,8679,
134062309984,5313,2750,2907,4934,6855,9133,
134063809984,36617,11531,2879,4704,6792,8581,
134064309984,24969,11706,2912,4763,6697,8800,
134064809984,3054,11824,2867,4820,6696,8725,
134066809984,3203,1189,2629,4619,6622,9118,
134067809984,2344,973,2746,4747,6599,8655,
134071809984,5568,1280,3015,4728,6829,8721,
134072309984,3506,1212,2719,4642,6872,8789,
134073309984,4426,1173,2599,4709,6681,8748,
134073809984,3317,1288,3378,4993,6740,8879,
134074809984,2909,11531,2711,4791,7242,8737,
134075309984,45681,2054,2892,4862,6812,8712,
134075809984,3501,1402,2884,4770,6783,8818,
134076809984,4086,1281,2807,4810,6694,8633,
134077309984,4402,11738,2853,4829,6834,8899,
134078809984,3496,11410,2732,4699,6588,8590,
134079309984,50000,43630,44215,44381,44515,44609,
134080809984,3609,1424,3140,4694,6729,8622,
134081309984,13538,1285,3297,4656,6797,8673,
134081809984,3674,11585,2841,4744,6812,8727,
134082809984,3282,1210,2940,4875,6786,8662,
134083809984,8012,11914,2997,5222,7178,8752,
134085309984,242403,1205,2844,4716,6692,8840,
134086309984,4811,1361,2963,4897,6760,8674,
134088309984,3302,1307,3394,5472,6671,8638,
134088809984,3966,2217,2904,5096,6707,8593,
134089309984,182350,1243,3005,4746,6738,8628,
134089809984,140339,1198,2785,4631,6650,8645,
134090809984,4002,1716,2758,4751,6636,9399,
134091309984,4495,1303,2608,4625,7296,8743,
134091809984,300000,1559,3001,5051,6877,8805,
134092309984,NULL,NULL,NULL,NULL,NULL,NULL,
134092809984,NULL,NULL,NULL,NULL,NULL,NULL,
134093309984,NULL,NULL,NULL,NULL,NULL,NULL,
134095309984,300000,1530,3399,4733,6693,9468,
134096309984,300000,1278,2772,4876,6807,8913,
134097809984,10201,8144,8801,8736,8855,9190,
134100309984,4103,11934,2788,4750,6727,8756,
134100809984,11266,1364,2905,4856,6737,8805,
134101309984,4409,1059,2704,4829,6762,8822,
134102809984,3525,1544,3097,4770,6703,8557,
134103309984,10358,1243,3274,4677,6668,8614,
134104309984,3531,1102,3489,4650,7209,8609,
134105309984,3482,1255,2679,4686,6659,8578,
134105809984,3372,1137,2627,4581,6594,8650,
134106309984,3247,1189,3161,4736,6747,8720,
134106809984,3280,1154,2824,4605,6717,8645,
134107309984,3194,1162,2705,4763,6752,8689,
134107809984,3360,1483,3185,4736,6684,8655,
134108309984,3258,1282,2855,4906,7492,8679,
134108809984,5006,1197,2682,4818,6805,8697,
134109309984,9409,1226,3057,4722,6866,8746,
134109809984,3386,1489,2956,4783,6630,8717,
134110809984,4822,1339,2937,4716,6857,8729,
134111309984,2387,11466,2706,4703,6770,9338,
134111809984,3361,1254,2659,4759,6753,8753,
134112809984,3409,1251,2872,4691,6655,8674,
134113309984,3009,11872,2837,4727,6635,8983,
134114309984,4393,1214,2582,4717,6628,8699,
134114809984,10796,1100,2688,4659,6690,8685,
134115309984,3921,1576,2908,4635,6772,8703,
134115809984,4066,1622,3405,4735,6907,8898,
134116809984,3260,1315,3140,4742,6892,8680,
134117309984,9699,11561,2762,4883,6696,8985,
134117809984,3276,1659,2715,4774,6663,8684,
134118309984,3529,1309,2844,4686,6654,8627,
134120809984,4695,1177,2624,4822,6871,8643,
134121309984,3218,1154,2761,4672,6760,8687,
134123309984,7890,1342,2673,4635,6649,8646,
134125809984,4123,1340,2785,4836,6677,8625,
134129309984,4362,1509,2689,4767,6663,8654,
134129809984,3357,1275,2776,4657,6741,8638,
134131309984,3741,1487,3154,4940,6826,8657,
134131809984,2482,1136,2602,4745,6712,8736,
134132309984,3673,1380,2851,4768,6775,8918,
134133809984,2915,1518,2767,4863,6759,8822,
134134309984,3390,1369,2801,4850,6668,8748,
134135309984,3659,1433,2894,4676,6655,8750,
134136309984,11354,1140,2858,4823,6779,9296,
134136809984,4055,1248,2822,4658,6872,8702,
134137309984,3266,1196,2660,4664,6608,8705,
134137809984,3158,11595,2867,4826,6683,8812,
134139309984,4373,12112,3130,4749,6806,8930,
134140309984,4576,1301,2864,4925,7119,8689,
134140809984,3415,1318,2823,4696,6686,8707,
134141809984,3457,11581,3213,4670,6755,8756,
134142809984,8941,14983,14355,4928,7068,8753,
134143309984,3134,11667,2899,4942,6720,8589,
134143809984,3763,1495,2820,4703,6864,8900,
134146809984,4533,1363,2726,4757,6838,8844,
134147809984,3374,1335,2790,4629,19617,19393,
134149309984,13688,11484,2676,4786,6655,9129,
134150309984,3474,1367,2849,4751,6655,8618,
134151309984,3781,1287,2746,4650,6638,8703,
134152809984,4376,1394,2794,4751,6605,8706,
134153309984,3303,1265,2951,4773,6648,8630,
134153809984,5132,1141,2655,4814,6681,8801,
134156309984,3011,11650,2841,4698,7164,8700,
134156809984,124310,11781,2605,4650,6820,9267,
134158309984,3362,1187,2789,4640,6720,8694,
134158809984,3208,1198,2835,4685,6726,8814,
134159309984,3400,1473,3074,4777,6815,8779,
134160809984,3320,1191,2786,4634,6824,8606,
134161309984,59593,1087,3090,4587,7143,8624,
134161809984,3412,1628,2706,4612,7097,8492,
134162809984,3637,1412,2824,5246,6627,8886,
134165809984,2766,1859,2907,4923,6824,8673,
134166309984,4057,1264,2608,4838,7192,8857,
134167309984,3534,1259,3072,4730,6737,8861,
134167809984,3238,1232,2667,4654,6659,8700,
134169309984,4303,12161,3385,4764,6673,8663,
134170309984,3460,1065,3270,4681,6561,8732,
134171809984,3295,1180,2635,4766,6627,8677,
134172309984,3508,1429,2818,5182,7136,8867,
134172809984,3132,1127,2853,4625,6830,8725,
134175309984,3339,1542,3124,4825,6670,8707,
134176309984,4417,1168,2648,4752,6900,8696,
134176809984,4482,1192,2865,4824,6872,8870,
134177809984,3654,1481,2892,4792,6901,8671,
134180809984,3242,1232,2831,4697,6570,9121,
134181309984,3245,1203,2745,4635,6724,8784,
134182309984,4254,11708,2702,4602,6673,8739,
134183809984,4372,1158,2733,4799,6816,8720,
134185809984,4326,1564,2868,4850,6833,8878,
134186309984,4657,1449,3751,5097,6760,8621,
134187809984,2540,1157,2664,4711,6886,8807,
134188809984,7171,1831,3187,5795,7134,9744,
134189309984,19306,11655,2775,4782,6685,8712,
134190309984,3527,1329,2876,4710,6698,8802,
134192309984,3852,11391,2671,4904,6870,8827,
134192809984,3674,11689,2830,4677,7112,8628,
134194309984,3594,1442,2893,4791,9547,11399,
134194809984,3526,1305,3091,4815,6749,8933,
134195809984,48896,1243,2944,4727,6814,8764,
134197309984,3488,1410,2889,4647,6642,8825,
134198309984,3328,1229,2877,4672,6854,8826,
134200309984,3416,1189,2764,4617,6885,8632,
134200809984,3685,1183,2964,4926,6687,8703,
134201309984,3408,1461,2867,4779,6859,8893,
134202309984,3412,1448,3266,4725,7127,8886,
134204809984,4492,12520,3356,4674,6589,8793,
134210809984,3684,11644,2656,4793,6688,8807,
134211309984,3613,1338,2988,4786,6837,8685,
134212309984,3210,1177,2949,4674,6724,8672,
134212809984,3524,1298,2753,4785,6509,8993,
134215809984,3912,2446,4210,4690,6675,9080,
134217309984,4334,1196,2673,4704,6694,9531,
134217809984,3577,1167,3302,4783,6632,8757,
134218309984,3309,1325,2750,4660,6734,8755,
134218809984,3951,11945,2742,4762,7064,8993,
134219309984,5382,1800,3996,4990,6966,9321,
134219809984,3681,1452,2742,4787,6803,8660,
134222309984,3571,1288,2555,4646,6856,8747,
134224309984,13282,1186,2795,4653,6695,8828,
134224809984,9696,11547,3585,4821,6855,8992,
134225809984,3685,1162,3745,4879,6655,9282,
134226309984,3472,1322,2895,4830,6717,8686,
134226809984,3581,1522,2881,4724,6748,8732,
134227309984,3200,1159,2776,4585,6670,8636,
134227809984,3387,1611,3241,5156,7071,8957,
134228809984,4111,1382,2965,4752,6891,8660,
134229309984,3646,1402,2949,4740,6782,8648,
134229809984,3472,1492,2886,4735,6704,8788,
134230809984,4528,1257,2870,4704,6765,8637,
134231309984,3406,1290,2808,4920,6821,8698,
134231809984,3506,1312,2850,4840,6729,8816,
134233809984,10470,1148,2784,4684,6678,8757,
134235309984,3501,1389,2776,4762,6734,8813,
134235809984,3408,1203,2850,4818,6781,8827,
134236809984,3756,1788,3094,4880,6731,8794,
134237309984,2994,1264,2818,4743,6752,8686,
134238809984,3478,1467,2954,4608,6783,8805,
134239809984,3262,1145,2783,4690,6679,9429,
134241309984,3205,1253,2695,4677,6714,8741,
134242309984,3467,1329,2925,4786,6728,8707,
134242809984,3397,1212,2798,4702,6660,8613,
134243309984,2468,1354,2772,4800,6740,8754,
134245809984,4988,1484,3138,4801,6762,8662,
134246309984,3339,1106,2681,4688,7475,8664,
134247309984,4377,1692,3495,4793,6691,8807,
134247809984,3213,1193,2718,4728,6909,8834,
134249309984,5351,1337,2928,4631,6742,8749,
134250309984,130176,1272,2819,4806,6825,8814,
134252309984,50636,1256,2709,4720,6626,8706,
134255809984,40272,2317,3096,4939,7134,8766,
134258309984,4391,1327,3095,4855,6842,8917,
134258809984,3523,11771,3189,4796,6850,8866,
134259309984,3193,1835,2978,4693,6716,8613,
134260309984,3387,1239,2757,5243,6656,9173,
134261309984,3593,1441,3112,4878,7231,8812,
134262309984,3432,1327,2754,4605,6677,8674,
134262809984,3134,11986,2833,6401,7113,8697,
134263309984,3198,1420,2702,4653,6720,8678,
134264309984,3363,1253,2634,4589,6683,8856,
134264809984,3501,11618,2761,4659,6734,8701,
134265309984,4881,1311,3456,4707,6690,8699,
134265809984,2459,1462,2799,4667,6689,8686,
134266809984,4361,1155,2591,4752,6777,8581,
134268809984,4418,1279,2619,4683,6717,8776,
134269809984,4347,1330,3897,4664,6735,8715,
134272809984,3173,11603,2898,4579,6716,8936,
134274309984,44475,6254,15674,5809,6972,9783,
134274809984,4160,12180,2770,4652,6814,8822,
134275809984,3297,1268,2679,4736,6694,9160,
134276809984,2868,1400,2734,4549,6655,8634,
134277309984,6277,1369,3209,4756,6713,8721,
134277809984,2577,11465,2952,4741,6877,8800,
134278309984,3646,11889,2728,4741,6794,8734,
134278809984,3386,1347,2769,4748,6636,8671,
134279309984,3320,1374,3143,4870,6930,8642,
134279809984,4507,1284,2661,4668,6932,8623,
134280309984,3459,1351,2657,4697,6590,8797,
134281809984,3760,1208,2584,4901,6672,9225,
134283809984,2983,1153,2766,4891,6772,8767,
134284809984,3477,11325,2771,4646,6712,8646,
134285309984,5059,1472,3406,4645,6853,8807,
134286809984,63553,32787,32600,32197,32351,32497,
134289809984,3151,1279,2856,4884,6745,8705,
134293309984,11379,1169,2811,4710,6817,8754,
134293809984,10418,11550,2740,4664,6648,8867,
134294309984,5544,1374,3250,4759,6724,8887,
134294809984,2893,1249,2707,4768,6796,8752,
134295309984,3764,1458,2803,4712,6818,8888,
134296309984,2487,11572,2805,4712,6701,8724,
134298309984,2797,11827,2706,4679,6717,8687,
134298809984,3309,1135,2825,4737,6599,8685,
134300309984,3413,1645,2921,4675,6625,8754,
134300809984,3235,1207,2660,4640,6622,8730,
134301309984,5362,12012,2954,4764,7940,8651,
134301809984,3505,1448,2808,4631,6661,8673,
134302809984,6945,11567,6809,6870,6722,8876,
134303309984,3623,1414,2733,4714,6786,8722,
134303809984,3411,1169,2834,4677,6840,8599,
134304809984,3118,11556,2810,4780,6756,8890,
134306809984,2375,1221,2726,4624,6661,8726,
134308309984,3223,1321,2860,4784,6756,8730,
134308809984,3973,1743,2750,4920,6863,8716,
134309809984,3547,1410,2823,4730,6635,8798,
134310309984,8438,1149,3078,4801,6911,8804,
134311309984,3848,1355,2669,4750,6712,8816,
134312309984,3360,1170,2671,4619,6675,8654,
134313309984,18332,20482,11067,11194,11293,11172,
134313809984,3196,1197,2675,4663,6722,8642,
134314809984,6495,12174,2906,4869,6872,8755,
134315309984,3226,1223,3004,4790,6762,8820,
134315809984,3480,1250,2715,4605,6583,8618,
134316809984,3383,1320,2694,4643,6825,8734,
134317809984,3760,11495,3129,4841,6830,9565,
134319309984,4445,11635,4207,4729,6742,8543,
134319809984,3568,1340,3129,4760,6678,8646,
134320309984,3241,1191,2889,4728,6605,8774,
134320809984,2946,1314,2724,4732,6722,9007,
134321309984,3188,1221,2998,4657,6724,8714,
134321809984,3396,1305,2733,4724,6632,8693,
134322309984,9243,1067,2887,4613,6710,8893,
134322809984,3405,1427,2936,4679,6796,8669,
134323309984,3222,1168,2717,4626,6844,8688,
134323809984,3641,1421,2713,4783,6779,8667,
134324809984,2472,1254,2817,4745,6734,9085,
134326809984,5804,1428,4365,5125,6660,8718,
134329309984,5140,12435,2677,4690,6686,8788,
134329809984,3563,1274,2847,5059,7173,8736,
134330309984,3667,1408,2691,4749,6620,8768,
134331309984,3313,1201,2831,4598,6633,8618,
134331809984,3159,1155,2783,4693,6717,8774,
134333309984,12805,1482,2968,5113,6989,8956,
134333809984,3739,11535,2875,4748,6963,8814,
134334309984,2938,1246,2718,4649,6641,8732,
134335309984,3591,1460,2864,4724,6740,8639,
134335809984,3645,11535,2809,4766,6851,8778,
134338309984,3342,1256,2970,4613,7256,8739,
134339809984,3771,1272,3430,4729,6780,8657,
134340809984,3572,11503,2831,4680,7543,8552,
134341309984,4611,1481,2830,4770,6876,8768,

