,W-0,R-0,R-1,R-2,R-3,R-4,
114818059309,4846,22575,5498,10524,10603,30199,
114819559309,3661,1889,3123,5003,7114,9095,
114820559309,1471,1740,3310,4943,6937,10393,
114821559309,1897,1577,2917,4959,7139,9002,
114822559309,1370,1918,2953,4990,7436,8900,
114823059309,1242,1534,3102,5146,6975,8927,
114823559309,1813,1631,3211,5044,6952,9118,
114824059309,1616,1821,3262,5801,6955,8965,
114824559309,1511,12358,3105,5060,7152,8983,
114825059309,1897,1654,3139,4861,6892,9022,
114826559309,1651,1374,3013,5015,7067,9367,
114827559309,1318,1524,3368,5032,6994,8886,
114828059309,1648,11921,3073,5177,7190,9015,
114828559309,1408,1593,3345,5043,6967,8920,
114829059309,1578,1407,3017,4987,6883,8958,
114829559309,1350,1581,3029,5022,6963,9118,
114830059309,1758,1444,3032,5976,7027,8952,
114830559309,1675,1391,3183,4922,6911,8949,
114831559309,1484,12063,3097,4895,6893,9003,
114832059309,1531,1369,2936,4870,6922,9225,
114832559309,1594,1332,2950,5144,6945,8821,
114833059309,1547,1268,3099,4900,7286,9002,
114834059309,1790,1445,2976,4993,6881,8977,
114835059309,1433,1654,3261,5109,6937,9233,
114835559309,1567,1287,2982,4904,6907,8872,
114837559309,10164,1478,3104,5104,6971,8890,
114838059309,1297,1497,3049,4836,6927,9005,
114838559309,1885,12260,3043,4927,7113,8866,
114839059309,1469,12412,3220,4952,6945,8968,
114839559309,1216,1376,3162,4951,6888,9550,
114842059309,1161,1316,3644,5097,6991,8895,
114843059309,1413,12373,3099,4950,6940,9141,
114843559309,1499,12143,3050,4998,7019,8985,
114844059309,1275,11784,2981,4891,6868,8874,
114844559309,1188,1427,2903,4947,6878,8944,
114845059309,1594,12057,2950,5021,6912,8891,
114846059309,1240,1414,3061,4857,6855,8908,
114846559309,1644,1347,4621,5337,7590,9037,
114847059309,1284,11826,2898,5002,7067,9152,
114849059309,1638,1375,2912,5019,6944,9012,
114849559309,1874,1293,2972,4833,6819,8856,
114851059309,1851,1540,3120,4961,6961,8934,
114851559309,1616,11837,3115,4824,6903,8866,
114852059309,10670,1334,3046,4979,6961,9073,
114852559309,1232,1376,2875,4914,6943,9074,
114853559309,1435,1166,3016,4897,7025,8983,
114855059309,1564,11771,2905,4841,6998,8858,
114855559309,1398,1220,2979,4974,6816,8836,
114856059309,1185,1406,3016,4961,7024,8847,
114857059309,1685,1443,3056,4860,6978,8894,
114858559309,1208,1487,2922,4932,6902,8901,
114859559309,1493,1305,3026,5294,7019,8831,
114861059309,7593,1421,2924,4878,7013,8855,
114861559309,4585,11916,3124,4952,6913,8865,
114862559309,1536,12013,3206,4966,7074,8973,
114863059309,1219,1457,2950,4885,7333,8881,
114864559309,7274,1510,3240,4914,7377,8871,
114865059309,1148,1364,3005,4970,6928,8953,
114865559309,1165,1344,3098,4950,6918,8829,
114866059309,1561,1364,3001,4911,6901,8870,
114868059309,64131,12017,2910,5164,6926,8840,
114870059309,NULL,NULL,NULL,NULL,NULL,NULL,
114870559309,NULL,NULL,NULL,NULL,NULL,NULL,
114872059309,300000,1219,2973,4814,7109,8791,
114873559309,300000,12215,3612,4642,6689,8598,
114876059309,1076,1547,2762,4803,6810,9288,
114876559309,4393,14602,14467,5158,6896,8781,
114877559309,1808,1569,2999,4991,7047,9057,
114878059309,1121,1318,3205,4908,6952,8796,
114878559309,4494,1753,3212,4997,6957,8928,
114879559309,1332,11634,2917,4766,6821,8782,
114882059309,2096,1970,2900,5046,6782,8770,
114882559309,1092,1217,2934,5288,6964,8801,
114883559309,1356,1209,2981,4772,6726,8796,
114884059309,1138,1349,2856,4911,6831,8894,
114884559309,1145,1353,2963,4892,6798,8815,
114885059309,1219,1104,2820,4639,6782,8774,
114887059309,1203,1474,2829,5312,6780,8736,
114888059309,1102,1241,2966,4817,6855,8804,
114890559309,1842,12210,2888,4817,6942,8953,
114891559309,1106,1251,3017,4870,6847,8765,
114892059309,1009,1232,2812,4769,6759,8761,
114894559309,298869,2412,3095,4840,6909,8863,
114895059309,256977,11756,2955,4873,6798,8765,
114896059309,1132,1272,2977,4925,7010,8769,
114898559309,1129,1330,2991,4883,6973,8893,
114900059309,1594,1452,3005,4932,6822,8912,
114900559309,1416,11996,3145,5754,6986,8799,
114901059309,1114,1279,2967,4841,6864,8940,
114901559309,1108,1351,3080,4869,6813,8816,
114902059309,1327,1495,3020,4800,7047,8830,
114902559309,975,1189,2940,4847,6808,8833,
114903059309,1194,1362,3126,4837,6819,8864,
114904559309,1177,1330,2980,5590,6822,8739,
114905059309,1082,1284,2841,4828,6824,8768,
114905559309,1259,11771,2971,4817,6775,8939,
114908059309,1761,11943,2813,4853,6800,8789,
114908559309,1022,1268,2901,4999,6942,8825,
114909559309,4445,1338,2958,5124,6958,8932,
114910559309,1544,1393,2957,4852,6795,8928,
114911059309,1267,1429,3112,4895,7051,8902,
114911559309,1146,1280,2899,4787,6740,9019,
114912059309,1160,1425,2909,4781,6872,8845,
114914559309,1106,1405,2877,4637,6801,8768,
114916559309,1153,1296,2998,5672,6946,8958,
114917059309,1079,1325,2859,4782,6836,8821,
114917559309,1238,1049,2839,4783,6769,8678,
114918059309,1022,1197,2966,4903,6759,8803,
114918559309,1127,1300,3013,4869,6839,8844,
114919059309,764,877,2512,4536,6475,8595,
114920559309,1179,1086,2855,4884,6823,8853,
114921559309,9190,1251,2820,4832,6921,8990,
114922059309,1058,1326,2821,4852,6807,8767,
114922559309,1505,1406,3013,5064,6860,8820,
114923059309,1110,1285,3021,5247,6780,8798,
114924559309,1227,1428,2910,4777,6877,8839,
114925059309,1254,1495,3024,4849,6836,8800,
114926059309,1107,1393,2846,4807,7032,8872,
114928059309,1140,1444,2930,4747,6863,8740,
114929059309,1225,1375,2910,4891,6752,8831,
114930059309,1137,1294,2979,4910,6848,8814,
114931059309,1441,1313,2935,4934,6933,8914,
114931559309,1306,11554,2724,4835,6828,8662,
114933059309,1188,1444,2992,4810,6863,9014,
114935559309,2210,12416,3000,5109,6886,8960,
114936559309,1063,1407,2935,5166,6828,8741,
114939059309,1163,1337,2882,4775,6877,8809,
114939559309,2067,1982,3214,4872,6873,8954,
114940059309,1264,11877,3021,4948,6930,8868,
114940559309,33551,1454,3001,4928,6851,8786,
114942059309,1799,1540,2947,4746,6831,8764,
114942559309,3267,1144,3104,4993,6985,8787,
114943059309,20891,11994,2965,4861,6890,9116,
114945059309,1262,1482,3032,5526,8010,8795,
114946559309,1088,1511,2923,4846,7141,9182,
114947059309,1122,1399,2757,4777,6807,8760,
114947559309,14655,15371,16410,16146,16015,16285,
114948059309,1333,1237,2989,4850,7114,8729,
114948559309,1985,2339,2874,4674,6847,8821,
114949059309,5531,1229,2832,4898,6886,8918,
114949559309,9089,1331,2904,4777,6862,9387,
114951059309,1423,1619,3110,4826,6934,9271,
114952059309,995,1191,2807,5289,6875,8962,
114952559309,1074,1230,2860,4791,6785,8770,
114953059309,14472,11683,2968,5038,6962,8835,
114953559309,1250,11789,2848,4845,6841,8759,
114954559309,1006,1294,2907,4796,6859,8798,
114955559309,1351,1239,3802,4836,7235,8889,
114956559309,14144,1377,3089,4869,6919,8876,
114957059309,1027,1205,3000,4864,6890,8690,
114957559309,1416,1336,2871,4932,6838,8819,
114960059309,1330,1526,3171,4768,6839,8956,
114962059309,1846,1564,2754,4819,6863,8809,
114963559309,1499,11683,2902,4892,6810,8732,
114965559309,1282,1184,2999,4897,6672,8880,
114966059309,1086,1268,2956,4800,6630,8753,
114967059309,9270,1128,2959,4784,6809,8847,
114968059309,3150,1861,2951,5805,6814,8795,
114968559309,3309,12249,3856,4910,6848,8883,
114969059309,1333,1537,3278,4830,6932,8889,
114971559309,1395,1204,2808,4790,6846,8781,
114972559309,1163,1359,3080,4888,6790,8869,
114974059309,1474,1355,2945,4993,6937,8847,
114976559309,1267,1407,2976,4885,8453,8902,
114978059309,1179,1410,3024,5228,6767,9310,
114979559309,7658,1213,2844,4759,6874,8760,
114981059309,1736,1504,3017,4984,6875,8812,
114982559309,1039,1188,2983,4805,6840,8626,
114983059309,6813,1191,2979,5191,6961,8827,
114983559309,1099,1284,2801,4756,6774,8805,
114984059309,1429,11766,3033,4943,6928,9024,
114984559309,1036,1182,2917,4756,6764,8644,
114985559309,1337,11830,2932,4833,6851,8857,
114986059309,1376,1191,2954,4870,6953,8830,
114986559309,12100,1127,2942,4958,6889,8677,
114987559309,10807,1165,2828,4775,6793,8870,
114989559309,1322,11562,2837,4813,6805,8751,
114990559309,1012,1200,2883,4787,6823,8808,
114993559309,1411,11880,2977,4968,6925,8938,
114994059309,1214,1440,3062,5019,6972,8907,
114995059309,1005,1168,2906,4796,6802,8782,
114996559309,1247,1473,2946,4864,6781,8855,
114997059309,1238,1156,2765,4806,6768,9149,
114997559309,1118,11569,2978,4898,6896,8878,
114998059309,1521,11789,3046,4904,6781,8670,
114999059309,1167,11503,3056,4758,6818,8779,
115000059309,13503,23777,23668,23574,24118,23903,
115000559309,1228,1405,3034,4937,6892,8839,
115001559309,1828,1222,2749,4911,6805,8831,
115003059309,1294,1444,2927,4822,6680,8722,
115003559309,1203,1388,2885,4617,6805,8922,
115004559309,1122,1292,2923,4743,6778,8830,
115005059309,1289,1520,2943,4812,6946,8810,
115005559309,1319,1197,2866,4860,6815,8748,
115006059309,1151,1320,2933,4883,6785,9014,
115008059309,1134,1305,2976,4996,6901,8888,
115008559309,5554,1505,3803,4798,6951,8902,
115010059309,1872,1612,3068,4813,6788,8819,
115010559309,12583,1233,2996,5184,6865,8883,
115011059309,1240,1530,2960,4910,6646,8663,
115013059309,1053,1282,2986,4970,6830,8778,
115014059309,10854,1478,2918,4858,6831,8834,
115018059309,3204,1378,4508,4788,6750,8674,
115018559309,1109,1221,3006,5430,6770,8789,
115019559309,1077,1671,2657,4562,6629,8823,
115020059309,973,1832,2754,4944,6663,9407,
115021059309,1430,1600,2873,4784,6806,8768,
115021559309,1737,1565,3137,5164,6897,8982,
115022059309,1227,1669,3025,4966,6891,8809,
115023059309,1325,1641,2987,5013,6845,8829,
115023559309,14839,1301,2905,4881,6879,8874,
115025059309,233341,1401,3367,5005,6937,8898,
115025559309,1279,1412,3104,4888,6838,8743,
115027059309,1156,12045,2927,4740,6862,8805,
115027559309,1567,11776,3069,4945,6963,8980,
115028059309,1149,1319,3044,4822,6741,8904,
115029059309,1592,11811,2832,4781,6822,8784,
115030059309,1623,1462,2870,4779,6837,8738,
115031559309,1191,1359,2887,4808,6743,8821,
115032559309,1144,1362,2981,4800,6855,8820,
115034559309,1267,1096,2924,4834,6875,8847,
115035059309,1441,1357,2931,4922,6863,8823,
115035559309,37522,978,2882,4988,6938,8909,
115036059309,1147,1388,2909,4902,6754,8863,
115037059309,1316,11971,3110,4931,6901,8823,
115037559309,1304,11629,2807,4883,6787,8826,
115038059309,1456,1344,2956,4993,6927,8848,
115038559309,1136,1329,3076,4888,6821,8885,
115039059309,1202,11872,2871,4886,6801,8795,
115039559309,1360,1272,3038,4829,6925,8954,
115041559309,1200,1363,2957,4832,6819,8793,
115042559309,1143,1437,2937,4904,6804,8894,
115044059309,1567,11844,2941,5099,6756,8789,
115046559309,1265,1520,2860,4823,6812,8863,
115047059309,5958,1614,2912,4822,6812,8818,
115047559309,1224,1054,3000,4872,6888,8850,
115049059309,1126,1320,2983,5033,6814,8752,
115049559309,1249,1398,2979,4793,6840,8943,
115050559309,3953,1382,2954,4762,6766,8757,
115051559309,1450,1374,2880,4819,6828,8830,
115052059309,1128,1362,2895,4824,6808,8782,
115052559309,1954,12605,2862,4634,6791,8726,
115053059309,1200,1380,3195,5064,6849,8860,
115053559309,2445,11815,2972,4830,6738,8667,
115054059309,1164,1347,2876,4870,6831,8856,
115054559309,1374,1200,3192,4881,6892,8980,
115055059309,1403,11863,3088,4852,6904,8805,
115055559309,1203,1493,3015,4876,6974,8912,
115056059309,1155,1327,2899,4767,6789,8837,
115057059309,6633,11665,2863,4810,7014,8822,
115057559309,1466,1346,3168,4934,6963,8910,
115058059309,1280,1485,2957,4882,6809,8883,
115059059309,1256,1539,3090,5148,6998,8852,
115059559309,1075,1287,3581,4887,6827,8729,
115060559309,1127,1311,2902,4773,6861,8886,
115061059309,1416,1607,2826,4794,6806,8742,
115061559309,1010,1175,2888,4736,6818,8743,
115062059309,1502,1333,3287,4959,6992,8791,
115063059309,1257,1496,2899,4809,6747,8819,
115063559309,1777,1580,2832,4657,6870,9070,
115064059309,1092,1240,2853,5373,6915,8874,
115064559309,1324,1149,2928,4763,6812,8820,
115067059309,1466,1365,2947,4862,6916,8897,
115067559309,1052,1206,2990,4868,6905,8871,
115069559309,2544,12499,3061,4816,6790,8819,
115072059309,1945,11889,3826,4933,6906,8802,
115075559309,1128,1349,2821,5884,6920,8769,
115076059309,1988,1163,3168,4859,6809,8797,
115077559309,1089,1217,2933,4814,6950,8855,
115078059309,1409,1304,2934,4821,6827,8834,
115078559309,2428,11950,2946,4934,6824,8816,
115080059309,1260,1436,3046,5088,6835,8743,
115080559309,15581,1179,3053,4961,6832,8837,
115081559309,1384,1553,2835,4834,7946,8919,
115082559309,1161,1319,2914,4777,6852,8927,
115083059309,1054,1229,2888,4771,6761,8737,
115083559309,1620,1250,2916,4634,6809,8788,
115084059309,1061,1271,2814,4687,6867,8824,
115085559309,1243,1415,3029,4864,6785,8743,
115086559309,1400,1555,2969,4889,6868,9004,
115087059309,1350,11813,2809,4811,6827,8829,
115088059309,1504,1417,2960,4866,6887,8951,
115089059309,8626,8987,9138,9412,9853,8847,
115089559309,1178,1356,2908,4838,6857,8756,
115090059309,1452,1264,3044,5058,7031,8917,
115093059309,1047,1336,2879,4678,6756,8744,
115094059309,7891,1330,3299,5894,7232,8909,
115095559309,1163,1377,3052,4791,6801,8618,
115096559309,1068,1307,3003,4800,6899,8850,
115097559309,1120,1371,3014,4969,6857,8911,
115099059309,5583,4011,4866,4879,6819,8880,
115099559309,1341,1503,2996,4828,6797,8793,
115100059309,1468,1296,3004,5152,7012,8957,
115102559309,1534,1415,2942,4946,6825,8901,
115103059309,6432,1351,3194,5165,6881,8735,
115104559309,1526,1442,3076,4829,7005,8835,
115105059309,1092,1263,2794,4762,6798,8828,
115105559309,1391,1622,2899,4737,6827,8820,
115107059309,1135,1306,2990,4993,6863,8857,
115107559309,960,1205,2923,4962,6945,8791,
115108059309,1149,1327,3105,4901,6978,8947,
115109059309,8403,1105,2916,4760,6758,8865,
115112059309,1387,1217,3991,4820,7009,9066,
115112559309,1193,1790,2910,4966,6843,8844,
115113559309,1036,1231,2866,4786,6793,8745,
115114059309,1113,1251,2910,4778,6888,8832,
115115559309,1868,1623,3032,4961,6938,8886,
115116559309,42621,1123,2805,4628,6611,8801,
115118059309,1282,1166,2876,4825,6758,8866,
115118559309,1227,1372,2946,4931,6838,8880,
115119059309,1467,11837,2920,4799,6788,8821,
115121559309,1186,1357,2983,4800,6633,8761,
115122559309,1086,1303,3118,5958,7076,9128,
115123059309,1412,1311,2851,4974,7144,8912,
115124059309,1228,1087,2990,4842,6794,8789,
115127059309,58031,1347,2982,4923,6861,8889,
115127559309,1256,1431,2895,5023,7102,9079,
115128559309,1184,1376,2846,4779,6885,8880,
115130059309,1284,1473,3156,5321,6887,8882,
115132059309,1080,1259,3052,4824,6751,8838,
115132559309,1236,1387,2989,4869,6907,8905,
115134059309,1146,1303,2880,4876,6852,8853,
115135059309,1109,1348,2905,4878,6754,8965,
115135559309,1215,17311,3007,4867,6742,16474,
115136559309,1441,11737,2908,4870,6804,8803,
115138559309,1108,1290,2895,4817,6857,8806,
115139059309,1543,1375,2929,4849,6815,8814,
115140559309,1023,1254,2975,4763,6793,8807,
115141059309,52147,1633,3046,4864,6830,8676,
115142059309,1388,11931,2793,4891,6814,8850,
115143559309,1152,1405,2961,4878,6853,8861,
115144559309,32072,1298,2914,4807,6798,8902,
115146559309,1546,1734,2891,4761,6765,8808,
115147059309,1208,1482,2949,4885,6898,8794,
115147559309,7848,2385,2853,4843,6904,8664,
115148559309,1131,1343,3104,4884,6838,8848,
115151059309,1519,11539,2884,4783,6781,8675,
115157059309,300000,1195,2971,4904,6981,8827,
115157559309,1257,12143,2854,4817,6771,8770,
115158559309,84933,1762,3262,5040,6946,8921,
115159059309,1058,1229,2859,4793,6785,8815,
115162059309,9859,11818,3060,4815,6827,9038,
115163559309,992,1173,2836,4675,6840,8939,
115164059309,12400,11871,3592,5004,6995,8865,
115164559309,1421,11961,2926,4913,6912,8865,
115165059309,1292,1462,2952,4848,6755,8808,
115165559309,26009,1204,2843,4853,6869,9037,
115166059309,1437,11872,3490,5276,6814,8888,
115168559309,1280,1449,2958,5064,6861,9003,
115170559309,120513,12107,3444,4886,6911,8822,
115171059309,1035,1257,2878,4749,6782,8865,
115172059309,1309,12123,3020,4921,7048,9013,
115172559309,1423,1299,2916,4828,6738,10051,
115173059309,1360,1188,3014,4837,6821,8872,
115173559309,1650,1547,2935,4850,6851,8890,
115174059309,1461,1288,3005,5025,6821,8843,
115175059309,964,1246,2887,4969,6844,8754,
115175559309,50991,1841,2817,5000,6906,8939,
115176059309,49895,1353,3113,5004,7076,9056,
115177059309,1205,1468,2867,4639,6836,8853,
115177559309,1052,1218,2963,4761,6827,8788,
115178059309,1102,1285,2950,4793,6848,8859,
115180059309,1115,1368,2891,4779,6928,8940,
115181559309,1456,11823,2997,4813,6658,8965,
115182059309,1189,971,2832,4730,6778,8659,
115183059309,1309,1128,2882,4926,6812,8809,
115183559309,1285,1470,2960,4977,6932,8789,
115185059309,1305,1464,2947,4852,6747,8843,
115186059309,1204,11810,3030,4834,6799,8984,
115187559309,10594,1330,2893,4803,6785,8875,
115188559309,1182,1409,3116,4780,6836,8763,
115189059309,1143,1299,2932,4800,6824,8755,
115189559309,1242,11811,2810,5032,6885,8898,
115192059309,1608,11544,2903,4646,6726,8780,
115192559309,113977,1498,3069,4768,6825,8854,
115193559309,9184,1406,3007,4955,6894,9070,
115194059309,1501,1323,3050,4841,6816,9051,
115195559309,38565,1397,3129,4863,6826,8821,
115196559309,3421,1416,3220,4862,7479,8828,
115198559309,1168,1309,3078,4916,6995,9027,
115202059309,1230,11583,2840,4917,6642,8750,
115204559309,11219,1323,2925,4842,6861,8988,
115205059309,1649,1449,2894,4641,6780,8684,
115205559309,1451,11984,2804,4878,6817,8878,
115206559309,986,1205,3027,5068,6999,9367,
115207559309,5459,5256,5876,5619,6809,8972,
115208559309,1473,12308,3012,4891,6767,9043,
115209059309,1398,1299,3199,4862,6919,8869,
115209559309,1242,1576,3140,4777,6849,8877,
115210559309,1189,1374,2905,4948,6823,8834,
115211059309,1109,1279,3175,4856,6759,8649,
115211559309,62173,1185,2883,4681,6802,8856,
115212059309,1089,1259,3047,4798,6830,8771,
115213059309,1142,1352,3084,4796,6777,8969,
115215059309,1464,1381,2898,4841,6867,8842,
115216059309,1189,1397,2951,4968,6867,9035,
115219059309,1350,1533,2859,4753,6793,8838,
115220559309,1519,11847,2878,4807,6807,8793,
115221059309,1313,1587,3153,4753,6799,8881,
115222059309,1308,1516,2897,4686,6806,8878,
115223059309,1500,11859,3030,4892,6819,8918,
115223559309,1138,1304,2837,4643,6872,8822,
115224059309,11398,11526,11982,11906,13040,12949,
115224559309,1112,916,2852,4818,6885,8783,
115225059309,91370,1331,3232,5047,7128,8882,
115225559309,2803,13223,3163,4795,6852,8846,
115226059309,1442,1298,2900,4654,6786,8948,
115226559309,3645,1227,2878,4825,6799,9952,
115228059309,1228,11875,2757,4926,6824,8752,
115230059309,1186,1355,2908,4803,6825,8830,
115231059309,1124,1262,2961,4934,6867,9208,
115231559309,1289,1115,2920,4860,6954,8849,
115233059309,1331,11797,2936,5085,6872,8661,
115236059309,1096,1322,3173,5014,6890,8939,
115239559309,1165,1431,3212,4957,6849,8837,
115240059309,1038,1202,2801,4617,6778,8931,
115240559309,20655,31897,30565,31973,32210,20520,
115241059309,1189,12310,2899,4887,6925,8885,
115241559309,1214,1093,2951,4791,6633,8880,
115242559309,945,1123,2977,4860,6872,8816,
115244559309,3940,1391,2976,5277,7000,9151,
115245059309,1120,1258,2916,4906,6788,8769,
115246559309,1214,1396,2959,5105,7558,8855,
115247059309,1193,11570,2994,4908,6939,8806,
115247559309,1005,1193,2895,4942,6912,8880,
115248059309,11048,1499,2994,4866,6831,8937,
115249059309,1449,1347,3094,4848,6807,9193,
115249559309,1392,11905,3057,4740,6844,8835,
115250059309,1442,1029,2878,4876,6790,8809,
115251059309,1084,1257,2852,5386,7088,8966,
115253059309,1253,11509,2879,4730,6839,8688,
115254559309,1138,1303,2876,4848,6905,9000,
115255059309,1063,1239,2818,4866,6747,8792,
115256059309,1180,1341,3138,4807,6815,8796,
115256559309,1044,1199,2826,4764,6743,8793,
115257559309,1118,1325,2942,4825,6854,8877,
115258559309,1162,1323,2880,4794,6748,8757,
115259559309,1185,1337,2867,4809,6846,8819,
115260059309,1069,1255,3004,4949,7001,8806,
115261059309,1415,11868,2882,4953,6917,8911,
115261559309,1380,1532,3285,4896,6742,8807,
115262059309,1179,1474,2870,4815,6854,8836,
115263059309,1049,1226,2925,4789,6798,8836,
115264059309,1620,1446,2792,4884,6853,8790,
115265559309,56600,1449,3045,4899,6829,9029,
115266059309,1201,1379,2920,5033,6874,8808,
115266559309,1073,1249,2950,5004,6964,8831,
115267059309,1055,1273,2958,4974,6876,8875,
115267559309,1455,11848,2829,4733,6861,8823,
115268059309,1175,1495,3040,4815,6792,8756,
115268559309,1070,1211,2908,4830,6885,8985,
115269059309,1107,1232,2831,5126,6811,8815,
115269559309,1507,1360,2876,4752,6870,8808,
115270059309,1006,1273,3031,4806,6806,8845,
115271059309,1096,11824,2989,4815,6846,8869,
115273059309,1408,11658,3003,4858,6853,8839,
115275559309,1117,1368,3068,4777,6766,8870,
115276059309,13913,1251,2866,4678,6981,8921,
115276559309,1101,1294,2899,4776,6832,8981,
115277559309,12963,13331,12594,12826,13193,13130,
115278059309,1064,1258,2883,4975,6887,9016,
115279559309,1279,1141,3050,4867,6808,8641,
115280059309,1107,1298,2968,4898,6843,8861,
115280559309,1308,1222,3022,4851,6983,9277,
115281559309,1247,11796,3042,4853,6745,8779,
115282059309,1084,1262,2794,4678,6793,8775,
115284559309,1141,1340,2940,4918,6817,8674,
115286059309,184959,1093,2843,4655,6753,8819,
115287059309,1003,1190,2956,5961,6797,8846,
115287559309,1115,1043,3252,5075,6828,8896,

