,W-0,R-0,R-1,R-2,R-3,R-4,
135661124463,1,2,1,1,1,1,
135662624463,1,2,2,1,1,1,
135663624463,1,2,1,1,1,1,
135664624463,1,2,1,1,1,1,
135665624463,1,2,1,1,1,1,
135666124463,1,2,2,1,1,1,
135666624463,1,2,1,1,1,1,
135667124463,1,2,1,1,1,1,
135667624463,1,2,2,1,1,1,
135668124463,1,2,1,1,1,1,
135669624463,1,2,1,1,1,1,
135670624463,1,2,2,1,1,1,
135671124463,1,2,1,1,1,1,
135671624463,1,2,2,1,1,1,
135672124463,1,2,1,1,1,1,
135672624463,1,2,1,1,1,1,
135673124463,1,2,2,2,1,1,
135673624463,1,2,1,1,1,1,
135674624463,1,2,1,1,1,1,
135675124463,1,2,2,1,1,1,
135675624463,1,2,1,1,1,1,
135676124463,1,2,2,2,2,2,
135677124463,1,2,1,1,1,1,
135678124463,1,2,1,2,1,1,
135678624463,1,2,1,1,1,1,
135680624463,1,2,1,1,1,1,
135681124463,1,2,1,1,1,1,
135681624463,1,2,1,1,1,1,
135682124463,1,2,2,1,1,1,
135682624463,1,2,2,1,1,1,
135685124463,1,2,1,1,1,1,
135686124463,1,2,1,1,1,1,
135686624463,1,2,1,1,1,1,
135687124463,1,2,2,2,2,1,
135687624463,1,2,2,2,1,1,
135688124463,1,2,1,1,1,2,
135689124463,1,2,1,1,1,1,
135689624463,1,2,2,1,2,2,
135690124463,1,2,1,1,1,1,
135692124463,1,2,1,1,1,1,
135692624463,1,2,1,1,1,1,
135694124463,1,2,2,1,1,1,
135694624463,1,2,1,1,1,1,
135695124463,1,2,2,2,2,2,
135695624463,1,2,2,1,1,1,
135696624463,1,2,1,2,2,1,
135698124463,1,2,1,1,1,1,
135698624463,1,2,2,1,1,1,
135699124463,1,2,1,1,1,1,
135700124463,1,2,2,2,2,1,
135701624463,1,2,2,1,2,1,
135702624463,1,2,2,2,1,2,
135704124463,1,2,1,1,1,1,
135704624463,1,2,2,1,1,1,
135705624463,1,2,1,1,1,1,
135706124463,1,2,2,2,2,2,
135707624463,1,2,1,1,1,1,
135708124463,1,2,2,1,1,1,
135708624463,1,2,1,1,1,1,
135709124463,1,2,2,1,1,1,
135711124463,1,2,2,1,1,1,
135713124463,1,2,1,1,1,1,
135713624463,1,2,1,1,1,1,
135715124463,1,2,1,1,1,1,
135716624463,1,2,1,1,1,1,
135719124463,1,2,1,1,1,1,
135719624463,1,2,1,1,1,1,
135720624463,1,2,1,1,1,1,
135721124463,1,2,1,1,1,1,
135721624463,1,2,2,2,2,2,
135722624463,1,2,1,1,1,1,
135725124463,1,2,1,1,1,1,
135725624463,1,2,1,1,1,1,
135726624463,1,2,2,2,2,1,
135727124463,1,2,1,1,1,1,
135727624463,1,2,1,1,1,1,
135728124463,1,2,1,1,1,1,
135730124463,1,2,1,1,1,1,
135731124463,1,2,1,1,1,1,
135733624463,1,2,1,1,1,1,
135734624463,1,2,2,2,1,1,
135735124463,1,2,1,1,1,1,
135737624463,1,2,1,1,1,1,
135738124463,1,2,1,1,1,1,
135739124463,1,2,1,1,1,1,
135741624463,1,2,1,1,2,1,
135743124463,1,2,1,1,1,1,
135743624463,1,2,1,1,1,1,
135744124463,1,2,1,1,1,1,
135744624463,1,2,1,1,1,1,
135745124463,1,2,1,1,1,1,
135745624463,1,2,1,1,1,1,
135746124463,1,2,1,1,1,1,
135747624463,1,2,1,2,2,1,
135748124463,1,2,1,1,1,1,
135748624463,1,2,2,2,2,2,
135751124463,1,2,1,1,1,1,
135751624463,1,2,1,1,1,1,
135752624463,1,2,1,1,1,1,
135753624463,1,2,2,1,2,2,
135754124463,1,2,2,1,1,1,
135754624463,1,2,1,1,1,1,
135755124463,1,2,1,1,1,1,
135757624463,1,2,1,1,1,1,
135759624463,1,2,1,1,1,1,
135760124463,1,2,1,1,1,1,
135760624463,1,2,2,2,2,1,
135761124463,1,2,1,1,1,1,
135761624463,1,2,1,1,1,1,
135762124463,1,2,1,1,1,1,
135763624463,1,2,1,1,1,1,
135764624463,1,2,2,2,2,2,
135765124463,1,2,1,1,1,1,
135765624463,1,2,1,1,1,1,
135766124463,1,2,1,1,1,1,
135767624463,1,2,2,1,1,1,
135768124463,1,2,1,1,1,1,
135769124463,1,2,1,1,1,1,
135771124463,1,2,2,2,1,1,
135772124463,1,2,2,1,1,1,
135773124463,1,2,1,1,1,1,
135774124463,1,2,2,2,2,1,
135774624463,1,2,1,1,1,1,
135776124463,1,2,1,1,1,1,
135778624463,1,2,1,1,1,1,
135779624463,1,2,1,1,1,1,
135782124463,1,2,1,1,1,1,
135782624463,1,2,1,1,1,1,
135783124463,1,2,2,1,1,1,
135783624463,1,2,1,1,1,1,
135785124463,1,2,2,2,2,2,
135785624463,1,2,1,1,2,1,
135786124463,1,2,1,2,2,1,
135788124463,1,2,2,2,1,1,
135789624463,1,2,2,1,2,1,
135790124463,1,2,1,1,1,1,
135790624463,1,2,1,1,1,1,
135791124463,1,2,1,1,1,1,
135791624463,1,2,1,1,1,1,
135792124463,1,2,2,1,1,1,
135792624463,1,2,1,1,1,1,
135794124463,1,2,1,1,1,1,
135795124463,1,2,1,1,1,1,
135795624463,1,2,1,1,1,1,
135796124463,1,2,1,1,1,1,
135796624463,1,2,1,1,1,1,
135797624463,1,2,2,1,1,1,
135798624463,1,2,1,1,1,1,
135799624463,1,2,1,1,1,1,
135800124463,1,2,1,1,1,1,
135800624463,1,2,1,1,1,1,
135803124463,1,2,2,1,1,1,
135805124463,1,2,2,2,2,2,
135806624463,1,2,1,1,1,1,
135808624463,1,2,1,1,1,1,
135809124463,1,2,2,2,1,1,
135810124463,1,2,2,1,1,1,
135811124463,1,2,1,1,1,1,
135811624463,1,2,1,1,1,1,
135812124463,1,2,1,1,1,1,
135814624463,1,2,2,1,1,1,
135815624463,1,2,2,1,1,1,
135817124463,1,2,2,2,2,1,
135819624463,1,2,2,2,2,2,
135821124463,1,2,1,1,1,1,
135822624463,1,2,1,1,1,1,
135824124463,1,2,1,1,2,2,
135825624463,1,2,1,1,1,1,
135826124463,1,2,1,1,1,1,
135826624463,1,2,1,1,1,1,
135827124463,1,2,2,2,1,1,
135827624463,1,2,2,2,2,1,
135828624463,1,2,1,1,1,1,
135829124463,1,2,1,1,1,1,
135829624463,1,2,1,1,1,1,
135830624463,1,2,1,1,1,1,
135832624463,1,2,2,1,1,2,
135833624463,1,2,1,1,1,1,
135836624463,1,2,2,2,1,1,
135837124463,1,2,2,1,1,1,
135838124463,1,2,2,2,2,2,
135839624463,1,2,1,1,1,1,
135840124463,1,2,1,1,1,1,
135840624463,1,2,1,1,1,1,
135841124463,1,2,1,1,1,1,
135842124463,1,2,2,2,1,2,
135843124463,1,2,1,1,1,1,
135843624463,1,2,2,2,1,1,
135844624463,1,2,2,2,1,2,
135846124463,1,2,1,1,1,1,
135846624463,1,2,2,2,2,1,
135847624463,1,2,2,1,1,2,
135848124463,1,2,1,2,1,1,
135848624463,1,2,1,1,1,1,
135849124463,1,2,1,1,1,1,
135851124463,1,2,1,1,1,1,
135851624463,1,2,2,1,1,2,
135853124463,1,2,2,1,1,1,
135853624463,1,2,1,1,1,1,
135854124463,1,2,1,1,1,1,
135856124463,1,2,2,1,1,1,
135857124463,1,2,1,1,1,1,
135861124463,1,2,1,1,1,1,
135861624463,1,2,1,1,1,1,
135862624463,1,2,1,2,1,2,
135863124463,1,2,1,1,1,1,
135864124463,1,2,2,1,1,1,
135864624463,1,2,1,1,1,1,
135865124463,1,2,1,1,1,1,
135866124463,1,2,2,2,1,1,
135866624463,1,2,2,1,1,1,
135868124463,1,2,2,2,2,2,
135868624463,1,2,1,1,1,1,
135870124463,1,2,1,1,1,1,
135870624463,1,2,2,1,1,2,
135871124463,1,2,2,1,1,1,
135872124463,1,2,2,1,1,1,
135873124463,1,2,2,1,2,2,
135874624463,1,2,2,2,2,2,
135875624463,1,2,2,1,1,1,
135877624463,1,2,2,2,2,2,
135878124463,1,2,1,1,1,1,
135878624463,1,2,1,1,1,1,
135879124463,1,2,2,2,2,2,
135880124463,1,2,2,2,2,2,
135880624463,1,2,1,1,1,1,
135881124463,1,2,2,2,1,2,
135881624463,1,2,1,1,1,1,
135882124463,1,2,2,1,1,1,
135882624463,1,2,1,2,1,1,
135884624463,1,2,1,2,1,1,
135885624463,1,2,1,1,1,1,
135887124463,1,2,1,1,1,1,
135889624463,1,1,1,1,1,1,
135890124463,1,1,1,1,1,1,
135890624463,1,2,2,2,2,2,
135892124463,1,2,2,2,1,2,
135892624463,1,2,1,1,1,1,
135893624463,1,2,2,2,1,2,
135894624463,1,2,1,1,1,1,
135895124463,1,2,1,1,1,1,
135895624463,1,2,1,1,1,1,
135896124463,1,2,1,1,1,1,
135896624463,1,2,2,1,1,1,
135897124463,1,2,1,1,1,1,
135897624463,1,2,1,2,1,1,
135898124463,1,2,1,1,1,1,
135898624463,1,2,1,1,1,1,
135899124463,1,2,1,1,1,1,
135900124463,1,2,2,1,1,1,
135900624463,1,2,1,1,1,1,
135901124463,1,2,1,1,1,1,
135902124463,1,2,1,1,1,1,
135902624463,1,2,1,1,1,1,
135903624463,1,2,1,1,1,1,
135904124463,1,2,2,2,2,2,
135904624463,1,2,2,2,1,1,
135905124463,1,2,1,1,1,1,
135906124463,1,2,1,1,1,1,
135906624463,1,2,1,1,1,1,
135907124463,1,2,1,1,1,1,
135907624463,1,2,1,1,1,1,
135910124463,1,2,1,1,1,1,
135910624463,1,2,1,1,1,1,
135912624463,1,2,1,1,1,1,
135915124463,1,2,2,2,2,1,
135918624463,1,2,1,1,1,1,
135919124463,1,2,1,1,1,1,
135920624463,1,2,2,2,1,1,
135921124463,1,2,1,1,1,1,
135921624463,1,2,1,1,1,1,
135923124463,1,2,1,1,1,1,
135923624463,1,2,2,1,1,1,
135924624463,1,2,2,1,1,2,
135925624463,1,2,1,1,1,1,
135926124463,1,2,1,1,1,1,
135926624463,1,2,2,1,1,1,
135927124463,1,2,1,1,1,1,
135928624463,1,2,1,1,1,1,
135929624463,1,2,2,1,1,1,
135930124463,1,2,1,1,1,1,
135931124463,1,2,1,1,1,1,
135932124463,1,2,1,1,1,1,
135932624463,1,2,1,1,1,1,
135933124463,1,2,1,1,1,1,
135936124463,1,2,2,2,1,1,
135937124463,1,2,2,1,1,1,
135938624463,1,2,2,1,1,1,
135939624463,1,2,1,1,1,1,
135940624463,1,2,2,1,1,1,
135942124463,1,2,2,1,2,2,
135942624463,1,2,1,1,1,1,
135943124463,1,2,1,1,1,1,
135945624463,1,2,1,1,1,1,
135946124463,1,2,2,1,1,1,
135947624463,1,2,2,1,1,1,
135948124463,1,2,1,1,1,1,
135948624463,1,2,1,1,1,1,
135950124463,1,2,2,2,2,2,
135950624463,1,2,1,1,1,1,
135951124463,1,2,1,1,1,1,
135952124463,1,2,2,1,1,1,
135955124463,1,2,2,1,1,1,
135955624463,1,2,1,1,1,1,
135956624463,1,2,1,1,1,1,
135957124463,1,2,1,1,1,1,
135958624463,1,2,1,1,1,1,
135959624463,1,2,1,2,1,1,
135961124463,1,2,1,1,1,1,
135961624463,1,2,1,1,1,1,
135962124463,1,2,1,1,1,1,
135964624463,1,2,2,1,1,1,
135965624463,1,2,1,1,2,1,
135966124463,1,2,1,1,1,1,
135967124463,1,2,1,1,1,1,
135970124463,1,2,1,1,1,1,
135970624463,1,2,1,1,1,1,
135971624463,1,2,1,1,1,1,
135973124463,1,2,2,1,1,1,
135975124463,1,2,1,1,1,1,
135975624463,1,2,1,1,1,1,
135977124463,1,2,1,1,1,1,
135978124463,1,2,1,1,1,1,
135978624463,1,2,1,1,1,1,
135979624463,1,2,1,1,1,1,
135981624463,1,2,1,2,1,1,
135982124463,1,2,2,2,1,2,
135983624463,1,2,1,1,1,1,
135984124463,1,2,1,1,1,1,
135985124463,1,2,1,1,1,1,
135986624463,1,2,1,1,1,1,
135987624463,1,2,1,1,2,2,
135989624463,1,2,1,1,1,1,
135990124463,1,2,2,1,1,1,
135990624463,1,2,1,1,1,1,
135991624463,1,2,2,2,2,2,
135994124463,1,2,1,1,1,1,
136000124463,1,2,2,1,1,1,
136000624463,1,2,1,1,1,1,
136001624463,1,2,2,1,1,1,
136002124463,1,2,1,1,1,1,
136005124463,1,2,1,1,1,1,
136006624463,1,2,2,1,1,1,
136007124463,1,2,1,1,1,1,
136007624463,1,2,1,1,1,1,
136008124463,1,2,2,1,1,1,
136008624463,1,2,2,1,1,1,
136009124463,1,2,1,1,2,2,
136011624463,1,2,1,1,1,1,
136013624463,1,2,2,1,2,2,
136014124463,1,2,2,1,2,1,
136015124463,1,2,2,1,1,1,
136015624463,1,2,1,2,1,1,
136016124463,1,2,1,1,1,1,
136016624463,1,2,1,1,1,1,
136017124463,1,2,2,1,2,1,
136018124463,1,2,1,1,1,1,
136018624463,1,2,1,1,1,1,
136019124463,1,2,1,2,2,1,
136020124463,1,2,1,2,1,1,
136020624463,1,2,2,1,2,1,
136021124463,1,2,1,1,1,1,
136023124463,1,2,2,1,1,1,
136024624463,1,2,1,1,1,1,
136025124463,1,2,1,1,1,1,
136026124463,1,2,2,2,1,1,
136026624463,1,2,2,2,1,1,
136028124463,1,2,1,1,1,1,
136029124463,1,2,1,1,1,1,
136030624463,1,2,1,1,1,1,
136031624463,1,2,2,2,1,2,
136032124463,1,2,2,1,1,2,
136032624463,1,2,1,1,1,1,
136035124463,1,2,2,1,1,1,
136035624463,1,2,1,1,1,1,
136036624463,1,2,1,1,1,1,
136037124463,1,2,1,1,1,1,
136038624463,1,2,1,1,1,1,
136039624463,1,2,2,1,1,1,
136041624463,1,2,2,2,2,2,
136045124463,1,2,1,1,1,1,
136047624463,1,2,1,1,1,1,
136048124463,1,2,2,1,2,1,
136048624463,1,2,2,1,1,1,
136049624463,1,2,2,1,1,1,
136050624463,1,2,2,2,1,1,
136051624463,1,2,1,1,1,1,
136052124463,1,2,2,2,2,2,
136052624463,1,2,1,1,1,1,
136053624463,1,2,2,1,1,1,
136054124463,1,2,1,1,1,1,
136054624463,1,2,1,1,1,1,
136055124463,1,2,2,2,2,2,
136056124463,1,2,2,1,2,2,
136058124463,1,2,1,1,1,1,
136059124463,1,2,2,1,1,2,
136062124463,1,2,2,1,1,1,
136063624463,1,2,1,1,1,1,
136064124463,1,2,1,1,1,1,
136065124463,1,2,1,1,1,1,
136066124463,1,2,1,1,1,1,
136066624463,1,2,1,1,1,1,
136067124463,1,2,1,1,1,1,
136067624463,1,2,2,1,2,2,
136068124463,1,2,1,1,1,1,
136068624463,1,2,1,2,1,1,
136069124463,1,2,1,1,1,1,
136069624463,1,2,1,1,2,2,
136071124463,1,2,2,1,1,1,
136073124463,1,2,1,1,1,1,
136074124463,1,2,1,1,1,1,
136074624463,1,2,1,1,1,1,
136076124463,1,2,1,1,1,1,
136079124463,1,2,2,2,1,1,
136082624463,1,2,2,1,1,1,
136083124463,1,2,1,1,1,1,
136083624463,1,2,1,1,1,1,
136084124463,1,2,1,1,1,1,
136084624463,1,2,2,1,1,1,
136085624463,1,2,1,1,1,1,
136087624463,1,2,1,1,1,1,
136088124463,1,2,1,1,1,1,
136089624463,1,2,1,1,1,1,
136090124463,1,2,2,1,1,1,
136090624463,1,2,1,1,1,1,
136091124463,1,2,1,1,1,1,
136092124463,1,2,1,1,1,1,
136092624463,1,2,1,1,1,1,
136093124463,1,2,1,1,1,1,
136094124463,1,2,1,1,1,1,
136096124463,1,2,1,1,1,1,
136097624463,1,2,1,1,1,1,
136098124463,1,2,1,1,1,1,
136099124463,1,2,1,1,1,1,
136099624463,1,2,2,1,1,1,
136100624463,1,2,2,1,2,1,
136101624463,1,2,1,1,1,1,
136102624463,1,2,1,1,1,1,
136103124463,1,2,1,1,1,1,
136104124463,1,2,2,1,1,1,
136104624463,1,2,1,1,1,1,
136105124463,1,2,1,1,1,1,
136106124463,1,2,1,1,2,1,
136107124463,1,2,2,2,2,2,
136108624463,1,2,2,2,2,2,
136109124463,1,2,1,1,1,1,
136109624463,1,2,1,1,1,1,
136110124463,1,2,1,1,1,1,
136110624463,1,2,1,1,1,1,
136111124463,1,2,1,1,1,1,
136111624463,1,2,2,1,1,1,
136112124463,1,2,1,1,1,1,
136112624463,1,2,1,1,1,1,
136113124463,1,2,1,1,1,1,
136114124463,1,2,1,1,1,1,
136116124463,1,2,2,1,1,1,
136118624463,1,2,2,1,1,1,
136119124463,1,2,1,1,1,1,
136119624463,1,2,1,1,1,1,
136120624463,1,2,2,2,2,2,
136121124463,1,2,1,1,1,1,
136122624463,1,2,1,1,1,1,
136123124463,1,2,1,1,1,1,
136123624463,1,2,1,1,1,1,
136124624463,1,2,1,1,1,1,
136125124463,1,2,1,1,1,1,
136127624463,1,2,1,1,1,1,
136129124463,1,2,1,1,1,1,
136130124463,1,2,1,2,1,1,
136130624463,1,2,2,1,1,1,

