,W-0,R-0,R-1,R-2,R-3,R-4,
126126196843,49946,16806,5671,6540,8627,14124,
126127696843,23375,12383,3112,5697,7116,9086,
126128696843,22374,11964,3041,4948,6931,8972,
126129696843,91960,12235,2917,5042,7054,9318,
126130696843,78680,34520,34325,34970,34817,35531,
126131196843,13443,12141,3437,5119,6928,9050,
126131696843,28482,1374,2938,5017,6945,8896,
126132196843,38417,1512,3728,5278,7198,8971,
126132696843,54400,12064,3445,4962,6999,8920,
126133196843,39792,12017,3008,5145,7121,8987,
126134696843,10150,11921,2979,5140,7033,8900,
126135696843,39549,1603,3074,4920,6870,8807,
126136196843,55008,1363,3006,5021,6890,8863,
126136696843,13491,1403,2865,4881,6935,9302,
126137196843,22074,1407,2993,5014,6910,8951,
126137696843,44677,12144,3091,6776,7222,8977,
126138196843,128100,12219,3000,4896,6798,8867,
126138696843,64821,1453,2952,5081,7341,9362,
126139696843,14125,1781,2908,5078,6898,8874,
126140196843,17482,1557,2998,5083,7062,9086,
126140696843,49590,1586,2988,5324,6984,9107,
126141196843,64805,1470,3059,4932,6962,8939,
126142196843,19857,11842,2916,5737,6981,8844,
126143196843,16334,1320,3105,5077,6858,8895,
126143696843,37468,1502,2927,4934,6953,9041,
126145696843,22418,1409,3043,4954,7249,9089,
126146196843,25988,1614,3025,5527,6935,9257,
126146696843,12573,1467,2854,4853,6870,8868,
126147196843,38875,2156,3503,5129,7082,9371,
126147696843,25578,1592,3103,4862,6833,8835,
126150196843,15504,12548,2923,4959,6844,8849,
126151196843,23613,1436,2883,4826,6827,8949,
126151696843,34875,12137,3052,4913,6864,8893,
126152196843,300000,11904,3092,4877,6812,8816,
126152696843,13533,12113,2986,5080,7024,9116,
126153196843,16347,11831,3088,4814,7425,9804,
126154196843,39903,12385,2946,5063,6838,8805,
126154696843,19810,1473,3020,4948,6944,9671,
126155196843,31337,3659,13985,5016,6929,8949,
126157196843,41719,1561,2998,5098,7067,9141,
126157696843,300000,12474,3116,4981,7082,8974,
126159196843,99070,1805,2997,4860,6820,8757,
126159696843,138951,1416,2857,4907,6764,8826,
126160196843,29687,1960,2771,4829,6874,8878,
126160696843,245834,1575,3102,4884,7915,8936,
126161696843,62820,30715,30959,32130,32030,32378,
126163196843,43760,1381,3008,4875,6938,8799,
126163696843,29638,1273,2915,4890,6753,8866,
126164196843,35355,1365,3020,5828,6980,9062,
126165196843,24727,1552,3119,4860,6738,8921,
126166696843,46754,1534,3012,4923,6763,8868,
126167696843,39713,11983,2968,4870,7437,8938,
126169196843,23434,1638,3070,5230,6893,8830,
126169696843,17680,1539,3096,5017,7056,9125,
126170696843,40500,1451,2925,4764,6864,9031,
126171196843,18050,11667,3006,4881,6713,8885,
126172696843,155996,1511,2840,4974,6930,8943,
126173196843,43298,1358,3021,5094,6913,8781,
126173696843,139707,1526,3064,5151,6850,8983,
126174196843,263728,104498,104854,103722,104740,105199,
126176196843,92659,1133,2790,4876,7423,8854,
126178196843,70892,2715,3338,5154,6976,9066,
126178696843,22837,11750,2976,4893,6825,8818,
126180196843,172302,12268,3133,5090,6974,8941,
126181696843,300000,12449,3092,5068,6927,9100,
126184196843,15463,1355,2929,4841,6855,8753,
126184696843,45734,1530,2897,5075,6778,8865,
126185696843,13139,1411,3061,4877,6900,8911,
126186196843,50746,6946,6505,6828,7254,9752,
126186696843,27684,1356,3274,4912,6811,8768,
126187696843,58395,1998,2913,4815,7555,9375,
126190196843,75303,12432,3017,4923,6975,9063,
126190696843,46680,1319,2943,5025,6887,8910,
126191696843,25904,11777,2951,5087,6874,8858,
126192196843,40504,11858,2908,4887,6799,8890,
126192696843,16711,11844,2937,4812,6718,8755,
126193196843,77525,1361,3008,4858,6818,8841,
126195196843,14919,1379,2875,5003,6836,9151,
126196196843,68079,11872,3059,4953,6892,8838,
126198696843,28924,1424,2851,4761,6793,8848,
126199696843,35678,11884,2931,4962,6810,8923,
126200196843,27583,1367,2893,4950,6879,8893,
126202696843,46523,12076,2794,5033,6961,8919,
126203196843,174824,1463,3206,5142,6944,8950,
126204196843,33482,12153,2977,4841,6801,8942,
126206696843,42853,11766,3053,4873,6819,8802,
126208196843,44521,1462,2972,4885,6911,8774,
126208696843,82637,11786,2919,4800,6856,8889,
126209196843,17471,11913,2799,4763,6735,8745,
126209696843,26440,1484,2972,4750,6724,8915,
126210196843,19108,12515,3237,4935,6872,8793,
126210696843,63195,1356,2805,4764,6751,8905,
126211196843,19876,1423,2880,4766,6787,8778,
126212696843,13806,1553,3219,7002,8068,9011,
126213196843,40416,1419,2903,4865,6791,8793,
126213696843,25046,1516,2999,5096,7021,9020,
126216196843,10326,1347,2782,4852,6836,8883,
126216696843,98578,12303,2886,4726,6782,9044,
126217696843,49112,12048,3106,5028,6893,9465,
126218696843,27873,1633,3152,4908,6924,8856,
126219196843,54764,1271,2943,4852,6813,9422,
126219696843,23601,11916,2988,5038,7145,9063,
126220196843,26782,1248,2706,4845,6716,8835,
126222696843,33062,11740,2976,4831,6753,8828,
126224696843,53509,1764,2884,5058,6819,9309,
126225196843,28038,1341,2870,4782,6823,8789,
126225696843,27117,1280,2816,4848,6855,8764,
126226196843,37394,11739,3816,4983,6803,8927,
126226696843,43966,11753,3286,4892,6707,8766,
126227196843,21086,13354,3007,4795,6770,8746,
126228696843,29828,12021,2921,4937,6899,8943,
126229696843,25621,1436,3074,4743,6965,8959,
126230196843,19978,1349,2905,4929,6850,8849,
126230696843,12987,12042,2948,5353,6970,8942,
126231196843,32872,1448,2868,5019,6932,10148,
126232696843,16115,11995,2836,5249,7037,8850,
126233196843,30633,11669,2753,5345,6747,8801,
126234196843,43657,1211,3010,5042,6800,8787,
126236196843,46545,12652,2978,4855,7125,9040,
126237196843,70814,11810,2968,4896,6779,8806,
126238196843,32411,1305,2790,4886,7365,8709,
126239196843,13236,1594,2917,4820,6647,8778,
126239696843,59783,1336,2928,4811,6789,9250,
126241196843,35874,11831,2857,4825,6883,8918,
126243696843,48031,11728,2874,4862,6700,8731,
126244696843,49548,11766,2812,4974,6841,8822,
126247196843,22640,1631,2982,4936,6754,8801,
126247696843,43787,1550,2944,4736,6759,8832,
126248196843,29495,1297,2872,4903,6771,8825,
126248696843,43979,1274,2939,5114,6959,9066,
126250196843,21832,1329,2822,4926,6792,8813,
126250696843,42374,1258,2948,4991,6686,8740,
126251196843,23267,1130,3059,4908,6824,8843,
126253196843,54991,1408,3021,6394,7148,9044,
126254696843,126005,1370,2992,4945,6958,8843,
126255196843,34915,1553,3046,4892,6955,9027,
126255696843,43486,1693,2922,4864,6795,8893,
126256196843,26371,1606,3033,5225,6880,9051,
126256696843,45131,11584,3327,5024,9991,9664,
126257196843,14682,1616,3227,4819,6847,8849,
126257696843,85441,1554,3034,5255,7106,9054,
126259196843,11597,12032,2819,5031,6917,8975,
126260196843,81569,1397,2894,4829,6901,8898,
126260696843,76627,1452,2835,5117,6858,8901,
126261196843,33851,1239,3084,4918,6878,8746,
126261696843,41791,1494,2966,4803,6740,8975,
126262696843,10632,1432,2924,4887,6904,8855,
126263696843,112454,1384,2936,4818,6925,8849,
126264696843,35959,11730,2864,4863,6784,8826,
126265196843,51335,1480,2883,5026,6936,9045,
126265696843,25946,11810,2929,4913,6748,8860,
126268196843,31556,1444,3249,5394,6929,9146,
126270196843,11515,1504,2899,4776,7041,9198,
126271696843,127460,1658,2905,5038,6839,8779,
126273696843,18803,1307,2999,4899,6771,8826,
126274196843,34040,11919,2774,4825,6823,9424,
126275196843,242288,1596,3056,4932,6902,9018,
126276196843,141416,11864,2930,4857,6814,9071,
126276696843,300000,1639,3257,5030,6950,9020,
126277196843,158451,11943,3213,5135,6973,9083,
126279696843,26951,1374,2986,4896,6838,8921,
126280696843,24507,12083,3052,5058,6960,9030,
126282196843,300000,1543,2811,5308,6813,9025,
126284696843,46460,1261,2808,7889,8506,8839,
126286196843,44835,12531,5320,6940,7129,9241,
126287696843,26041,1425,2986,4919,6851,8989,
126289196843,23272,1328,3140,4901,6799,8982,
126290696843,24435,1504,2744,5105,6951,8945,
126291196843,27540,1427,2803,4859,7060,9010,
126291696843,31549,1440,3040,5063,7043,8832,
126292196843,44785,12460,3476,4894,7436,8905,
126292696843,39578,1357,2751,4766,6864,9048,
126293696843,41777,1491,2858,5310,6898,8945,
126294196843,46010,1394,2809,4985,6910,8852,
126294696843,61643,1303,2761,4776,6740,8805,
126295696843,20048,12090,2835,4815,6810,8782,
126297696843,122042,1292,2900,4989,6863,8749,
126298696843,53505,1651,3408,5415,6890,9069,
126301696843,9905,11891,2907,4904,6879,9549,
126302196843,35532,1320,6610,7507,7411,8999,
126303196843,15362,11995,2975,4786,6950,8753,
126304696843,41687,12315,3055,4815,6756,8780,
126305196843,42340,1373,2979,4875,6931,8752,
126305696843,64397,1757,3069,5102,7225,9022,
126306196843,107403,11805,2931,4829,6873,8907,
126307196843,12715,11886,2871,5320,7008,8953,
126308196843,59944,11894,3205,4797,6755,9042,
126308696843,19080,11988,2944,5082,6744,8850,
126309696843,50147,1616,2996,5088,7006,8909,
126311196843,12483,1473,2737,4817,6874,8942,
126311696843,125700,11853,2968,4929,7556,8848,
126312696843,46151,1347,2820,5038,6739,8748,
126313196843,44156,1391,3142,5106,6792,8737,
126313696843,36629,1290,2944,5244,6869,8848,
126314196843,29766,11924,3089,5016,6995,8816,
126316196843,300000,11547,2988,5686,6999,8779,
126316696843,46402,11884,3079,4819,6710,8759,
126318196843,NULL,NULL,NULL,NULL,NULL,NULL,
126318696843,NULL,NULL,NULL,NULL,NULL,NULL,
126319196843,300000,3003,3825,5441,6787,9000,
126321196843,29662,1526,3031,4817,6940,9391,
126322196843,20962,1473,2792,4772,6814,8802,
126326196843,37872,11853,2889,4792,6767,8818,
126326696843,51786,1133,2777,4767,6833,8884,
126327696843,33068,1380,2795,4747,6690,8711,
126328196843,34271,11636,2758,4955,6822,8821,
126329196843,82836,1288,2797,4787,6826,8887,
126329696843,34534,11673,2841,4874,6688,8846,
126330196843,15304,14030,3849,4709,6784,8866,
126331196843,17519,1425,2890,4880,6853,8899,
126331696843,26239,1578,2984,4804,6767,8842,
126333196843,25475,1741,2859,5065,6833,8826,
126333696843,52085,11896,12483,12086,12615,12387,
126335196843,11371,1374,3011,4954,6817,8717,
126335696843,201663,1286,2759,4959,6855,8849,
126336196843,31117,1568,3302,4843,6976,8820,
126337196843,15335,11704,2909,4968,6889,9009,
126338196843,39734,1509,3032,5063,6866,8966,
126339696843,73830,19862,9507,19770,18475,9378,
126340696843,23377,1265,3316,4967,6771,8756,
126342696843,14612,1473,2874,4797,6729,8972,
126343196843,35596,1462,2840,4919,6798,8831,
126343696843,27614,11556,2847,4820,6730,8825,
126344196843,11408,1606,2991,5197,6865,8917,
126345196843,79866,1688,2975,4970,6980,9277,
126345696843,11529,1456,2958,4844,6753,8734,
126346196843,10377,11561,2986,4890,6800,8715,
126346696843,9823,1396,2796,4791,6924,8896,
126347196843,19286,1273,2825,4925,6797,8833,
126347696843,11674,11778,2741,4716,6900,8756,
126349696843,33330,11908,2816,4795,6792,8912,
126350696843,18589,1493,2920,5030,6869,8835,
126352196843,46833,11711,3037,4875,6744,8773,
126354696843,45980,1802,3120,4850,6772,8807,
126355196843,47542,11828,2880,4739,6895,8768,
126355696843,52422,1356,2821,4868,6707,8900,
126357196843,53491,1140,2793,4795,6904,9065,
126357696843,11011,1266,2829,4777,6719,8706,
126358696843,45361,12396,3481,4827,6903,8900,
126359696843,87380,1197,2860,4787,7489,8909,
126360196843,29566,1302,3518,4748,6763,8759,
126360696843,76534,13236,3453,4958,6838,8883,
126361196843,48021,1564,8314,7994,7843,8939,
126361696843,37486,1284,2758,4782,6748,8710,
126362196843,133126,1264,2926,4804,6748,8712,
126362696843,16277,1410,2944,5279,6972,8950,
126363196843,42676,11751,3062,4972,6886,8727,
126363696843,15534,1563,3256,5118,7055,8919,
126364196843,19768,11768,2810,4760,6823,8848,
126365196843,16717,16565,2902,4805,6702,8759,
126365696843,9361,1429,2911,4977,6793,8822,
126366196843,35691,1253,2923,4956,6864,9210,
126367196843,55132,1463,2949,4873,6840,8957,
126367696843,21961,1716,2961,4994,6770,8840,
126368696843,49143,1345,2983,4831,7078,8951,
126369196843,21666,1328,3008,4896,6824,8771,
126369696843,51465,1292,2920,4795,6775,8840,
126370196843,15482,11729,2944,4761,7460,8799,
126371196843,7723,1444,3108,4756,6958,8759,
126371696843,34343,11929,2990,4867,6684,8906,
126372196843,60077,1230,2930,5225,6936,9412,
126372696843,36369,1300,3358,4764,6616,8820,
126375196843,29881,1352,2848,4838,7004,8937,
126375696843,44508,11955,2783,4875,6928,9043,
126377696843,36036,1511,3034,4892,6992,8969,
126380196843,27629,12001,2774,4774,6996,8886,
126383696843,23576,11814,3122,4848,7602,8888,
126384196843,38057,11711,2870,4835,6805,8806,
126385696843,51329,1499,3085,5047,7054,8930,
126386196843,22620,1351,3036,4988,6930,8785,
126386696843,20836,1380,3387,5025,6908,8984,
126388196843,23568,1388,2758,4729,6917,8785,
126388696843,170745,11881,2902,4745,6723,9020,
126389696843,10908,1282,2940,4823,6884,8784,
126390696843,52353,11631,2897,4935,6880,8766,
126391196843,46370,1211,3034,4790,6935,8707,
126391696843,18600,1622,4131,5035,6795,9049,
126392196843,33445,1275,2813,4825,6816,8867,
126393696843,44143,1500,2790,5131,6899,8760,
126394696843,56937,1381,2812,4811,6825,8720,
126395196843,32489,1354,2787,5202,6769,8816,
126396196843,16366,11626,2905,4758,6679,8714,
126397196843,35608,11809,2731,4762,6805,8706,
126397696843,16685,11876,3000,4867,6711,8970,
126398196843,9605,1346,2765,4803,6872,8804,
126401196843,22386,1311,2784,4758,6834,8789,
126402196843,38048,11835,2897,4875,6714,8819,
126403696843,17357,1315,3072,4817,6813,8781,
126404696843,35291,1359,2892,4947,6746,8962,
126405696843,31051,1287,2857,4767,6729,8803,
126407196843,7739,1454,2919,4793,6691,8735,
126407696843,40355,1522,2913,4704,6675,8657,
126408196843,20988,12475,3706,4821,6704,8813,
126410696843,208378,1381,2923,4848,7038,8937,
126411196843,22819,1355,3001,4806,6692,8780,
126412696843,95986,11835,2696,4875,6914,8846,
126413196843,7539,1405,2823,4891,6722,8732,
126413696843,34600,1231,2759,4837,6909,8771,
126415196843,176037,11707,2826,5020,6914,8941,
126415696843,27849,12295,3034,5014,6809,8690,
126416196843,41771,1251,3461,4845,6736,8864,
126417196843,35842,1464,2747,4719,6706,8889,
126420196843,35446,1419,2881,4871,6741,8931,
126420696843,63454,11997,3294,4685,6826,8849,
126421696843,20598,12025,2904,5083,6984,8838,
126422196843,23361,1398,2929,4752,6731,8718,
126423696843,121362,1289,2883,4851,6848,8813,
126424696843,81411,11947,3026,4963,7033,8791,
126426196843,31359,1459,2892,4840,6858,8768,
126426696843,40957,11697,2708,4766,7102,8744,
126427196843,9967,1552,2936,4893,6780,8910,
126429696843,27773,1860,3061,4770,6739,8758,
126430696843,45677,11840,3237,5957,6724,9451,
126431196843,12403,4953,6392,6466,6918,8894,
126432196843,11397,1316,2766,4967,6796,8830,
126435196843,21483,1439,2896,4813,6814,8767,
126435696843,18369,1341,2836,4834,7144,8772,
126436696843,42025,1862,3015,4698,6749,8686,
126438196843,12409,1040,3051,4733,6629,8738,
126440196843,9839,1215,2693,4916,6887,8686,
126440696843,216750,1533,3061,5035,6872,8806,
126442196843,32002,1499,2947,4874,6993,9049,
126443196843,11940,1546,2855,4852,6921,8884,
126443696843,44099,2779,3415,4887,6903,9042,
126444696843,15681,1377,2705,4736,6834,8946,
126446696843,27518,1390,2960,4881,7085,8836,
126447196843,8492,1148,2850,4830,6705,8897,
126448696843,41470,1314,2771,4916,6822,8877,
126449196843,16200,12006,2939,4976,6818,8911,
126450196843,23233,11478,2759,4690,6722,8748,
126451696843,57464,2360,2929,4846,6854,8962,
126452696843,24742,1418,2768,4888,6791,8853,
126454696843,33759,11527,2862,4809,6743,8763,
126455196843,23820,11820,2987,4821,6844,8940,
126455696843,38951,12039,2905,4908,7015,8934,
126456696843,43583,1258,2840,5013,6853,8785,
126459196843,35362,1276,2965,4720,6796,9763,
126465196843,30640,1392,2801,4710,6868,8936,
126465696843,23646,11840,3504,4982,6727,8707,
126466696843,31480,11921,2904,4751,7018,9736,
126467196843,75646,1383,2897,4959,6763,8771,
126470196843,50685,11729,2962,5125,6799,8883,
126471696843,15989,1464,3107,4709,6767,8698,
126472196843,42444,11708,2864,4717,6788,8771,
126472696843,16913,1365,2870,4960,6856,9014,
126473196843,9436,1310,2774,4802,6743,8757,
126473696843,30403,11991,3034,4925,6922,8893,
126474196843,28357,12030,2868,4725,6882,9365,
126476696843,17686,1385,2963,4745,6829,8836,
126478696843,41420,11990,2870,4814,6788,8722,
126479196843,14645,11837,3036,5092,6841,8817,
126480196843,34048,11659,2981,4956,6837,8828,
126480696843,43298,1451,3143,4931,6879,8862,
126481196843,300000,1700,2985,4987,7025,9024,
126481696843,21410,1343,2835,4766,6694,8724,
126482196843,25719,1364,2866,5135,6683,8742,
126483196843,37428,11885,2870,4850,7008,9795,
126483696843,7395,1340,2971,4716,6812,8739,
126484196843,10853,1475,2755,4757,6803,8900,
126485196843,29380,1321,2799,4778,6785,8853,
126485696843,22470,1623,2935,4844,7297,8707,
126486196843,25260,11732,2977,4808,6813,8784,
126488196843,146311,1246,2910,4775,6723,8723,
126489696843,27394,1104,2952,4886,6893,8878,
126490196843,39498,1289,2717,4818,6765,8933,
126491196843,70440,1623,3066,4746,6789,8740,
126491696843,39023,1398,2923,4980,6723,8812,
126493196843,26794,1304,2774,4876,6692,8720,
126494196843,42207,1316,2849,4718,6678,8892,
126495696843,45304,12442,3458,5054,6722,8784,
126496696843,37429,1341,2874,4776,6743,8758,
126497196843,21330,1391,2894,4727,7043,9201,
126497696843,9694,1416,2849,4776,7213,8895,
126500196843,49454,1285,2793,4930,6773,8864,
126500696843,20418,11907,3049,4908,6831,8858,
126501696843,94624,1439,2961,4901,7110,9126,
126502196843,19582,1288,2687,4913,7031,8910,
126503696843,35622,1757,3829,4946,7044,8990,
126504696843,32113,1530,2757,4727,6739,9022,
126506696843,37461,1540,2977,5259,6824,8963,
126510196843,117746,12126,3005,4797,6930,8949,
126512696843,26331,1449,2858,4939,6776,8804,
126513196843,45727,13601,13503,5238,6909,8800,
126513696843,38136,1260,2918,4733,6734,8759,
126514696843,57225,11827,2866,4837,6845,8764,
126515696843,114625,12059,2914,4790,6819,9000,
126516696843,61371,1722,2806,4860,6871,9036,
126517196843,41073,1326,2860,4712,6848,8716,
126517696843,51970,1340,2876,4840,6782,8979,
126518696843,29274,11983,3024,4970,7014,8852,
126519196843,21291,11664,2939,4897,6781,8692,
126519696843,7516,11908,2852,4743,6799,8774,
126520196843,37988,1399,2992,4943,6823,8733,
126521196843,18009,11600,3111,4721,6657,8687,
126523196843,43522,11723,2818,5015,6768,9059,
126524196843,33517,11545,2963,5028,6898,8768,
126527196843,17839,1472,3001,4810,6729,8714,
126528696843,36914,1426,2802,4725,6751,8837,
126529196843,39533,1411,2700,5000,6660,8750,
126530196843,7312,1367,2952,4857,6873,8834,
126531196843,43088,1269,2886,4864,6702,8689,
126531696843,18538,1376,3337,4880,6755,8804,
126532196843,44610,1241,2843,4829,6736,8760,
126532696843,48216,1208,2823,4719,6701,8836,
126533196843,22441,1235,2903,4855,6889,8945,
126533696843,25682,1303,2794,4728,6717,8722,
126534196843,75715,1269,2976,4956,6797,8930,
126534696843,10129,1348,2772,4853,6837,8793,
126536196843,37850,1512,2947,4690,6729,8755,
126538196843,40872,1528,2890,4847,6849,8875,
126539196843,7786,1291,2835,4905,6721,8711,
126539696843,28457,1297,2931,4811,6893,8813,
126541196843,39255,12113,3099,4972,6770,8914,
126544196843,27667,12130,2943,5066,6879,8920,
126547696843,15814,1325,2921,4753,6711,8810,
126548196843,204539,12300,3560,4936,6851,8853,
126548696843,34031,1354,2835,4804,6761,8842,
126549196843,14456,1221,2783,4798,6774,8980,
126549696843,41700,12042,3555,4855,6864,8853,
126550696843,8400,1321,2803,4846,6754,8798,
126552696843,11409,1573,2801,4776,6738,8755,
126553196843,26549,11727,2871,4893,6879,8902,
126554696843,44258,1503,3050,6757,7599,9366,
126555196843,18779,1326,2783,4660,6740,9655,
126555696843,10343,1387,2892,4782,6789,8856,
126556196843,50352,1439,2868,4798,6765,8738,
126557196843,21532,1314,3016,4936,6807,8890,
126557696843,42525,11666,2888,4690,7334,10310,
126558196843,28626,1298,2892,4686,6712,8709,
126559196843,47692,3611,3692,5013,7410,8771,
126561196843,45358,11586,5955,5773,6863,8771,
126562696843,26402,11598,2888,4829,6648,8819,
126563196843,72832,1836,3313,5252,6817,8940,
126564196843,21566,1454,2704,4871,6880,9137,
126564696843,71501,1435,2945,5012,6884,8833,
126565696843,33465,12002,2763,4722,6775,8917,
126566696843,17497,1315,2850,4730,6829,8843,
126567696843,42048,1443,2927,4743,6877,8877,
126568196843,59694,1105,2895,4920,6856,8764,
126569196843,59308,12017,2933,4821,6836,8717,
126569696843,30932,1284,2792,4725,6962,8715,
126570196843,45767,12285,3154,4779,6989,8850,
126571196843,44848,11713,2807,5150,6780,9049,
126572196843,12357,12454,2938,4830,6795,8981,
126573696843,300000,1461,2942,4831,6758,8955,
126574196843,300000,145153,148908,144984,144863,144986,
126574696843,185399,1587,3241,5066,7061,8955,
126575196843,105388,1543,3048,4904,7133,8983,
126575696843,242119,1552,3095,5009,6938,8906,
126576196843,64438,1557,3092,5061,6974,8897,
126576696843,300000,12791,3031,5068,7331,11778,
126577196843,300000,1625,3221,5051,7097,8988,
126577696843,300000,1630,3032,4999,6986,8981,
126578196843,225615,1654,3015,5006,6895,9052,
126579196843,226858,1604,3011,5240,6818,8726,
126581196843,18544,11883,3004,4927,6922,9147,
126583696843,122351,89922,89537,80534,82854,84453,
126584196843,300000,1513,2826,4711,6924,8956,
126584696843,33584,1507,2958,5007,6908,8897,
126585696843,26051,1325,2863,4993,6742,8813,
126586196843,27374,1379,2816,7845,8433,8943,
126587696843,18427,1268,2828,4795,6771,8724,
126588196843,33347,1286,2902,4833,6726,8832,
126588696843,45552,1087,2899,4771,6729,8756,
126589696843,11854,1546,2970,4937,6791,8842,
126590196843,101596,1489,2991,4848,6736,8832,
126592696843,228971,11940,3071,5197,7211,8928,
126594196843,49339,1242,2797,5097,6752,8720,
126595196843,40397,11777,2966,4991,6855,9141,
126595696843,19556,12139,3113,5094,7010,8901,

