,W-0,R-0,R-1,R-2,R-3,R-4,
140425411376,9176,17558,11198,8459,9027,11292,
140426911376,9498,3890,3600,5157,7596,9191,
140427911376,11546,12097,3016,5016,7190,9085,
140428911376,28237,12079,25008,5027,7098,8988,
140429911376,4209,12854,3203,5089,7074,9000,
140430411376,4303,13384,3127,6305,7722,9016,
140430911376,150203,34909,36458,38555,28868,19814,
140431411376,3003,12388,14344,15854,17861,20011,
140431911376,4365,13087,2969,5086,7015,8937,
140432411376,40167,66531,25361,27341,40998,42141,
140433911376,3940,12599,14190,5112,7025,8971,
140434911376,5241,11888,14020,5102,6970,8993,
140435411376,34209,12019,3061,5397,6836,8833,
140435911376,3504,12577,3071,5093,7052,9260,
140436411376,3729,12337,3242,4897,6868,9090,
140436911376,4601,12756,3184,5247,6964,9058,
140437411376,25871,34347,26954,27394,29300,31055,
140437911376,2513,23863,14021,27546,6954,19993,
140438911376,5328,12176,13948,5544,7022,8910,
140439411376,4059,12456,3096,5051,9589,9352,
140439911376,2725,12010,2946,4924,7278,8919,
140440411376,2580,12332,3061,4967,7389,9222,
140441411376,2619,12244,2821,4958,6969,8859,
140442411376,3216,12104,2958,4809,6886,8813,
140442911376,3779,12170,3048,4906,6919,19859,
140444911376,3474,12416,2907,4990,6934,8925,
140445411376,3138,12018,2866,4903,6933,8832,
140445911376,3500,12267,3124,5138,7195,9140,
140446411376,3804,12434,13796,15946,7208,8919,
140446911376,3413,12305,2929,4886,6960,8819,
140449411376,3574,12405,2986,4858,6884,9150,
140450411376,3933,12572,3214,5225,7241,9101,
140450911376,3958,12683,14148,16018,7014,8948,
140451411376,3107,11955,2950,4868,6805,8752,
140451911376,4611,12565,13808,4917,7001,8912,
140452411376,7219,12028,3238,4903,6830,8844,
140453411376,3566,12027,2954,4958,7016,8982,
140453911376,3747,12131,3029,5034,7374,9231,
140454411376,2607,12138,2989,4888,6838,8728,
140456411376,3912,12434,2882,4940,6862,8872,
140456911376,5050,12748,13759,4854,6959,8848,
140458411376,3870,12378,2918,5209,6922,8930,
140458911376,3952,12312,3174,5002,7136,8925,
140459411376,2609,11992,2994,4817,7058,8932,
140459911376,300000,12836,3269,5204,7189,9193,
140460911376,5713,12393,4086,5140,6866,8868,
140462411376,3576,12104,3072,5003,6871,9008,
140462911376,2510,12779,2950,4873,6842,9183,
140463411376,3903,12371,2983,5023,6940,8914,
140464411376,3067,34366,2789,27151,17758,8838,
140465911376,3400,11982,2949,4809,6863,8947,
140466911376,3725,11975,2902,4895,6850,9229,
140468411376,3609,12362,2917,4940,6867,8946,
140468911376,2522,12025,2850,15809,6937,8982,
140469911376,3469,11962,3017,4938,6857,9029,
140470411376,5235,12440,13851,5090,6915,8952,
140471911376,3570,11963,3072,4920,6977,8824,
140472411376,3925,12597,3126,5153,7220,8869,
140472911376,5694,11800,2989,6480,6967,8879,
140473411376,2502,11721,2929,4864,6801,8808,
140475411376,3858,12329,14124,4981,7789,8851,
140477411376,3694,12170,3163,4928,6993,9111,
140477911376,3609,12065,3154,4936,7006,8974,
140479411376,5141,12353,13973,4910,6931,8889,
140480911376,13430,23096,14423,16092,18034,19941,
140483411376,2983,12097,2807,4787,6804,8770,
140483911376,5030,11965,13745,4803,6826,8767,
140484911376,3089,11815,2903,5114,6975,8763,
140485411376,2768,15601,2984,4991,6875,9069,
140485911376,3601,12795,2840,4896,6867,8823,
140486911376,3530,12003,2798,4754,6814,8855,
140489411376,6691,11823,2870,4797,6938,8864,
140489911376,3914,12332,3024,5081,6853,8929,
140490911376,45390,11941,3002,4926,6940,8893,
140491411376,48017,11911,2808,4839,6911,8833,
140491911376,4473,12499,3106,4902,6804,8851,
140492411376,3490,12018,3066,4789,6770,8850,
140494411376,2949,11764,2778,4824,6812,9183,
140495411376,300000,23228,2861,26549,6856,52093,
140497911376,5957,12249,13730,15707,6898,8949,
140498911376,3455,12227,2944,5035,6782,8829,
140499411376,3472,11859,13838,5288,7028,8880,
140501911376,16198,11941,2937,4776,6883,8860,
140502411376,93967,12076,3218,4792,6788,8898,
140503411376,3315,11723,2889,4879,6746,8969,
140505911376,5171,11943,13716,4993,6746,8720,
140507411376,27585,12135,13740,15904,17843,19697,
140507911376,11421,12399,2911,5035,7113,8858,
140508411376,3515,12016,2976,4852,6778,8795,
140508911376,2500,12100,2720,4787,6745,8816,
140509411376,3621,11882,2849,5155,6797,8831,
140509911376,3448,12019,13532,4775,6831,8806,
140510411376,4724,11963,13983,4862,6915,8763,
140511911376,4165,11881,2844,4839,6813,8863,
140512411376,3420,11978,2980,15885,17761,9201,
140512911376,3486,12049,2983,4870,6858,8869,
140515411376,3418,11747,2852,4750,6787,8789,
140515911376,3971,12236,2948,4917,6959,8808,
140516911376,3690,33854,2790,4960,7070,9376,
140517911376,3813,11923,2856,4846,7257,8788,
140518411376,2485,11970,2844,5204,6747,9242,
140518911376,2522,11937,3029,4823,6931,8896,
140519411376,3852,12150,3299,4799,6835,9357,
140521911376,5197,13546,14236,5011,7121,8992,
140523911376,3265,12036,2792,4734,6984,8851,
140524411376,4607,44793,24555,26589,61752,8861,
140524911376,5889,23361,25126,4878,17701,8818,
140525411376,3516,22979,2913,26747,7349,8867,
140525911376,2941,11739,2846,4770,6941,9511,
140526411376,3392,11994,2765,4813,6754,8867,
140527911376,42294,11491,14305,4799,39569,30567,
140528911376,5063,12227,13520,4876,6832,8801,
140529411376,3440,11707,3212,5244,6861,8821,
140529911376,12369,11693,2919,4803,6885,8808,
140530411376,3579,12442,3065,4827,6949,8770,
140531911376,4202,12384,3119,5253,7201,8847,
140532411376,3018,11676,13547,15538,6866,8780,
140533411376,9123,11696,13537,4893,6849,8920,
140535411376,3228,12843,3006,4813,6825,9056,
140536411376,3549,12173,3045,4876,7023,9082,
140537411376,5198,12129,14100,15786,6922,9434,
140538411376,6518,12298,13971,5018,7790,8812,
140538911376,6131,22443,13560,15672,6953,8792,
140540411376,2560,12232,2804,4790,17821,8978,
140542911376,3909,12079,14098,4783,6769,8816,
140543911376,13991,12072,3097,5001,7077,8961,
140546411376,7171,11842,3503,4974,6987,9418,
140546911376,4813,11794,13883,5020,6789,8748,
140547411376,4404,11862,13567,15510,17539,8806,
140547911376,3435,22816,2796,4819,17719,8856,
140549411376,3476,12050,2774,15741,17789,19582,
140549911376,2493,11750,2993,4829,6955,8858,
140550411376,3494,12045,2969,4853,6821,8899,
140552411376,4381,33368,24515,4810,6775,19554,
140553911376,300000,326537,327075,332845,333080,336910,
140554411376,33850,12614,2888,5082,6775,8798,
140554911376,7302,12154,47392,15862,7046,19935,
140555411376,3965,11857,13515,4849,6789,8747,
140555911376,5144,11873,5469,4965,6961,8831,
140556411376,4614,12392,2971,4983,6948,9254,
140556911376,10263,12137,2991,4934,7304,8961,
140558411376,22252,23024,13774,4817,6817,19695,
140559411376,17783,33113,24194,26261,17934,19548,
140559911376,3305,12012,3063,4848,6849,8973,
140560411376,3394,11808,3097,4797,6811,8886,
140560911376,3513,12139,3059,4924,6896,8766,
140561911376,3426,12024,2915,15552,7250,19620,
140562911376,11545,11784,2884,4763,6849,8791,
140563911376,3322,11855,3246,4844,6834,8795,
140564411376,4546,22457,3513,5015,17954,8959,
140564911376,3175,11850,3032,5023,7090,8974,
140567411376,3433,11769,2911,4772,6736,8776,
140569411376,4709,12043,13603,4843,6924,8902,
140570911376,7454,12014,2906,4825,6798,9150,
140572911376,9006,12111,2971,4822,6841,8885,
140573411376,3400,11982,2802,4734,6812,8881,
140574411376,3606,11831,13860,4898,17618,19439,
140575411376,3751,13031,3119,4710,6868,8800,
140575911376,3573,12123,13722,4903,6756,8932,
140576411376,3753,12095,2969,4911,7091,8973,
140578911376,3063,11964,3142,5147,6874,8860,
140579911376,12299,17459,16288,16934,7541,9421,
140581411376,3676,12201,3080,4943,7078,9084,
140583911376,4455,11710,13501,4785,6700,8768,
140585411376,221461,44499,2900,15944,7000,19875,
140586911376,3492,12473,3161,4964,7078,9015,
140588411376,15404,11936,2818,16349,6792,8885,
140589911376,7205,11961,24513,26539,18119,19914,
140590411376,3492,11971,2922,4885,6887,8920,
140590911376,2468,11753,2858,4810,6779,8834,
140591411376,4458,12612,13586,4765,6794,8997,
140591911376,3793,11577,2916,4792,6859,8778,
140592911376,3515,12153,2889,15444,6995,8790,
140593411376,3025,11888,2904,5016,6871,9437,
140593911376,3500,11907,2890,5200,6845,8880,
140594911376,3414,12010,2925,4738,6910,8828,
140596911376,3805,12146,3300,5028,7053,9057,
140597911376,9269,11783,2984,4878,6906,9491,
140600911376,4447,12255,13575,4736,6934,8887,
140601411376,3760,12076,3048,4971,7010,8941,
140602411376,3559,12162,2953,4880,7177,9042,
140603911376,3535,11921,24746,4897,28399,19689,
140604411376,3396,12265,13496,4813,6765,8752,
140604911376,4596,12148,13707,5235,6960,8880,
140605411376,2441,11914,2967,4821,6774,8807,
140606411376,2720,11996,13510,15708,7031,8874,
140607411376,3487,12150,3053,4751,6749,9005,
140607911376,3434,11853,2981,4885,6882,8798,
140608911376,3389,11740,2944,4780,6779,8792,
140610411376,3592,11977,2943,4973,6896,8754,
140610911376,3415,11928,2935,4922,6902,8716,
140611911376,3259,12143,3054,4807,6812,9315,
140612411376,2586,11770,13619,15452,17349,8746,
140612911376,3543,11908,13976,5039,17965,8793,
140613411376,3757,22848,24477,15941,17694,19958,
140615411376,4584,11869,3594,4818,6982,9224,
140615911376,3427,11866,2920,4778,7107,8809,
140617411376,3284,34321,24606,4925,39703,63737,
140617911376,2528,11882,2916,4941,6896,8845,
140618411376,4554,11684,13749,4792,6790,8741,
140620411376,3590,11968,2931,4866,7130,9119,
140621411376,3690,12264,2952,4860,6821,8855,
140625411376,7029,12104,2970,4862,6842,8849,
140625911376,3753,12422,3122,4919,7027,8832,
140626911376,2821,12198,3004,5067,7231,9075,
140627411376,4268,11974,2941,5442,6921,9096,
140628411376,2817,12337,2775,4988,7023,8993,
140628911376,68769,11989,2985,37333,6738,52531,
140629411376,3705,12081,2961,4925,6865,8846,
140630411376,3707,11871,3071,5023,6996,8811,
140630911376,6732,11862,2911,7393,7229,9223,
140632411376,4968,12251,13965,15486,17561,19745,
140632911376,4544,12280,3055,4925,6870,8976,
140634411376,3123,12348,2929,4910,6878,8756,
140634911376,2572,11893,2824,4761,6791,8865,
140635411376,3696,11529,3166,4771,6845,9042,
140636411376,4867,12296,13716,4788,6894,8818,
140637411376,3062,11853,2871,26550,6904,9051,
140638911376,5070,11986,2881,4840,6882,8877,
140639911376,9173,11987,2875,4826,6814,8977,
140641911376,5388,12395,14016,4778,6920,8937,
140642411376,8437,12285,2997,4878,6916,8855,
140642911376,2493,11829,2924,4942,6727,9133,
140643411376,2599,12006,2917,4770,6861,8808,
140644411376,16227,11517,2940,5052,6852,8740,
140644911376,3551,12484,3014,4882,6840,8852,
140645411376,4935,11935,13431,4756,6827,8765,
140645911376,4698,12091,13607,4990,6785,8930,
140646411376,4040,12528,2978,5727,6969,8890,
140646911376,3465,11963,13496,4847,6829,8803,
140648911376,3484,12143,2934,4978,8964,9389,
140649911376,6164,11875,13722,15689,7013,8828,
140651411376,47518,11744,2845,4796,6808,8860,
140653911376,2497,44283,56595,4742,6873,19814,
140654411376,8467,11945,13577,15515,7073,8932,
140654911376,5003,11943,13560,4827,6730,8781,
140656411376,3511,12004,2831,4747,6775,8861,
140656911376,49420,12190,2924,5295,6927,8922,
140657911376,3864,12097,13771,15823,6963,8881,
140658911376,4915,11976,13721,4768,6882,8751,
140659411376,8727,11869,13710,4837,6886,9153,
140659911376,3113,11854,2959,5018,6798,8741,
140660411376,3377,11882,2863,15988,6805,9002,
140660911376,7058,23201,13907,15924,6849,8910,
140661411376,3592,11482,2845,5325,6840,8772,
140661911376,3348,11922,2882,4721,6847,8794,
140662411376,3567,11879,2799,4725,6762,8868,
140662911376,2531,11858,2947,4756,6801,8829,
140663411376,5035,11979,13947,5120,6977,8992,
140664411376,11720,11856,3079,4949,6804,9074,
140664911376,2814,23793,14128,16056,17932,19762,
140665411376,2538,12339,2982,4902,6776,8999,
140666411376,3839,12344,2934,4895,7021,8970,
140666911376,3391,12205,2980,5311,6812,9249,
140667911376,3369,11886,2884,15780,6780,8737,
140668411376,2570,11573,2783,4705,38998,19715,
140668911376,15535,25773,37847,16042,16361,16168,
140669411376,2477,11945,2961,5194,7111,8780,
140670411376,3714,12039,2941,4885,6729,8751,
140670911376,3441,11814,3037,4818,6828,8811,
140671411376,5013,11963,2865,15742,6895,30393,
140671911376,2713,11825,2883,4765,6751,8799,
140674411376,3442,11876,16049,4752,6915,9080,
140674911376,15818,12012,2903,4821,7080,9040,
140676911376,3468,11566,13954,4972,6754,8761,
140679411376,6364,11869,13594,6448,6791,8894,
140682911376,3879,11619,3242,4809,6993,8880,
140683411376,3253,12256,2965,5059,6834,9055,
140684911376,3801,11879,13664,5113,18075,8994,
140685411376,10741,12681,2865,4719,6864,8848,
140685911376,2568,11776,2809,4793,6890,8788,
140687411376,2494,11769,2973,4980,6913,8755,
140687911376,3579,11924,2957,4996,6761,8752,
140688911376,3693,12445,2908,5068,7080,8890,
140689911376,2433,44175,2919,4886,6964,30732,
140690411376,5147,11725,13752,4809,6864,9008,
140690911376,149830,11838,13778,4820,7059,8890,
140691411376,3822,11811,3015,5154,6783,8852,
140692911376,3102,11911,2870,4983,6957,9039,
140693911376,3567,11826,3354,5150,6970,8928,
140694411376,12613,11535,2820,4820,6790,8794,
140695411376,3495,11906,3102,4801,6791,8904,
140696411376,3534,11942,2831,4829,6901,8778,
140696911376,3558,12059,13921,5112,17924,19743,
140697411376,44886,12156,2987,4990,6791,8796,
140700411376,5068,11753,13703,15954,6840,19784,
140701411376,3623,12863,2884,5012,7010,9206,
140702911376,3908,12034,2973,5058,6850,8873,
140703911376,3784,12065,3030,4954,7069,9063,
140704911376,3989,12431,3088,4835,6931,8797,
140706411376,3374,12041,3074,4873,6912,8989,
140706911376,3145,11966,2813,4789,6769,8775,
140707411376,3380,11929,2896,4746,6807,8872,
140709911376,3685,11886,2913,4912,6812,8802,
140710411376,3762,11950,3186,4950,6956,8941,
140711911376,3913,11780,2930,15840,6820,8820,
140712411376,97938,45022,2930,26256,17609,8843,
140712911376,13621,11809,13875,4740,6888,8904,
140714411376,4993,11872,13772,4783,7451,9037,
140714911376,3546,12121,2952,4907,6892,10090,
140715411376,4802,12086,2980,5534,6851,8843,
140716411376,58991,12151,3056,5043,6906,8891,
140719411376,2613,11970,3146,4831,6785,8862,
140719911376,3795,11876,3106,15556,39107,8892,
140720911376,3479,55257,2811,4809,6931,8820,
140721411376,3551,23287,13895,15800,17678,21196,
140722911376,4531,12312,3117,5289,7306,8938,
140723911376,3514,12211,2796,4853,7261,8950,
140725411376,2507,11852,2881,4790,6848,8817,
140725911376,4439,11879,2891,4879,6855,8855,
140726411376,3180,12258,2868,4947,6993,8974,
140728911376,3240,11937,2944,4836,6708,8853,
140729911376,3545,11900,13809,15984,17816,8892,
140730411376,2613,11763,2841,4807,6855,8759,
140731411376,4983,11986,13488,4811,6891,8850,
140734411376,16342,11930,13742,15546,6867,8826,
140734911376,2958,11762,2808,4811,6784,8731,
140735911376,31906,23015,13928,4870,17595,19389,
140737411376,3785,12477,13838,4782,17617,8885,
140739411376,3613,12142,2965,5086,6948,8881,
140739911376,3603,12334,3192,4944,7225,8805,
140741411376,2565,11878,2947,5048,6995,8837,
140742411376,22310,12066,2871,4868,6735,8731,
140742911376,58465,12746,24798,15896,7070,8962,
140743911376,3581,11879,2787,4746,6714,8828,
140745911376,4570,12441,3153,4900,7011,9040,
140746411376,3326,11935,2935,4841,7129,8832,
140747911376,3155,11762,2880,4841,6773,8817,
140748411376,3583,11687,2965,4807,6739,8714,
140749411376,3551,12099,13696,4902,6827,8842,
140750911376,3602,11986,2912,4864,6805,8761,
140751911376,2677,11959,3053,4909,6924,8874,
140753911376,4938,22901,13949,4858,6877,8800,
140754411376,2844,11923,3031,5018,6920,8739,
140754911376,3603,12299,2905,5375,7077,8735,
140755911376,4107,12237,2950,5171,7014,8796,
140758411376,9189,12153,13724,15709,17561,8947,
140764411376,3425,11799,2836,4796,7531,8944,
140764911376,3436,12025,2995,5522,6910,8856,
140765911376,3461,12014,2949,5015,6845,8889,
140766411376,3497,12206,13723,4835,6761,20024,
140769411376,3562,11959,2971,4958,6951,8922,
140770911376,11162,11889,13946,15836,17524,20196,
140771411376,4547,12465,14168,5066,6874,8985,
140771911376,5102,12133,13766,4880,6799,8952,
140772411376,5819,12268,13767,5009,6902,8781,
140772911376,2403,12003,2894,4729,6877,8772,
140773411376,3619,11990,25274,81243,18075,8911,
140775911376,6413,11968,14190,16128,6848,8752,
140777911376,3796,12260,2989,5092,7036,9071,
140778411376,3831,12338,2889,4928,6783,8931,
140779411376,3489,11729,3107,5068,6795,8733,
140779911376,2415,11692,2884,4762,6825,8741,
140780411376,11100,22593,24301,4941,17710,19682,
140780911376,4889,11787,13772,4779,6829,8891,
140781411376,3374,11893,3037,4757,6805,8752,
140782411376,3427,12505,3086,4890,6754,8994,
140782911376,3436,11807,2878,4762,6745,8984,
140783411376,3823,12176,2948,4849,7050,9089,
140784411376,3549,11964,2889,4750,6866,8908,
140784911376,3228,12054,2974,4792,6801,8870,
140785411376,4513,11895,13571,4738,6756,8726,
140787411376,3896,11739,3433,4804,7076,9047,
140788911376,7850,11906,13607,15615,17683,8839,
140789411376,3754,11724,3166,4912,6843,9515,
140790411376,4108,12027,14940,15864,17621,19788,
140790911376,3876,12349,46433,4901,28694,41031,
140792411376,3603,12216,2854,4748,6726,8882,
140793411376,3791,12004,3101,5010,7219,9042,
140794911376,4057,11892,3157,4859,6893,8745,
140795911376,3943,11808,2886,4787,6807,8792,
140796411376,4470,12000,13587,4699,6907,9237,
140796911376,14605,22517,13957,15706,17800,19591,
140799411376,3778,12405,2970,4905,6762,9438,
140799911376,3739,12370,3034,5026,6893,8873,
140800911376,3418,12245,2978,4782,6776,8881,
140801411376,3747,12421,24623,15875,50231,19543,
140802911376,3726,11966,2909,4790,6798,8943,
140803911376,3816,11802,13802,4872,6837,8822,
140805911376,3662,11855,14340,15666,6995,20030,
140809411376,87824,12122,3030,4923,7036,8947,
140811911376,3576,11760,14132,4764,6893,8871,
140812411376,3589,11531,13386,4835,6777,8790,
140812911376,4611,12249,3149,5550,6905,8897,
140813911376,3361,11971,2871,4733,6826,8824,
140814911376,3546,11759,2897,4794,6829,8822,
140815911376,2477,11891,2810,4775,6901,8738,
140816411376,5045,11770,13554,4930,6973,8824,
140816911376,5060,11800,13856,4857,6872,8915,
140817911376,4874,11793,13469,5829,6816,8749,
140818411376,3496,11934,2928,4777,7325,8821,
140818911376,3384,12029,2827,4919,6880,8991,
140819411376,3456,11789,2823,4828,6870,8866,
140820411376,10032,11989,2825,4737,6792,8792,
140822411376,3689,11831,2925,15526,7010,19748,
140823411376,3620,12081,2790,5262,6789,8834,
140826411376,4014,11776,3052,4866,6864,8861,
140827911376,3894,12319,2838,4903,6870,8795,
140828411376,2443,22571,2919,15547,6887,19554,
140829411376,2514,11903,2854,4778,6815,8903,
140830411376,8857,12103,13601,16115,6800,8776,
140830911376,64813,66027,90783,80883,82724,85204,
140831411376,7997,12138,13585,15864,6972,8768,
140831911376,3568,12124,3942,4902,6768,9062,
140832411376,4388,11981,3349,5160,6839,9032,
140832911376,3575,12396,13800,15889,17918,76184,
140833411376,3962,11747,13685,5165,7158,19766,
140833911376,3728,11775,2878,4803,6743,8721,
140835411376,4819,11883,13566,5209,6974,8929,
140837411376,3381,11920,2772,4822,6932,8812,
140838411376,3814,12095,3075,4962,6998,9032,
140838911376,64016,22670,3002,15541,17381,19574,
140840411376,300000,12125,2975,4885,6892,8893,
140843411376,3021,11960,2825,4787,6867,8787,
140846911376,2453,11952,2864,15757,17497,8980,
140847411376,3715,12140,2932,4844,6860,8838,
140847911376,4526,12024,13767,26413,17733,9337,
140848411376,2548,22878,13799,4842,6828,8878,
140848911376,3167,12348,2935,4974,6842,8759,
140849911376,2525,11873,2763,15421,17578,9169,
140851911376,3509,11723,2874,4835,6909,8756,
140852411376,3870,11751,3596,4795,6805,8797,
140853911376,3479,11913,13486,15533,6854,30333,
140854411376,3494,11791,2873,4776,6748,8769,
140854911376,3958,11786,2925,15406,6857,8820,
140855411376,141209,11982,2939,4959,6933,8906,
140856411376,3506,11843,2753,4837,6838,9131,
140856911376,4729,12018,13908,4890,6927,9144,
140857411376,4699,11920,13568,4867,6849,8831,
140858411376,3441,11841,13786,4953,7159,19513,
140860411376,3675,11981,3379,4863,6994,9025,
140861911376,3483,12294,2823,15726,17802,9164,
140862411376,10533,12515,3067,4956,6900,8860,
140863411376,3553,11887,2866,4973,6897,8913,
140863911376,4580,12027,13526,4839,6991,8942,
140864911376,15196,12279,3081,4907,6840,8916,
140865911376,3296,11870,2877,4812,6906,8887,
140866911376,12223,12380,3152,15765,17480,19449,
140867411376,2622,11874,2959,4823,6862,8801,
140868411376,29155,11717,13679,15483,17444,19425,
140868911376,3528,12117,13759,4827,6814,8804,
140869411376,2522,11765,2825,4730,6790,8781,
140870411376,12035,12225,13706,15598,6857,9151,
140871411376,6101,12281,13853,5304,7155,8879,
140872911376,5935,12364,2873,4796,6781,8869,
140873411376,2697,11691,2882,4843,6805,8782,
140873911376,4539,12151,3151,4935,7409,8778,
140874411376,2105,11567,2521,4439,17232,8835,
140874911376,1832,11612,2710,4817,6584,8454,
140875411376,4400,11736,13555,4734,6809,8780,
140875911376,4002,11967,2915,4844,6766,8834,
140876411376,5208,12681,13777,4951,17827,8812,
140876911376,3709,12077,3020,4991,7005,8853,
140877411376,3783,12026,3038,5124,6966,8877,
140878411376,19221,12074,2824,4863,6941,8813,
140880411376,3692,12102,3342,4937,7101,8803,
140882911376,3416,12177,2929,5125,6882,8787,
140883411376,3806,11773,3092,4914,6812,8791,
140883911376,3762,11945,2795,4809,6783,8819,
140884911376,5058,11834,13796,4854,6834,8731,
140885411376,2585,12344,2818,4787,7138,8808,
140886911376,3487,12099,3132,4971,8425,8966,
140887411376,6832,12104,2870,4826,6903,8893,
140887911376,2510,11494,2816,4745,6834,8783,
140888911376,4560,12169,13731,4815,6802,19502,
140889411376,4099,11879,3105,5132,6813,8773,
140891911376,3612,11867,3075,4797,6978,8850,
140893411376,2851,12018,3127,4782,6771,8740,
140894411376,4947,11880,13574,4813,6733,8834,
140894911376,3415,22830,2907,26683,7370,8887,

