,W-0,R-0,R-1,R-2,R-3,R-4,
127317500212,1,1,1,1,1,1,
127319000212,1,2,1,1,1,1,
127320000212,1,1,1,1,1,1,
127321000212,1,1,1,1,1,1,
127322000212,1,1,1,1,1,1,
127322500212,1,1,1,1,1,1,
127323000212,1,1,1,1,1,1,
127323500212,1,1,1,1,1,1,
127324000212,1,1,1,1,1,1,
127324500212,1,1,1,1,1,1,
127326000212,1,2,1,1,1,1,
127327000212,1,1,1,1,1,1,
127327500212,1,2,1,1,1,1,
127328000212,1,1,1,1,1,1,
127328500212,1,1,1,1,1,1,
127329000212,1,1,1,1,1,1,
127329500212,1,1,1,1,1,1,
127330000212,1,1,1,1,1,1,
127331000212,1,2,1,1,1,1,
127331500212,1,1,1,1,1,1,
127332000212,1,1,1,1,1,1,
127332500212,1,1,1,1,1,1,
127333500212,1,2,1,1,1,1,
127334500212,1,1,1,1,1,1,
127335000212,1,2,1,1,1,1,
127337000212,1,1,1,1,1,1,
127337500212,1,2,1,1,1,1,
127338000212,1,1,1,1,1,1,
127338500212,1,1,1,1,1,1,
127339000212,1,1,1,1,1,1,
127341500212,1,1,1,1,1,1,
127342500212,1,1,1,1,1,1,
127343000212,1,1,1,1,1,1,
127343500212,1,2,1,1,1,1,
127344000212,1,1,1,1,1,1,
127344500212,1,2,1,1,1,1,
127345500212,1,2,1,1,1,1,
127346000212,1,2,1,1,1,1,
127346500212,1,1,1,1,1,1,
127348500212,1,2,1,1,1,1,
127349000212,1,2,1,1,1,1,
127350500212,1,1,1,1,1,1,
127351000212,1,2,1,1,1,1,
127351500212,1,2,1,1,1,1,
127352000212,1,1,1,1,1,1,
127353000212,1,2,1,1,1,1,
127354500212,1,1,1,1,1,1,
127355000212,1,1,1,1,1,1,
127355500212,1,1,1,1,1,1,
127356500212,1,1,1,1,1,1,
127358000212,1,1,1,1,1,1,
127359000212,1,1,1,1,1,1,
127360500212,1,1,1,1,1,1,
127361000212,1,1,1,1,1,1,
127362000212,1,2,1,1,1,1,
127362500212,1,1,1,1,1,1,
127364000212,1,1,1,1,1,1,
127364500212,1,1,1,1,1,1,
127365000212,1,1,1,1,1,1,
127365500212,1,1,1,1,1,1,
127367500212,1,1,1,1,1,1,
127369500212,1,1,1,1,1,1,
127370000212,1,1,1,1,1,1,
127371500212,1,1,1,1,1,1,
127373000212,1,2,1,1,1,1,
127375500212,1,1,1,1,1,1,
127376000212,1,1,1,1,1,1,
127377000212,1,1,1,1,1,1,
127377500212,1,1,1,1,1,1,
127378000212,1,1,1,1,1,1,
127379000212,1,2,1,1,1,1,
127381500212,1,1,1,1,1,1,
127382000212,1,2,1,1,1,1,
127383000212,1,1,1,1,1,1,
127383500212,1,1,1,1,1,1,
127384000212,1,1,1,1,1,1,
127384500212,1,1,1,1,1,1,
127386500212,1,2,1,1,1,1,
127387500212,1,1,1,1,1,1,
127390000212,1,1,1,1,1,1,
127391000212,1,1,1,1,1,1,
127391500212,1,1,1,1,1,1,
127394000212,1,1,1,1,1,1,
127394500212,1,2,1,1,1,1,
127395500212,1,2,1,1,1,1,
127398000212,1,2,1,1,1,1,
127399500212,1,2,1,1,1,1,
127400000212,1,2,1,1,1,1,
127400500212,1,2,1,1,1,1,
127401000212,1,1,1,1,1,1,
127401500212,1,1,1,1,1,1,
127402000212,1,1,1,1,1,1,
127402500212,1,1,1,1,1,1,
127404000212,1,1,1,1,1,1,
127404500212,1,2,1,1,1,1,
127405000212,1,1,1,1,1,1,
127407500212,1,1,1,1,1,1,
127408000212,1,2,1,1,1,1,
127409000212,1,2,1,1,1,1,
127410000212,1,2,1,1,1,1,
127410500212,1,1,1,1,1,1,
127411000212,1,1,1,1,1,1,
127411500212,1,2,1,1,1,1,
127414000212,1,1,1,1,1,1,
127416000212,1,2,1,1,1,1,
127416500212,1,1,1,1,1,1,
127417000212,1,2,1,1,1,1,
127417500212,1,2,1,1,1,1,
127418000212,1,1,1,1,1,1,
127418500212,1,2,1,1,1,1,
127420000212,1,1,1,1,1,1,
127421000212,1,2,1,1,1,1,
127421500212,1,1,1,1,1,1,
127422000212,1,2,1,1,1,1,
127422500212,1,1,1,1,1,1,
127424000212,1,1,1,1,1,1,
127424500212,1,1,1,1,1,1,
127425500212,1,1,1,1,1,1,
127427500212,1,1,1,1,1,1,
127428500212,1,1,1,1,1,1,
127429500212,1,2,1,1,1,1,
127430500212,1,1,1,1,1,1,
127431000212,1,1,1,1,1,1,
127432500212,1,1,1,1,1,1,
127435000212,1,1,1,1,1,1,
127436000212,1,1,1,1,1,1,
127438500212,1,2,1,1,1,1,
127439000212,1,1,1,1,1,1,
127439500212,1,1,1,1,1,1,
127440000212,1,1,1,1,1,1,
127441500212,1,1,1,1,1,1,
127442000212,1,2,1,1,1,1,
127442500212,1,1,1,1,1,1,
127444500212,1,1,1,1,1,1,
127446000212,1,1,1,1,1,1,
127446500212,1,1,1,1,1,1,
127447000212,1,1,1,1,1,1,
127447500212,1,1,1,1,1,1,
127448000212,1,2,1,1,1,1,
127448500212,1,1,1,1,1,1,
127449000212,1,1,1,1,1,1,
127450500212,1,1,1,1,1,1,
127451500212,1,1,1,1,1,1,
127452000212,1,2,1,1,1,1,
127452500212,1,2,1,1,1,1,
127453000212,1,1,1,1,1,1,
127454000212,1,1,1,1,1,1,
127455000212,1,1,1,1,1,1,
127456000212,1,1,1,1,1,1,
127456500212,1,1,1,1,1,1,
127457000212,1,2,1,1,1,1,
127459500212,1,1,1,1,1,1,
127461500212,1,2,1,1,1,1,
127463000212,1,1,1,1,1,1,
127465000212,1,1,1,1,1,1,
127465500212,1,2,1,1,1,1,
127466500212,1,1,1,1,1,1,
127467500212,1,1,1,1,1,1,
127468000212,1,1,1,1,1,1,
127468500212,1,1,1,1,1,1,
127471000212,1,1,1,1,1,1,
127472000212,1,1,1,1,1,1,
127473500212,1,1,1,1,1,1,
127476000212,1,2,2,2,2,2,
127477500212,1,1,1,1,1,1,
127479000212,1,2,1,1,1,1,
127480500212,1,1,1,1,1,1,
127482000212,1,1,1,1,1,1,
127482500212,1,1,1,1,1,1,
127483000212,1,1,1,1,1,1,
127483500212,1,1,1,1,1,1,
127484000212,1,1,1,1,1,1,
127485000212,1,1,1,1,1,1,
127485500212,1,1,1,1,1,1,
127486000212,1,1,1,1,1,1,
127487000212,1,1,1,1,1,1,
127489000212,1,1,1,1,1,1,
127490000212,1,1,1,1,1,1,
127493000212,1,1,1,1,1,1,
127493500212,1,1,1,1,1,1,
127494500212,1,1,1,1,1,1,
127496000212,1,1,1,1,1,1,
127496500212,1,1,1,1,1,1,
127497000212,1,1,1,1,1,1,
127497500212,1,1,1,1,1,1,
127498500212,1,1,1,1,1,1,
127499500212,1,1,1,1,1,1,
127500000212,1,2,1,1,1,1,
127501000212,1,2,1,1,1,1,
127502500212,1,1,1,1,1,1,
127503000212,1,1,1,1,1,1,
127504000212,1,1,1,1,1,1,
127504500212,1,1,1,1,1,1,
127505000212,1,2,1,1,1,1,
127505500212,1,2,1,1,1,1,
127507500212,1,1,1,1,1,1,
127508000212,1,1,1,1,1,1,
127509500212,1,1,1,1,1,1,
127510000212,1,1,1,1,1,1,
127510500212,1,2,1,1,1,1,
127512500212,1,2,1,1,1,1,
127513500212,1,1,1,1,1,1,
127517500212,1,2,1,1,1,1,
127518000212,1,2,1,1,1,1,
127519000212,1,1,1,1,1,1,
127519500212,1,2,1,1,1,1,
127520500212,1,1,1,1,1,1,
127521000212,1,1,1,1,1,1,
127521500212,1,1,1,1,1,1,
127522500212,1,1,1,1,1,1,
127523000212,1,2,1,1,1,1,
127524500212,1,2,1,1,1,1,
127525000212,1,1,1,1,1,1,
127526500212,1,2,1,1,1,1,
127527000212,1,1,1,1,1,1,
127527500212,1,1,1,1,1,1,
127528500212,1,1,1,1,1,1,
127529500212,1,1,1,1,1,1,
127531000212,1,2,1,1,1,1,
127532000212,1,2,1,1,1,1,
127534000212,1,1,1,1,1,1,
127534500212,1,1,1,1,1,1,
127535000212,1,2,1,1,1,1,
127535500212,1,1,1,1,1,1,
127536500212,1,2,1,1,1,1,
127537000212,1,2,1,1,1,1,
127537500212,1,1,1,1,1,1,
127538000212,1,2,1,1,1,1,
127538500212,1,1,1,1,1,1,
127539000212,1,1,1,1,1,1,
127541000212,1,1,1,1,1,1,
127542000212,1,2,1,1,1,1,
127543500212,1,2,1,1,1,1,
127546000212,1,1,1,1,1,1,
127546500212,1,2,1,1,1,1,
127547000212,1,1,1,1,1,1,
127548500212,1,1,1,1,1,1,
127549000212,1,1,1,1,1,1,
127550000212,1,1,1,1,1,1,
127551000212,1,1,1,1,1,1,
127551500212,1,1,1,1,1,1,
127552000212,1,2,1,1,1,1,
127552500212,1,1,1,1,1,1,
127553000212,1,1,1,1,1,1,
127553500212,1,2,1,1,1,1,
127554000212,1,2,1,1,1,1,
127554500212,1,1,1,1,1,1,
127555000212,1,1,1,1,1,1,
127555500212,1,1,1,1,1,1,
127556500212,1,1,1,1,1,1,
127557000212,1,2,1,1,1,1,
127557500212,1,1,1,1,1,1,
127558500212,1,1,1,1,1,1,
127559000212,1,2,1,1,1,1,
127560000212,1,1,1,1,1,1,
127560500212,1,1,1,1,1,1,
127561000212,1,1,1,1,1,1,
127561500212,1,2,1,1,1,1,
127562500212,1,1,1,1,1,1,
127563000212,1,1,1,1,1,1,
127563500212,1,1,1,1,1,1,
127564000212,1,1,1,1,1,1,
127566500212,1,2,1,1,1,1,
127567000212,1,1,1,1,1,1,
127569000212,1,1,1,1,1,1,
127571500212,1,2,1,1,1,1,
127575000212,1,1,1,1,1,1,
127575500212,1,2,1,1,1,1,
127577000212,1,1,1,1,1,1,
127577500212,1,1,1,1,1,1,
127578000212,1,1,1,1,1,1,
127579500212,1,1,1,1,1,1,
127580000212,1,1,1,1,1,1,
127581000212,1,1,1,1,1,1,
127582000212,1,1,1,1,1,1,
127582500212,1,1,1,1,1,1,
127583000212,1,2,1,1,1,1,
127583500212,1,1,1,1,1,1,
127585000212,1,1,1,1,1,1,
127586000212,1,1,1,1,1,1,
127586500212,1,1,1,1,1,1,
127587500212,1,1,1,1,1,1,
127588500212,1,1,1,1,1,1,
127589000212,1,2,1,1,1,1,
127589500212,1,1,1,1,1,1,
127592500212,1,1,1,1,1,1,
127593500212,1,2,1,1,1,1,
127595000212,1,1,1,1,1,1,
127596000212,1,2,1,1,1,1,
127597000212,1,1,1,1,1,1,
127598500212,1,1,1,1,1,1,
127599000212,1,2,1,1,1,1,
127599500212,1,1,1,1,1,1,
127602000212,1,1,1,1,1,1,
127602500212,1,1,1,1,1,1,
127604000212,1,1,1,1,1,1,
127604500212,1,2,1,1,1,1,
127605000212,1,1,1,1,1,1,
127606500212,1,1,1,1,1,1,
127607000212,1,2,1,1,1,1,
127607500212,1,1,1,1,1,1,
127608500212,1,1,1,1,1,1,
127611500212,1,2,1,1,1,1,
127612000212,1,1,1,1,1,1,
127613000212,1,1,1,1,1,1,
127613500212,1,1,1,1,1,1,
127615000212,1,2,1,1,1,1,
127616000212,1,1,1,1,1,1,
127617500212,1,1,1,1,1,1,
127618000212,1,1,1,1,1,1,
127618500212,1,1,1,1,1,1,
127621000212,1,1,1,1,1,1,
127622000212,1,1,1,1,1,1,
127622500212,1,1,1,1,1,1,
127623500212,1,1,1,1,1,1,
127626500212,1,1,1,1,1,1,
127627000212,1,1,1,1,1,1,
127628000212,1,1,1,1,1,1,
127629500212,1,1,1,1,1,1,
127631500212,1,1,1,1,1,1,
127632000212,1,1,1,1,1,1,
127633500212,1,1,1,1,1,1,
127634500212,1,1,1,1,1,1,
127635000212,1,1,1,1,1,1,
127636000212,1,1,1,1,1,1,
127638000212,1,1,1,1,1,1,
127638500212,1,1,1,1,1,1,
127640000212,1,1,1,1,1,1,
127640500212,1,1,1,1,1,1,
127641500212,1,1,1,1,1,1,
127643000212,1,1,1,1,1,1,
127644000212,1,1,1,1,1,1,
127646000212,1,2,1,1,1,1,
127646500212,1,1,1,1,1,1,
127647000212,1,1,1,1,1,1,
127648000212,1,1,1,1,1,1,
127650500212,1,2,1,1,1,1,
127656500212,1,1,1,1,1,1,
127657000212,1,1,1,1,1,1,
127658000212,1,1,1,1,1,1,
127658500212,1,1,1,1,1,1,
127661500212,1,1,1,1,1,1,
127663000212,1,1,1,1,1,1,
127663500212,1,1,1,1,1,1,
127664000212,1,1,1,1,1,1,
127664500212,1,1,1,1,1,1,
127665000212,1,1,1,1,1,1,
127665500212,1,1,1,1,1,1,
127668000212,1,1,1,1,1,1,
127670000212,1,1,1,1,1,1,
127670500212,1,1,1,1,1,1,
127671500212,1,1,1,1,1,1,
127672000212,1,1,1,1,1,1,
127672500212,1,2,1,1,1,1,
127673000212,1,1,1,1,1,1,
127673500212,1,1,1,1,1,1,
127674500212,1,1,1,1,1,1,
127675000212,1,1,1,1,1,1,
127675500212,1,1,1,1,1,1,
127676500212,1,1,1,1,1,1,
127677000212,1,1,1,1,1,1,
127677500212,1,2,1,1,1,1,
127679500212,1,1,1,1,1,1,
127681000212,1,1,1,1,1,1,
127681500212,1,1,1,1,1,1,
127682500212,1,1,1,1,1,1,
127683000212,1,1,1,1,1,1,
127684500212,1,1,1,1,1,1,
127685500212,1,1,1,1,1,1,
127687000212,1,2,1,1,1,1,
127688000212,1,2,1,1,1,1,
127688500212,1,1,1,1,1,1,
127689000212,1,1,1,1,1,1,
127691500212,1,1,1,1,1,1,
127692000212,1,1,1,1,1,1,
127693000212,1,1,1,1,1,1,
127693500212,1,1,1,1,1,1,
127695000212,1,1,1,1,1,1,
127696000212,1,1,1,1,1,1,
127698000212,1,1,1,1,1,1,
127701500212,1,1,1,1,1,1,
127704000212,1,2,1,1,1,1,
127704500212,1,2,1,1,1,1,
127705000212,1,1,1,1,1,1,
127706000212,1,1,1,1,1,1,
127707000212,1,1,1,1,1,1,
127708000212,1,1,1,1,1,1,
127708500212,1,1,1,1,1,1,
127709000212,1,1,1,1,1,1,
127710000212,1,1,1,1,1,1,
127710500212,1,1,1,1,1,1,
127711000212,1,1,1,1,1,1,
127711500212,1,1,1,1,1,1,
127712500212,1,1,1,1,1,1,
127714500212,1,1,1,1,1,1,
127715500212,1,1,1,1,1,1,
127718500212,1,1,1,1,1,1,
127720000212,1,1,1,1,1,1,
127720500212,1,1,1,1,1,1,
127721500212,1,1,1,1,1,1,
127722500212,1,2,1,1,1,1,
127723000212,1,1,1,1,1,1,
127723500212,1,2,1,1,1,1,
127724000212,1,1,1,1,1,1,
127724500212,1,1,1,1,1,1,
127725000212,1,1,1,1,1,1,
127725500212,1,1,1,1,1,1,
127726000212,1,1,1,1,1,1,
127727500212,1,1,1,1,1,1,
127729500212,1,1,1,1,1,1,
127730500212,1,1,1,1,1,1,
127731000212,1,1,1,1,1,1,
127732500212,1,1,1,1,1,1,
127735500212,1,1,1,1,1,1,
127739000212,1,1,1,1,1,1,
127739500212,1,1,1,1,1,1,
127740000212,1,2,1,1,1,1,
127740500212,1,1,1,1,1,1,
127741000212,1,1,1,1,1,1,
127742000212,1,1,1,1,1,1,
127744000212,1,1,1,1,1,1,
127744500212,1,2,1,1,1,1,
127746000212,1,2,2,2,2,2,
127746500212,1,1,1,1,1,1,
127747000212,1,1,1,1,1,1,
127747500212,1,1,1,1,1,1,
127748500212,1,1,1,1,1,1,
127749000212,1,1,1,1,1,1,
127749500212,1,1,1,1,1,1,
127750500212,1,1,1,1,1,1,
127752500212,1,1,1,1,1,1,
127754000212,1,1,1,1,1,1,
127754500212,1,1,1,1,1,1,
127755500212,1,1,1,1,1,1,
127756000212,1,1,1,1,1,1,
127757000212,1,1,1,1,1,1,
127758000212,1,1,1,1,1,1,
127759000212,1,2,1,1,1,1,
127759500212,1,1,1,1,1,1,
127760500212,1,1,1,1,1,1,
127761000212,1,2,1,1,1,1,
127761500212,1,1,1,1,1,1,
127762500212,1,1,1,1,1,1,
127763500212,1,1,1,1,1,1,
127765000212,1,1,1,1,1,1,
127765500212,1,1,1,1,1,1,
127766000212,1,1,1,1,1,1,
127766500212,1,2,1,1,1,1,
127767000212,1,2,1,1,1,1,
127767500212,1,1,1,1,1,1,
127768000212,1,1,1,1,1,1,
127768500212,1,1,1,1,1,1,
127769000212,1,1,1,1,1,1,
127769500212,1,1,1,1,1,1,
127770500212,1,2,1,1,1,1,
127772500212,1,1,1,1,1,1,
127775000212,1,1,1,1,1,1,
127775500212,1,2,1,1,1,1,
127776000212,1,1,1,1,1,1,
127777000212,1,2,1,1,1,1,
127777500212,1,1,1,1,1,1,
127779000212,1,1,1,1,1,1,
127779500212,1,1,1,1,1,1,
127780000212,1,1,1,1,1,1,
127781000212,1,2,1,1,1,1,
127781500212,1,1,1,1,1,1,
127784000212,1,1,1,1,1,1,
127785500212,1,2,2,2,2,2,
127786500212,1,1,1,1,1,1,
127787000212,,1,1,1,1,1,

