,W-0,R-0,R-1,R-2,R-3,R-4,
135064125231,1,2,2,1,1,1,
135065625231,1,2,1,1,1,1,
135066625231,1,2,1,1,1,1,
135067625231,1,2,1,1,1,1,
135068625231,1,2,1,1,1,1,
135069125231,1,2,1,1,1,1,
135069625231,1,2,2,2,2,2,
135070125231,1,2,2,2,2,2,
135070625231,1,2,2,1,1,1,
135071125231,1,2,1,1,1,1,
135072625231,1,2,1,1,1,1,
135073625231,1,2,2,2,2,2,
135074125231,1,2,2,1,2,1,
135074625231,1,2,2,2,1,2,
135075125231,1,2,2,1,1,1,
135075625231,1,2,1,1,1,1,
135076125231,1,2,1,1,1,1,
135076625231,1,2,1,1,1,1,
135077625231,1,2,1,2,2,1,
135078125231,1,2,1,1,2,1,
135078625231,1,2,1,1,1,1,
135079125231,1,2,1,1,1,1,
135080125231,1,2,1,1,1,1,
135081125231,1,2,2,1,1,1,
135081625231,1,2,1,1,1,1,
135083625231,1,2,1,1,1,1,
135084125231,1,2,2,2,2,2,
135084625231,1,2,1,1,1,1,
135085125231,1,2,1,1,1,1,
135085625231,1,2,2,1,1,1,
135088125231,1,2,1,1,1,1,
135089125231,1,2,1,1,1,1,
135089625231,1,2,1,1,1,1,
135090125231,1,2,1,1,1,1,
135090625231,1,2,2,1,1,1,
135091125231,1,2,1,1,2,1,
135092125231,1,2,1,1,1,1,
135092625231,1,2,1,1,1,1,
135093125231,1,2,1,1,1,1,
135095125231,1,2,1,1,1,1,
135095625231,1,2,1,1,1,1,
135097125231,1,2,1,1,1,2,
135097625231,1,2,1,1,1,1,
135098125231,1,2,2,2,2,2,
135098625231,1,2,1,1,1,1,
135099625231,1,2,2,1,1,1,
135101125231,1,2,1,1,1,1,
135101625231,1,2,1,1,1,1,
135102125231,1,2,1,1,1,1,
135103125231,1,2,1,1,1,1,
135104625231,1,2,2,1,2,1,
135105625231,1,2,1,2,2,2,
135107125231,1,2,1,1,1,1,
135107625231,1,2,1,1,1,1,
135108625231,1,2,1,1,1,1,
135109125231,1,2,2,2,2,2,
135110625231,1,2,1,1,1,1,
135111125231,1,2,2,1,1,1,
135111625231,1,2,1,1,1,1,
135112125231,1,2,1,1,1,1,
135114125231,1,2,1,1,1,1,
135116125231,1,2,1,1,2,1,
135116625231,1,2,1,1,1,1,
135118125231,1,2,1,1,1,1,
135119625231,1,2,1,1,1,1,
135122125231,1,2,1,1,1,1,
135122625231,1,2,2,1,1,1,
135123625231,1,2,2,1,1,1,
135124125231,1,2,2,2,1,1,
135124625231,1,2,1,1,1,2,
135125625231,1,2,1,1,1,1,
135128125231,1,2,1,1,1,1,
135128625231,1,2,1,1,1,1,
135129625231,1,2,2,1,1,2,
135130125231,1,2,1,1,1,1,
135130625231,1,2,1,1,1,1,
135131125231,1,2,2,2,1,1,
135133125231,1,2,2,2,2,1,
135134125231,1,2,1,1,1,1,
135136625231,1,2,1,1,1,1,
135137625231,1,2,1,1,1,1,
135138125231,1,2,1,1,1,1,
135140625231,1,2,1,1,1,1,
135141125231,1,2,1,1,1,1,
135142125231,1,2,1,1,1,1,
135144625231,1,2,1,1,1,1,
135146125231,1,2,2,1,1,1,
135146625231,1,2,1,1,1,1,
135147125231,1,2,1,1,1,1,
135147625231,1,2,1,2,1,1,
135148125231,1,2,1,1,1,1,
135148625231,1,2,1,1,1,1,
135149125231,1,2,2,1,1,1,
135150625231,1,2,1,1,1,1,
135151125231,1,2,1,1,1,1,
135151625231,1,2,1,1,1,1,
135154125231,1,2,1,1,1,1,
135154625231,1,2,1,1,1,1,
135155625231,1,2,1,1,1,1,
135156625231,1,2,2,2,2,2,
135157125231,1,2,1,2,1,1,
135157625231,1,2,2,1,1,1,
135158125231,1,2,2,2,1,1,
135160625231,1,2,1,1,1,1,
135162625231,1,2,1,1,1,1,
135163125231,1,2,1,1,1,1,
135163625231,1,2,2,1,2,1,
135164125231,1,2,2,2,2,2,
135164625231,1,2,2,1,2,2,
135165125231,1,2,1,1,2,2,
135166625231,1,2,2,1,1,1,
135167625231,1,2,1,1,1,1,
135168125231,1,2,1,1,1,1,
135168625231,1,2,1,1,1,1,
135169125231,1,2,1,1,1,1,
135170625231,1,2,2,1,1,1,
135171125231,1,2,2,1,1,1,
135172125231,1,2,1,1,1,1,
135174125231,1,2,1,1,1,1,
135175125231,1,2,1,1,1,1,
135176125231,1,2,2,2,1,1,
135177125231,1,2,1,1,1,1,
135177625231,1,2,2,1,1,1,
135179125231,1,2,2,1,1,1,
135181625231,1,2,1,1,1,1,
135182625231,1,2,1,1,1,1,
135185125231,1,2,1,1,1,1,
135185625231,1,2,2,1,2,2,
135186125231,1,2,1,1,1,1,
135186625231,1,2,1,1,1,1,
135188125231,1,2,1,1,1,1,
135188625231,1,2,1,1,1,1,
135189125231,1,2,2,1,1,2,
135191125231,1,2,1,1,1,1,
135192625231,1,2,1,1,1,1,
135193125231,1,2,1,1,1,1,
135193625231,1,2,1,1,1,2,
135194125231,1,2,2,2,2,1,
135194625231,1,2,1,2,1,1,
135195125231,1,2,1,1,1,1,
135195625231,1,2,1,1,1,1,
135197125231,1,2,1,1,1,1,
135198125231,1,2,1,1,1,1,
135198625231,1,2,1,1,1,2,
135199125231,1,2,1,1,1,1,
135199625231,1,1,1,1,1,1,
135200625231,1,2,2,2,2,2,
135201625231,1,2,1,1,1,1,
135202625231,1,2,1,1,1,1,
135203125231,1,2,1,1,1,1,
135203625231,1,2,2,2,2,2,
135206125231,1,2,1,1,1,1,
135208125231,1,2,2,1,2,2,
135209625231,1,2,1,1,1,1,
135211625231,1,2,2,2,2,1,
135212125231,1,2,1,1,1,1,
135213125231,1,2,1,1,1,1,
135214125231,1,2,1,1,1,1,
135214625231,1,2,2,2,1,1,
135215125231,1,2,1,1,1,1,
135217625231,1,2,1,1,1,1,
135218625231,1,2,1,1,2,2,
135220125231,1,2,2,2,2,2,
135222625231,1,2,2,2,2,1,
135224125231,1,2,2,1,1,2,
135225625231,1,2,1,1,1,1,
135227125231,1,2,2,1,1,1,
135228625231,1,2,1,1,1,1,
135229125231,1,2,1,1,1,1,
135229625231,1,2,1,1,1,1,
135230125231,1,2,1,1,1,1,
135230625231,1,2,1,1,1,1,
135231625231,1,2,1,1,1,1,
135232125231,1,2,1,1,1,1,
135232625231,1,2,1,1,1,1,
135233625231,1,2,1,2,1,1,
135235625231,1,2,1,2,1,1,
135236625231,1,2,1,1,1,1,
135239625231,1,2,1,1,1,1,
135240125231,1,2,1,1,1,1,
135241125231,1,2,1,1,1,1,
135242625231,1,2,1,1,1,1,
135243125231,1,2,1,1,1,1,
135243625231,1,2,2,1,1,1,
135244125231,1,2,2,2,2,1,
135245125231,1,2,1,1,1,1,
135246125231,1,2,1,1,1,1,
135246625231,1,2,1,1,2,1,
135247625231,1,2,1,1,1,1,
135249125231,1,2,2,1,1,2,
135249625231,1,2,1,1,1,1,
135250625231,1,2,2,1,1,2,
135251125231,1,2,2,2,2,2,
135251625231,1,2,1,1,1,1,
135252125231,1,2,2,1,1,1,
135254125231,1,2,1,1,1,1,
135254625231,1,2,1,2,2,2,
135256125231,1,2,2,1,1,1,
135256625231,1,2,1,1,1,1,
135257125231,1,1,1,1,1,1,
135259125231,1,2,2,1,2,2,
135260125231,1,2,1,1,1,1,
135264125231,1,2,1,1,1,1,
135264625231,1,2,2,1,1,1,
135265625231,1,2,1,1,1,1,
135266125231,1,2,1,1,1,1,
135267125231,1,2,1,1,1,1,
135267625231,1,2,2,1,1,1,
135268125231,1,2,2,2,2,1,
135269125231,1,2,1,1,1,1,
135269625231,1,2,1,1,1,1,
135271125231,1,2,2,1,1,1,
135271625231,1,2,1,1,1,1,
135273125231,1,2,1,1,1,1,
135273625231,1,2,1,1,1,1,
135274125231,1,2,2,2,2,2,
135275125231,1,2,2,1,1,1,
135276125231,1,2,2,2,2,2,
135277625231,1,2,1,1,1,1,
135278625231,1,2,1,1,1,1,
135280625231,1,2,1,1,1,1,
135281125231,1,2,2,1,1,1,
135281625231,1,2,1,2,1,2,
135282125231,1,2,2,2,2,1,
135283125231,1,2,1,2,1,2,
135283625231,1,2,2,1,1,2,
135284125231,1,2,2,2,2,2,
135284625231,1,2,2,2,1,1,
135285125231,1,2,2,1,2,1,
135285625231,1,2,1,1,1,1,
135287625231,1,2,1,1,1,1,
135288625231,1,2,1,1,1,1,
135290125231,1,2,2,1,1,1,
135292625231,1,2,1,1,1,1,
135293125231,1,2,1,1,1,1,
135293625231,1,2,2,1,1,1,
135295125231,1,2,1,2,2,1,
135295625231,1,2,1,1,1,1,
135296625231,1,2,1,1,1,1,
135297625231,1,2,1,1,1,1,
135298125231,1,2,1,1,1,1,
135298625231,1,2,1,1,1,1,
135299125231,1,2,1,1,1,1,
135299625231,1,2,1,1,1,1,
135300125231,1,2,1,1,1,1,
135300625231,1,2,2,1,1,1,
135301125231,1,2,1,1,1,1,
135301625231,1,2,1,1,1,1,
135302125231,1,2,1,1,1,1,
135303125231,1,2,2,1,1,1,
135303625231,1,2,1,1,1,1,
135304125231,1,2,1,2,2,1,
135305125231,1,2,2,2,2,2,
135305625231,1,2,1,1,1,1,
135306625231,1,2,1,1,1,1,
135307125231,1,2,1,1,1,1,
135307625231,1,2,1,1,1,1,
135308125231,1,2,1,1,1,1,
135309125231,1,2,1,1,1,1,
135309625231,1,2,2,1,1,1,
135310125231,1,2,1,1,1,1,
135310625231,1,2,2,1,2,2,
135313125231,1,2,1,1,1,1,
135313625231,1,2,2,2,1,1,
135315625231,1,2,2,1,1,1,
135318125231,1,2,1,1,1,1,
135321625231,1,2,1,2,1,1,
135322125231,1,2,1,1,1,1,
135323625231,1,2,1,1,1,1,
135324125231,1,2,1,1,1,1,
135324625231,1,2,2,1,1,1,
135326125231,1,2,1,1,1,1,
135326625231,1,2,1,1,1,1,
135327625231,1,2,1,1,1,1,
135328625231,1,2,2,2,1,1,
135329125231,1,2,2,1,1,1,
135329625231,1,2,1,1,1,1,
135330125231,1,2,1,1,1,1,
135331625231,1,2,1,1,1,1,
135332625231,1,2,1,1,1,1,
135333125231,1,2,1,1,1,1,
135334125231,1,2,2,1,2,2,
135335125231,1,2,2,1,1,1,
135335625231,1,2,2,2,2,2,
135336125231,1,2,1,1,1,1,
135339125231,1,2,1,1,1,1,
135340125231,1,2,1,1,1,1,
135341625231,1,2,2,2,2,2,
135342625231,1,2,1,1,1,1,
135343625231,1,2,1,1,1,1,
135345125231,1,2,2,1,1,1,
135345625231,1,2,2,1,1,1,
135346125231,1,2,1,1,1,1,
135348625231,1,2,2,1,1,1,
135349125231,1,2,1,1,1,1,
135350625231,1,2,1,1,1,1,
135351125231,1,2,1,1,1,1,
135351625231,1,2,2,1,1,1,
135353125231,1,2,1,2,1,1,
135353625231,1,2,1,1,1,1,
135354125231,1,2,2,1,1,1,
135355125231,1,2,1,1,1,1,
135358125231,1,2,1,1,1,1,
135358625231,1,2,1,1,1,1,
135359625231,1,2,1,1,1,1,
135360125231,1,2,2,2,2,1,
135361625231,1,2,1,1,1,1,
135362625231,1,2,1,1,1,1,
135364125231,1,2,2,1,1,1,
135364625231,1,2,2,1,1,1,
135365125231,1,2,2,1,1,1,
135367625231,1,2,1,1,1,2,
135368625231,1,2,1,1,1,1,
135369125231,1,2,2,2,2,2,
135370125231,1,2,1,1,1,1,
135373125231,1,2,1,1,1,1,
135373625231,1,2,1,1,1,1,
135374625231,1,2,1,1,1,1,
135376125231,1,2,1,1,1,1,
135378125231,1,2,1,1,1,1,
135378625231,1,2,1,1,1,1,
135380125231,1,2,2,1,1,1,
135381125231,1,2,2,1,1,1,
135381625231,1,2,2,1,1,1,
135382625231,1,2,1,1,1,1,
135384625231,1,2,2,1,1,1,
135385125231,1,2,1,1,1,1,
135386625231,1,2,1,1,1,1,
135387125231,1,2,2,1,1,1,
135388125231,1,2,1,1,2,2,
135389625231,1,2,2,2,2,1,
135390625231,1,2,1,1,1,1,
135392625231,1,2,1,1,1,1,
135393125231,1,2,2,2,1,2,
135393625231,1,2,2,1,1,1,
135394625231,1,2,1,1,1,1,
135397125231,1,2,2,1,1,1,
135403125231,1,2,2,1,1,1,
135403625231,1,2,1,1,1,1,
135404625231,1,2,1,1,1,1,
135405125231,1,2,2,2,1,1,
135408125231,1,2,2,1,1,1,
135409625231,1,2,2,1,1,1,
135410125231,1,2,2,1,1,1,
135410625231,1,2,1,1,1,1,
135411125231,1,2,1,1,1,1,
135411625231,1,2,1,1,1,1,
135412125231,1,2,1,1,1,1,
135414625231,1,2,2,1,2,1,
135416625231,1,2,1,1,1,1,
135417125231,1,2,2,1,1,1,
135418125231,1,2,1,1,1,1,
135418625231,1,2,1,1,1,1,
135419125231,1,2,2,2,1,1,
135419625231,1,2,1,1,1,1,
135420125231,1,2,1,1,1,1,
135421125231,1,2,1,1,1,1,
135421625231,1,2,1,1,1,1,
135422125231,1,2,2,1,1,1,
135423125231,1,2,1,1,1,1,
135423625231,1,2,1,1,1,1,
135424125231,1,2,2,2,1,2,
135426125231,1,2,1,1,1,1,
135427625231,1,2,2,1,1,1,
135428125231,1,2,2,1,1,1,
135429125231,1,2,1,1,1,1,
135429625231,1,2,1,1,1,1,
135431125231,1,2,2,1,1,1,
135432125231,1,2,1,1,1,1,
135433625231,1,2,1,1,1,2,
135434625231,1,2,1,1,1,2,
135435125231,1,2,2,1,1,2,
135435625231,1,2,2,1,1,1,
135438125231,1,2,1,1,1,1,
135438625231,1,2,2,2,1,1,
135439625231,1,2,1,1,1,1,
135440125231,1,2,1,1,1,1,
135441625231,1,2,1,1,1,1,
135442625231,1,2,1,1,1,1,
135444625231,1,2,2,1,1,1,
135448125231,1,2,1,1,1,1,
135450625231,1,2,1,1,1,1,
135451125231,1,2,2,1,1,1,
135451625231,1,2,1,1,1,1,
135452625231,1,2,1,1,1,1,
135453625231,1,2,2,1,1,1,
135454625231,1,2,1,1,1,1,
135455125231,1,2,1,1,1,1,
135455625231,1,2,2,1,1,1,
135456625231,1,2,1,2,1,1,
135457125231,1,2,1,1,1,1,
135457625231,1,2,1,1,1,1,
135458125231,1,2,1,1,1,1,
135459125231,1,2,1,1,1,1,
135461125231,1,2,1,1,1,1,
135462125231,1,2,1,1,1,1,
135465125231,1,2,2,1,1,1,
135466625231,1,2,1,1,1,1,
135467125231,1,2,1,1,1,1,
135468125231,1,2,1,1,2,1,
135469125231,1,2,1,1,1,1,
135469625231,1,2,1,1,1,1,
135470125231,1,2,1,1,1,1,
135470625231,1,2,1,1,1,1,
135471125231,1,2,2,1,1,1,
135471625231,1,2,1,1,1,1,
135472125231,1,2,1,1,1,1,
135472625231,1,2,1,2,2,1,
135474125231,1,2,2,2,2,1,
135476125231,1,2,1,1,1,1,
135477125231,1,2,1,1,1,1,
135477625231,1,2,2,1,1,1,
135479125231,1,2,1,1,1,1,
135482125231,1,2,2,1,2,2,
135485625231,1,2,1,1,1,1,
135486125231,1,2,2,1,1,1,
135486625231,1,2,2,1,1,1,
135487125231,1,2,2,1,1,1,
135487625231,1,2,1,1,1,1,
135488625231,1,2,2,2,2,2,
135490625231,1,2,1,1,1,1,
135491125231,1,2,1,1,1,1,
135492625231,1,2,2,1,1,1,
135493125231,1,2,2,1,2,2,
135493625231,1,2,1,1,1,1,
135494125231,1,2,1,2,1,2,
135495125231,1,2,2,1,1,1,
135495625231,1,2,2,1,1,1,
135496125231,1,2,1,1,1,1,
135497125231,1,2,1,2,1,2,
135499125231,1,2,2,1,1,1,
135500625231,1,2,2,1,2,2,
135501125231,1,2,1,1,1,1,
135502125231,1,2,1,1,1,1,
135502625231,1,2,2,1,1,1,
135503625231,1,2,2,1,1,1,
135504625231,1,2,1,1,1,1,
135505625231,1,2,1,1,1,1,
135506125231,1,2,2,2,1,2,
135507125231,1,2,2,1,1,1,
135507625231,1,2,2,2,2,2,
135508125231,1,2,1,2,1,2,
135509125231,1,2,2,1,1,1,
135510125231,1,2,1,1,1,1,
135511625231,1,2,1,1,1,1,
135512125231,1,2,1,1,1,1,
135512625231,1,2,1,1,1,1,
135513125231,1,2,2,1,1,1,
135513625231,1,2,2,2,1,2,
135514125231,1,2,2,1,1,1,
135514625231,1,2,1,1,1,1,
135515125231,1,2,2,1,1,1,
135515625231,1,2,1,1,1,1,
135516125231,1,2,1,1,1,1,
135517125231,1,2,1,1,1,1,
135519125231,1,2,2,1,1,1,
135521625231,1,2,2,1,2,1,
135522125231,1,2,1,1,1,1,
135522625231,1,2,1,1,1,1,
135523625231,1,2,1,1,1,1,
135524125231,1,2,2,1,1,1,
135525625231,1,2,1,1,1,1,
135526125231,1,2,2,2,1,2,
135526625231,1,2,2,1,1,1,
135527625231,1,2,2,1,1,1,
135528125231,1,2,1,1,2,2,
135530625231,1,2,1,1,1,1,
135532125231,1,2,1,1,1,1,
135533125231,1,2,1,1,1,1,
135533625231,1,2,2,1,1,1,

