,W-0,R-0,R-1,R-2,R-3,R-4,
139236198589,1,2,1,1,1,1,
139237698589,1,1,1,1,1,1,
139238698589,1,1,1,1,1,1,
139239698589,1,2,1,1,1,1,
139240698589,1,2,1,1,1,1,
139241198589,1,1,1,1,1,1,
139241698589,1,2,1,1,1,1,
139242198589,1,2,1,1,1,1,
139242698589,1,1,1,1,1,1,
139243198589,1,1,1,1,1,1,
139244698589,1,1,1,1,1,1,
139245698589,1,1,1,1,1,1,
139246198589,1,1,1,1,1,1,
139246698589,1,1,1,1,1,1,
139247198589,1,1,1,1,1,1,
139247698589,1,1,1,1,1,1,
139248198589,1,1,1,1,1,1,
139248698589,1,1,1,1,1,1,
139249698589,1,1,1,1,1,1,
139250198589,1,1,1,1,1,1,
139250698589,1,1,1,1,1,1,
139251198589,1,1,1,1,1,1,
139252198589,1,1,1,1,1,1,
139253198589,1,1,1,1,1,1,
139253698589,1,1,1,1,1,1,
139255698589,1,1,1,1,1,1,
139256198589,1,1,1,1,1,1,
139256698589,1,1,1,1,1,1,
139257198589,1,1,1,1,1,1,
139257698589,1,1,1,1,1,1,
139260198589,1,1,1,1,1,1,
139261198589,1,2,1,1,1,1,
139261698589,1,2,1,1,1,1,
139262198589,1,1,1,1,1,1,
139262698589,1,1,1,1,1,1,
139263198589,1,1,1,1,1,1,
139264198589,1,1,1,1,1,1,
139264698589,1,2,2,2,2,2,
139265198589,1,1,1,1,1,1,
139267198589,1,1,1,1,1,1,
139267698589,1,1,1,1,1,1,
139269198589,1,2,1,1,1,1,
139269698589,1,2,1,1,1,1,
139270198589,1,2,1,1,1,1,
139270698589,1,1,1,1,1,1,
139271698589,1,1,1,1,1,1,
139273198589,1,1,1,1,1,1,
139273698589,1,1,1,1,1,1,
139274198589,1,1,1,1,1,1,
139275198589,1,1,1,1,1,1,
139276698589,1,1,1,1,1,1,
139277698589,1,2,1,1,1,1,
139279198589,1,1,1,1,1,1,
139279698589,1,1,1,1,1,1,
139280698589,1,1,1,1,1,1,
139281198589,1,1,1,1,1,1,
139282698589,1,1,1,1,1,1,
139283198589,1,1,1,1,1,1,
139283698589,1,2,1,1,1,1,
139284198589,1,1,1,1,1,1,
139286198589,1,1,1,1,1,1,
139288198589,1,1,1,1,1,1,
139288698589,1,1,1,1,1,1,
139290198589,1,1,1,1,1,1,
139291698589,1,1,1,1,1,1,
139294198589,1,1,1,1,1,1,
139294698589,1,1,1,1,1,1,
139295698589,1,2,2,1,2,2,
139296198589,1,2,1,1,1,1,
139296698589,1,2,1,1,1,1,
139297698589,1,1,1,1,1,1,
139300198589,1,1,1,1,1,1,
139300698589,1,1,1,1,1,1,
139301698589,1,1,1,1,1,1,
139302198589,1,2,1,1,1,1,
139302698589,1,1,1,1,1,1,
139303198589,1,1,1,1,1,1,
139305198589,1,2,1,1,1,1,
139306198589,1,2,1,1,1,1,
139308698589,1,1,1,1,1,1,
139309698589,1,1,1,1,1,1,
139310198589,1,1,1,1,1,1,
139312698589,1,2,1,1,1,1,
139313198589,1,2,1,1,1,1,
139314198589,1,1,1,1,1,1,
139316698589,1,2,1,1,1,1,
139318198589,1,1,1,1,1,1,
139318698589,1,2,1,1,1,1,
139319198589,1,2,1,1,1,1,
139319698589,1,2,1,1,1,1,
139320198589,1,1,1,1,1,1,
139320698589,1,1,1,1,1,1,
139321198589,1,2,1,1,1,1,
139322698589,1,2,1,1,1,1,
139323198589,1,1,1,1,1,1,
139323698589,1,1,1,1,1,1,
139326198589,1,1,1,1,1,1,
139326698589,1,1,1,1,1,1,
139327698589,1,1,1,1,1,1,
139328698589,1,1,1,1,1,1,
139329198589,1,2,1,1,1,1,
139329698589,1,1,1,1,1,1,
139330198589,1,1,1,1,1,1,
139332698589,1,1,1,1,1,1,
139334698589,1,1,1,1,1,1,
139335198589,1,2,1,1,1,1,
139335698589,1,1,1,1,1,1,
139336198589,1,2,1,1,1,1,
139336698589,1,2,1,1,1,1,
139337198589,1,1,1,1,1,1,
139338698589,1,2,1,1,1,1,
139339698589,1,1,1,1,1,1,
139340198589,1,1,1,1,1,1,
139340698589,1,1,1,1,1,1,
139341198589,1,1,1,1,1,1,
139342698589,1,1,1,1,1,1,
139343198589,1,2,1,1,1,1,
139344198589,1,1,1,1,1,1,
139346198589,1,1,1,1,1,1,
139347198589,1,1,1,1,1,1,
139348198589,1,1,1,1,1,1,
139349198589,1,1,1,1,1,1,
139349698589,1,2,1,1,1,1,
139351198589,1,1,1,1,1,1,
139353698589,1,1,1,1,1,1,
139354698589,1,2,1,1,1,1,
139357198589,1,1,1,1,1,1,
139357698589,1,1,1,1,1,1,
139358198589,1,1,1,1,1,1,
139358698589,1,1,1,1,1,1,
139360198589,1,2,1,1,1,1,
139360698589,1,1,1,1,1,1,
139361198589,1,1,1,1,1,1,
139363198589,1,2,1,1,1,1,
139364698589,1,1,1,1,1,1,
139365198589,1,1,1,1,1,1,
139365698589,1,1,1,1,1,1,
139366198589,1,1,1,1,1,1,
139366698589,1,1,1,1,1,1,
139367198589,1,1,1,1,1,1,
139367698589,1,1,1,1,1,1,
139369198589,1,1,1,1,1,1,
139370198589,1,1,1,1,1,1,
139370698589,1,1,1,1,1,1,
139371198589,1,1,1,1,1,1,
139371698589,1,1,1,1,1,1,
139372698589,1,1,1,1,1,1,
139373698589,1,1,1,1,1,1,
139374698589,1,1,1,1,1,1,
139375198589,1,2,1,1,1,1,
139375698589,1,1,1,1,1,1,
139378198589,1,2,1,1,1,1,
139380198589,1,1,1,1,1,1,
139381698589,1,1,1,1,1,1,
139383698589,1,1,1,1,1,1,
139384198589,1,1,1,1,1,1,
139385198589,1,1,1,1,1,1,
139386198589,1,2,1,1,1,1,
139386698589,1,1,1,1,1,1,
139387198589,1,1,1,1,1,1,
139389698589,1,1,1,1,1,1,
139390698589,1,1,1,1,1,1,
139392198589,1,2,1,1,1,1,
139394698589,1,1,1,1,1,1,
139396198589,1,1,1,1,1,1,
139397698589,1,2,1,1,1,1,
139399198589,1,2,1,1,1,1,
139400698589,1,1,1,1,1,1,
139401198589,1,1,1,1,1,1,
139401698589,1,1,1,1,1,1,
139402198589,1,1,1,1,1,1,
139402698589,1,1,1,1,1,1,
139403698589,1,2,1,1,1,1,
139404198589,1,2,1,1,1,1,
139404698589,1,1,1,1,1,1,
139405698589,1,2,1,1,1,1,
139407698589,1,2,1,1,1,1,
139408698589,1,2,1,1,1,1,
139411698589,1,1,1,1,1,1,
139412198589,1,2,1,1,1,1,
139413198589,1,1,1,1,1,1,
139414698589,1,2,1,1,1,1,
139415198589,1,1,1,1,1,1,
139415698589,1,1,1,1,1,1,
139416198589,1,1,1,1,1,1,
139417198589,1,2,1,1,1,1,
139418198589,1,1,1,1,1,1,
139418698589,1,2,1,1,1,1,
139419698589,1,1,1,1,1,1,
139421198589,1,1,1,1,1,1,
139421698589,1,2,1,1,1,1,
139422698589,1,1,1,1,1,1,
139423198589,1,1,1,1,1,1,
139423698589,1,2,1,1,1,1,
139424198589,1,2,1,1,1,1,
139426198589,1,2,1,1,1,1,
139426698589,1,1,1,1,1,1,
139428198589,1,1,1,1,1,1,
139428698589,1,2,1,1,1,1,
139429198589,1,2,1,1,1,1,
139431198589,1,1,1,1,1,1,
139432198589,1,2,1,1,1,1,
139436198589,1,1,1,1,1,1,
139436698589,1,1,1,1,1,1,
139437698589,1,1,1,1,1,1,
139438198589,1,1,1,1,1,1,
139439198589,1,2,1,1,1,1,
139439698589,1,1,1,1,1,1,
139440198589,1,1,1,1,1,1,
139441198589,1,1,1,1,1,1,
139441698589,1,1,1,1,1,1,
139443198589,1,1,1,1,1,1,
139443698589,1,1,1,1,1,1,
139445198589,1,1,1,1,1,1,
139445698589,1,1,1,1,1,1,
139446198589,1,1,1,1,1,1,
139447198589,1,1,1,1,1,1,
139448198589,1,1,1,1,1,1,
139449698589,1,1,1,1,1,1,
139450698589,1,1,1,1,1,1,
139452698589,1,1,1,1,1,1,
139453198589,1,2,1,1,1,1,
139453698589,1,1,1,1,1,1,
139454198589,1,2,2,2,1,1,
139455198589,1,2,1,1,1,1,
139455698589,1,2,1,1,1,1,
139456198589,1,1,1,1,1,1,
139456698589,1,2,1,1,1,1,
139457198589,1,1,1,1,1,1,
139457698589,1,1,1,1,1,1,
139459698589,1,1,1,1,1,1,
139460698589,1,2,1,1,1,1,
139462198589,1,1,1,1,1,1,
139464698589,1,1,1,1,1,1,
139465198589,1,1,1,1,1,1,
139465698589,1,1,1,1,1,1,
139467198589,1,1,1,1,1,1,
139467698589,1,1,1,1,1,1,
139468698589,1,1,1,1,1,1,
139469698589,1,2,1,1,1,1,
139470198589,1,1,1,1,1,1,
139470698589,1,1,1,1,1,1,
139471198589,1,1,1,1,1,1,
139471698589,1,1,1,1,1,1,
139472198589,1,1,1,1,1,1,
139472698589,1,1,1,1,1,1,
139473198589,1,2,1,1,1,1,
139473698589,1,1,1,1,1,1,
139474198589,1,2,1,1,1,1,
139475198589,1,1,1,1,1,1,
139475698589,1,1,1,1,1,1,
139476198589,1,2,1,1,1,1,
139477198589,1,1,1,1,1,1,
139477698589,1,1,1,1,1,1,
139478698589,1,1,1,1,1,1,
139479198589,1,1,1,1,1,1,
139479698589,1,1,1,1,1,1,
139480198589,1,2,1,1,1,1,
139481198589,1,2,1,1,1,1,
139481698589,1,2,1,1,1,1,
139482198589,1,1,1,1,1,1,
139482698589,1,2,1,1,1,1,
139485198589,1,1,1,1,1,1,
139485698589,1,1,1,1,1,1,
139487698589,1,1,1,1,1,1,
139490198589,1,1,1,1,1,1,
139493698589,1,2,1,1,1,1,
139494198589,1,2,1,1,1,1,
139495698589,1,1,1,1,1,1,
139496198589,1,1,1,1,1,1,
139496698589,1,1,1,1,1,1,
139498198589,1,1,1,1,1,1,
139498698589,1,2,1,1,1,1,
139499698589,1,1,1,1,1,1,
139500698589,1,1,1,1,1,1,
139501198589,1,1,1,1,1,1,
139501698589,1,1,1,1,1,1,
139502198589,1,1,1,1,1,1,
139503698589,1,1,1,1,1,1,
139504698589,1,1,1,1,1,1,
139505198589,1,1,1,1,1,1,
139506198589,1,2,1,1,1,1,
139507198589,1,1,1,1,1,1,
139507698589,1,1,1,1,1,1,
139508198589,1,1,1,1,1,1,
139511198589,1,1,1,1,1,1,
139512198589,1,1,1,1,1,1,
139513698589,1,1,1,1,1,1,
139514698589,1,2,1,1,1,1,
139515698589,1,1,1,1,1,1,
139517198589,1,1,1,1,1,1,
139517698589,1,1,1,1,1,1,
139518198589,1,1,1,1,1,1,
139520698589,1,2,1,1,1,1,
139521198589,1,1,1,1,1,1,
139522698589,1,2,1,1,1,1,
139523198589,1,2,1,1,1,1,
139523698589,1,1,1,1,1,1,
139525198589,1,2,1,1,1,1,
139525698589,1,1,1,1,1,1,
139526198589,1,2,1,1,1,1,
139527198589,1,1,1,1,1,1,
139530198589,1,1,1,1,1,1,
139530698589,1,2,1,1,1,1,
139531698589,1,1,1,1,1,1,
139532198589,1,1,1,1,1,1,
139533698589,1,1,1,1,1,1,
139534698589,1,2,1,1,1,1,
139536198589,1,2,1,1,1,1,
139536698589,1,1,1,1,1,1,
139537198589,1,1,1,1,1,1,
139539698589,1,2,1,1,1,1,
139540698589,1,2,2,1,1,1,
139541198589,1,1,1,1,1,1,
139542198589,1,1,1,1,1,1,
139545198589,1,1,1,1,1,1,
139545698589,1,1,1,1,1,1,
139546698589,1,1,1,1,1,1,
139548198589,1,1,1,1,1,1,
139550198589,1,1,1,1,1,1,
139550698589,1,1,1,1,1,1,
139552198589,1,2,1,1,1,1,
139553198589,1,1,1,1,1,1,
139553698589,1,1,1,1,1,1,
139554698589,1,1,1,1,1,1,
139556698589,1,1,1,1,1,1,
139557198589,1,1,1,1,1,1,
139558698589,1,1,1,1,1,1,
139559198589,1,1,1,1,1,1,
139560198589,1,1,1,1,1,1,
139561698589,1,1,1,1,1,1,
139562698589,1,1,1,1,1,1,
139564698589,1,2,1,1,1,1,
139565198589,1,2,1,1,1,1,
139565698589,1,1,1,1,1,1,
139566698589,1,2,2,1,1,1,
139569198589,1,1,1,1,1,1,
139575198589,1,2,1,1,1,1,
139575698589,1,1,1,1,1,1,
139576698589,1,1,1,1,1,1,
139577198589,1,1,1,1,1,1,
139580198589,1,1,1,1,1,1,
139581698589,1,1,1,1,1,1,
139582198589,1,1,1,1,1,1,
139582698589,1,1,1,1,1,1,
139583198589,1,1,1,1,1,1,
139583698589,1,2,1,1,1,1,
139584198589,1,2,1,1,1,1,
139586698589,1,1,1,1,1,1,
139588698589,1,1,1,1,1,1,
139589198589,1,2,1,1,1,1,
139590198589,1,1,1,1,1,1,
139590698589,1,1,1,1,1,1,
139591198589,1,2,1,1,1,1,
139591698589,1,1,1,1,1,1,
139592198589,1,1,1,1,1,1,
139593198589,1,2,1,1,1,1,
139593698589,1,2,1,1,1,1,
139594198589,1,1,1,1,1,1,
139595198589,1,1,1,1,1,1,
139595698589,1,1,1,1,1,1,
139596198589,1,1,1,1,1,1,
139598198589,1,2,1,1,1,1,
139599698589,1,1,1,1,1,1,
139600198589,1,1,1,1,1,1,
139601198589,1,1,1,1,1,1,
139601698589,1,1,1,1,1,1,
139603198589,1,1,1,1,1,1,
139604198589,1,1,1,1,1,1,
139605698589,1,1,1,1,1,1,
139606698589,1,2,1,1,1,1,
139607198589,1,2,1,1,1,1,
139607698589,1,1,1,1,1,1,
139610198589,1,1,1,1,1,1,
139610698589,1,1,1,1,1,1,
139611698589,1,2,1,1,1,1,
139612198589,1,1,1,1,1,1,
139613698589,1,2,1,1,1,1,
139614698589,1,2,1,1,1,1,
139616698589,1,1,1,1,1,1,
139620198589,1,2,1,1,1,1,
139622698589,1,2,1,1,1,1,
139623198589,1,2,1,1,1,1,
139623698589,1,1,1,1,1,1,
139624698589,1,2,1,1,1,1,
139625698589,1,2,1,1,1,1,
139626698589,1,1,1,1,1,1,
139627198589,1,1,1,1,1,1,
139627698589,1,1,1,1,1,1,
139628698589,1,2,1,1,1,1,
139629198589,1,1,1,1,1,1,
139629698589,1,2,1,1,1,1,
139630198589,1,1,1,1,1,1,
139631198589,1,1,1,1,1,1,
139633198589,1,2,1,1,1,1,
139634198589,1,1,1,1,1,1,
139637198589,1,1,1,1,1,1,
139638698589,1,1,1,1,1,1,
139639198589,1,1,1,1,1,1,
139640198589,1,2,1,1,1,1,
139641198589,1,1,1,1,1,1,
139641698589,1,2,1,1,1,1,
139642198589,1,2,1,1,1,1,
139642698589,1,1,1,1,1,1,
139643198589,1,1,1,1,1,1,
139643698589,1,2,1,1,1,1,
139644198589,1,2,2,2,2,2,
139644698589,1,1,1,1,1,1,
139646198589,1,1,1,1,1,1,
139648198589,1,2,1,1,1,1,
139649198589,1,1,1,1,1,1,
139649698589,1,1,1,1,1,1,
139651198589,1,1,1,1,1,1,
139654198589,1,1,1,1,1,1,
139657698589,1,2,1,1,1,1,
139658198589,1,1,1,1,1,1,
139658698589,1,2,1,1,1,1,
139659198589,1,1,1,1,1,1,
139659698589,1,1,1,1,1,1,
139660698589,1,1,1,1,1,1,
139662698589,1,1,1,1,1,1,
139663198589,1,1,1,1,1,1,
139664698589,1,2,1,1,1,1,
139665198589,1,1,1,1,1,1,
139665698589,1,1,1,1,1,1,
139666198589,1,1,1,1,1,1,
139667198589,1,2,1,1,1,1,
139667698589,1,1,1,1,1,1,
139668198589,1,1,1,1,1,1,
139669198589,1,1,1,1,1,1,
139671198589,1,1,1,1,1,1,
139672698589,1,1,1,1,1,1,
139673198589,1,1,1,1,1,1,
139674198589,1,1,1,1,1,1,
139674698589,1,2,1,1,1,1,
139675698589,1,1,1,1,1,1,
139676698589,1,2,1,1,1,1,
139677698589,1,1,1,1,1,1,
139678198589,1,2,1,1,1,1,
139679198589,1,2,1,1,1,1,
139679698589,1,1,1,1,1,1,
139680198589,1,2,1,1,1,1,
139681198589,1,2,1,1,1,1,
139682198589,1,1,1,1,1,1,
139683698589,1,1,1,1,1,1,
139684198589,1,1,1,1,1,1,
139684698589,1,1,1,1,1,1,
139685198589,1,2,1,1,1,1,
139685698589,1,2,1,1,1,1,
139686198589,1,2,1,1,1,1,
139686698589,1,1,1,1,1,1,
139687198589,1,1,1,1,1,1,
139687698589,1,1,1,1,1,1,
139688198589,1,1,1,1,1,1,
139689198589,1,1,1,1,1,1,
139691198589,1,1,1,1,1,1,
139693698589,1,1,1,1,1,1,
139694198589,1,2,1,1,1,1,
139694698589,1,1,1,1,1,1,
139695698589,1,2,1,1,1,1,
139696198589,1,2,1,1,1,1,
139697698589,1,1,1,1,1,1,
139698198589,1,1,1,1,1,1,
139698698589,1,1,1,1,1,1,
139699698589,1,1,1,1,1,1,
139700198589,1,1,1,1,1,1,
139702698589,1,2,1,1,1,1,
139704198589,1,1,1,1,1,1,
139705198589,1,2,1,1,1,1,
139705698589,1,1,1,1,1,1,

