,W-0,R-0,R-1,R-2,R-3,R-4,
125531813315,1,2,2,1,1,1,
125533313315,1,2,1,1,1,1,
125534313315,1,2,2,1,2,2,
125535313315,1,2,1,1,2,1,
125536313315,1,1,1,1,1,1,
125536813315,1,2,2,2,2,2,
125537313315,1,2,1,1,1,1,
125537813315,1,1,1,1,1,1,
125538313315,1,1,1,1,1,1,
125538813315,1,2,1,1,1,1,
125540313315,1,1,1,2,2,2,
125541313315,1,2,1,1,1,1,
125541813315,1,2,2,1,1,1,
125542313315,1,2,1,2,1,1,
125542813315,1,2,1,1,1,1,
125543313315,1,2,1,1,1,1,
125543813315,1,2,1,1,1,1,
125544313315,1,2,1,1,1,1,
125545313315,1,2,1,1,1,1,
125545813315,1,2,1,1,1,1,
125546313315,1,2,1,1,1,1,
125546813315,1,2,1,1,1,1,
125547813315,1,2,1,1,1,1,
125548813315,1,1,1,1,1,1,
125549313315,1,2,2,1,1,1,
125551313315,1,2,1,1,1,1,
125551813315,1,1,1,1,1,1,
125552313315,1,1,1,1,1,1,
125552813315,1,2,1,1,1,1,
125553313315,1,2,2,1,1,1,
125555813315,1,2,2,2,2,2,
125556813315,1,2,1,1,1,1,
125557313315,1,2,1,1,1,1,
125557813315,1,2,1,1,1,1,
125558313315,1,1,1,1,1,1,
125558813315,1,2,2,1,1,1,
125559813315,1,2,1,1,1,1,
125560313315,1,1,1,1,1,1,
125560813315,1,2,1,1,1,1,
125562813315,1,2,1,1,1,1,
125563313315,1,1,1,1,1,1,
125564813315,1,1,1,1,1,1,
125565313315,1,2,1,1,1,1,
125565813315,1,2,2,1,1,1,
125566313315,1,2,2,1,1,1,
125567313315,1,2,2,1,1,2,
125568813315,1,2,2,2,2,2,
125569313315,1,2,2,1,1,1,
125569813315,1,2,1,2,1,1,
125570813315,1,2,2,1,1,1,
125572313315,1,2,2,1,1,1,
125573313315,1,2,2,2,1,1,
125574813315,1,1,1,1,1,1,
125575313315,1,2,1,1,1,1,
125576313315,1,2,1,1,1,1,
125576813315,1,2,1,1,1,1,
125578313315,1,2,1,1,1,1,
125578813315,1,2,1,1,1,1,
125579313315,1,2,1,1,1,1,
125579813315,1,1,1,1,1,1,
125581813315,1,2,2,2,2,2,
125583813315,1,2,1,1,1,1,
125584313315,1,1,1,1,1,1,
125585813315,1,2,1,1,1,1,
125587313315,1,2,2,1,1,1,
125589813315,1,1,1,2,2,1,
125590313315,1,2,1,1,1,1,
125591313315,1,2,1,1,1,1,
125591813315,1,2,1,1,1,1,
125592313315,1,1,1,1,1,1,
125593313315,1,2,1,1,1,1,
125595813315,1,2,1,1,1,1,
125596313315,1,2,2,1,1,1,
125597313315,1,2,1,1,2,2,
125597813315,1,2,1,2,1,1,
125598313315,1,1,1,1,1,1,
125598813315,1,1,2,2,2,2,
125600813315,1,2,1,1,1,1,
125601813315,1,2,1,1,1,2,
125604313315,1,2,1,1,1,1,
125605313315,1,2,1,1,1,1,
125605813315,1,1,2,1,1,2,
125608313315,1,2,1,1,1,1,
125608813315,1,2,2,1,1,1,
125609813315,1,1,1,1,1,1,
125612313315,1,1,1,1,1,1,
125613813315,1,2,1,1,1,1,
125614313315,1,2,1,1,1,1,
125614813315,1,2,1,1,1,1,
125615313315,1,2,2,1,2,1,
125615813315,1,2,1,1,1,1,
125616313315,1,2,1,1,1,1,
125616813315,1,2,1,1,1,1,
125618313315,1,2,1,1,1,1,
125618813315,1,2,1,1,1,1,
125619313315,1,2,1,1,1,1,
125621813315,1,1,1,1,1,1,
125622313315,1,2,1,1,2,1,
125623313315,1,2,1,1,1,1,
125624313315,1,1,2,2,1,2,
125624813315,1,2,1,1,1,1,
125625313315,1,2,1,1,1,1,
125625813315,1,1,1,1,1,1,
125628313315,1,2,1,2,1,1,
125630313315,1,1,1,1,1,1,
125630813315,1,1,2,1,1,1,
125631313315,1,2,1,1,1,1,
125631813315,1,1,1,1,1,1,
125632313315,1,2,1,1,1,1,
125632813315,1,2,1,1,1,1,
125634313315,1,2,1,1,1,1,
125635313315,1,2,1,1,2,1,
125635813315,1,1,2,1,1,1,
125636313315,1,2,1,1,1,1,
125636813315,1,1,1,1,1,1,
125638313315,1,2,1,1,1,1,
125638813315,1,2,2,1,1,1,
125639813315,1,2,1,1,1,1,
125641813315,1,2,1,1,1,1,
125642813315,1,2,1,1,1,1,
125643813315,1,2,1,1,1,1,
125644813315,1,2,1,1,1,1,
125645313315,1,2,1,1,1,1,
125646813315,1,2,1,1,1,1,
125649313315,1,2,1,2,2,1,
125650313315,1,2,1,1,1,1,
125652813315,1,2,1,1,1,1,
125653313315,1,2,1,1,1,1,
125653813315,1,2,2,1,1,1,
125654313315,1,2,1,1,1,1,
125655813315,1,1,2,2,1,2,
125656313315,1,2,1,1,1,1,
125656813315,1,2,1,1,1,1,
125658813315,1,2,1,1,1,1,
125660313315,1,2,1,1,1,1,
125660813315,1,2,2,1,1,1,
125661313315,1,2,1,2,1,1,
125661813315,1,2,1,1,1,1,
125662313315,1,2,1,1,1,1,
125662813315,1,2,1,1,1,2,
125663313315,1,1,1,1,1,1,
125664813315,1,2,1,1,1,1,
125665813315,1,2,2,1,1,1,
125666313315,1,2,1,1,1,1,
125666813315,1,2,1,1,2,2,
125667313315,1,1,2,1,1,1,
125668313315,1,2,2,1,1,1,
125669313315,1,2,1,1,1,1,
125670313315,1,1,1,1,1,1,
125670813315,1,1,1,1,1,1,
125671313315,1,2,1,1,1,1,
125673813315,1,1,2,1,1,2,
125675813315,1,2,1,1,1,1,
125677313315,1,2,1,1,1,1,
125679313315,1,1,2,1,1,1,
125679813315,1,2,2,2,1,1,
125680813315,1,2,2,2,1,1,
125681813315,1,2,1,1,1,1,
125682313315,1,1,1,1,1,1,
125682813315,1,2,2,1,2,1,
125685313315,1,2,1,1,1,1,
125686313315,1,2,1,1,1,1,
125687813315,1,2,1,1,1,1,
125690313315,1,2,2,1,1,1,
125691813315,1,1,2,1,2,1,
125693313315,1,2,1,1,1,1,
125694813315,1,2,1,1,1,1,
125696313315,1,1,2,1,1,1,
125696813315,1,2,1,2,1,2,
125697313315,1,2,1,1,1,1,
125697813315,1,1,1,1,1,1,
125698313315,1,2,1,2,1,1,
125699313315,1,2,1,1,1,1,
125699813315,1,1,2,2,2,2,
125700313315,1,2,1,1,1,1,
125701313315,1,2,2,1,1,1,
125703313315,1,2,1,1,1,1,
125704313315,1,2,1,1,1,1,
125707313315,1,2,1,1,1,1,
125707813315,1,2,1,1,1,1,
125708813315,1,1,2,1,1,1,
125710313315,1,2,1,1,1,2,
125710813315,1,2,2,2,2,1,
125711313315,1,2,2,2,2,2,
125711813315,1,2,2,2,2,2,
125712813315,1,2,1,2,1,1,
125713813315,1,2,2,2,2,2,
125714313315,1,2,1,1,1,1,
125715313315,1,1,1,1,1,1,
125716813315,1,2,1,1,1,1,
125717313315,1,2,1,1,1,1,
125718313315,1,2,1,1,1,1,
125718813315,1,2,1,1,1,2,
125719313315,1,1,1,1,1,1,
125719813315,1,2,1,1,1,1,
125721813315,1,2,1,1,1,1,
125722313315,1,1,2,1,1,1,
125723813315,1,2,1,1,1,1,
125724313315,1,2,1,1,1,1,
125724813315,1,1,1,1,1,1,
125726813315,1,2,1,1,1,1,
125727813315,1,1,1,1,2,2,
125731813315,1,2,1,1,1,1,
125732313315,1,2,1,1,1,1,
125733313315,1,2,1,1,1,1,
125733813315,1,1,1,1,1,1,
125734813315,1,2,2,1,1,1,
125735313315,1,2,2,1,1,1,
125735813315,1,2,1,1,1,1,
125736813315,1,2,1,1,1,1,
125737313315,1,2,1,1,1,1,
125738813315,1,2,1,1,1,1,
125739313315,1,1,1,1,1,1,
125740813315,1,2,1,1,1,1,
125741313315,1,2,1,1,1,1,
125741813315,1,1,1,1,1,1,
125742813315,1,1,1,1,1,1,
125743813315,1,2,1,2,1,1,
125745313315,1,2,2,1,1,1,
125746313315,1,2,1,1,1,1,
125748313315,1,1,2,1,1,1,
125748813315,1,2,2,1,1,1,
125749313315,1,2,1,1,1,1,
125749813315,1,2,1,1,1,1,
125750813315,1,1,1,1,1,1,
125751313315,1,1,1,1,1,1,
125751813315,1,2,1,1,1,1,
125752313315,1,2,2,2,2,1,
125752813315,1,2,2,1,1,1,
125753313315,1,2,2,1,2,2,
125755313315,1,2,1,1,1,1,
125756313315,1,2,1,1,1,1,
125757813315,1,2,1,1,1,1,
125760313315,1,2,1,1,1,1,
125760813315,1,2,1,1,1,1,
125761313315,1,2,1,1,1,1,
125762813315,1,1,1,1,1,1,
125763313315,1,2,1,1,1,1,
125764313315,1,1,1,1,1,1,
125765313315,1,2,1,2,2,2,
125765813315,1,1,2,1,1,1,
125766313315,1,2,1,1,1,1,
125766813315,1,1,1,2,2,1,
125767313315,1,2,1,1,1,1,
125767813315,1,1,1,1,1,1,
125768313315,1,2,1,1,1,1,
125768813315,1,2,1,1,1,1,
125769313315,1,1,1,1,1,1,
125769813315,1,2,1,1,1,1,
125770813315,1,2,1,1,1,1,
125771313315,1,1,1,1,1,1,
125771813315,1,2,1,1,1,1,
125772813315,1,1,1,1,1,1,
125773313315,1,2,1,1,1,1,
125774313315,1,1,1,1,2,1,
125774813315,1,2,1,2,2,1,
125775313315,1,1,2,1,1,1,
125775813315,1,1,1,1,1,1,
125776813315,1,2,1,1,1,1,
125777313315,1,2,1,1,1,1,
125777813315,1,2,2,2,1,2,
125778313315,1,1,1,1,1,1,
125780813315,1,2,1,1,1,1,
125781313315,1,1,1,1,1,1,
125783313315,1,2,1,1,1,2,
125785813315,1,1,2,1,1,1,
125789313315,1,2,2,1,1,2,
125789813315,1,1,1,1,1,1,
125791313315,1,2,2,2,2,2,
125791813315,1,2,1,1,1,1,
125792313315,1,2,2,2,1,1,
125793813315,1,1,1,1,2,2,
125794313315,1,2,1,1,1,1,
125795313315,1,2,1,2,1,1,
125796313315,1,2,1,1,1,1,
125796813315,1,2,1,1,1,1,
125797313315,1,2,2,1,1,1,
125797813315,1,1,1,1,1,1,
125799313315,1,2,1,1,1,1,
125800313315,1,2,1,1,1,1,
125800813315,1,2,1,1,1,1,
125801813315,1,2,1,1,1,1,
125802813315,1,2,1,1,1,1,
125803313315,1,1,1,1,1,1,
125803813315,1,2,1,1,1,1,
125806813315,1,2,2,1,1,1,
125807813315,1,2,1,2,1,1,
125809313315,1,1,1,1,1,1,
125810313315,1,1,1,1,1,1,
125811313315,1,2,1,1,1,1,
125812813315,1,1,1,2,1,1,
125813313315,1,2,1,1,1,1,
125813813315,1,2,2,2,1,1,
125816313315,1,2,1,1,1,1,
125816813315,1,2,2,1,1,1,
125818313315,1,2,1,1,2,2,
125818813315,1,1,1,1,1,1,
125819313315,1,2,2,2,2,1,
125820813315,1,2,1,1,1,2,
125821313315,1,1,1,1,1,1,
125821813315,1,2,1,1,1,1,
125822813315,1,1,1,1,1,1,
125825813315,1,2,1,1,1,1,
125826313315,1,1,1,1,1,1,
125827313315,1,1,1,1,1,1,
125827813315,1,1,2,1,1,1,
125829313315,1,2,2,1,1,1,
125830313315,1,1,1,1,1,1,
125831813315,1,2,1,1,1,1,
125832313315,1,2,1,1,1,1,
125832813315,1,2,1,1,1,1,
125835313315,1,2,1,1,1,1,
125836313315,1,2,1,1,1,2,
125836813315,1,2,2,1,1,1,
125837813315,1,1,1,1,1,1,
125840813315,1,2,2,1,1,1,
125841313315,1,2,1,1,1,1,
125842313315,1,2,1,1,1,1,
125843813315,1,2,1,1,1,1,
125845813315,1,2,2,2,1,1,
125846313315,1,2,1,1,1,1,
125847813315,1,2,1,1,1,1,
125848813315,1,1,1,1,1,1,
125849313315,1,2,2,2,1,1,
125850313315,1,2,1,1,1,1,
125852313315,1,1,1,2,2,2,
125852813315,1,2,1,2,1,1,
125854313315,1,1,1,1,1,1,
125854813315,1,2,1,1,1,1,
125855813315,1,1,2,1,1,2,
125857313315,1,2,2,2,1,1,
125858313315,1,2,1,1,1,1,
125860313315,1,1,1,1,1,1,
125860813315,1,2,1,1,1,1,
125861313315,1,2,1,1,1,1,
125862313315,1,2,1,2,1,2,
125864813315,1,2,1,1,1,1,
125870813315,1,1,1,1,1,1,
125871313315,1,1,1,1,1,1,
125872313315,1,1,1,1,1,1,
125872813315,1,2,1,1,1,1,
125875813315,1,2,1,1,1,1,
125877313315,1,1,1,1,1,1,
125877813315,1,2,1,1,1,1,
125878313315,1,2,1,1,1,1,
125878813315,1,1,2,1,1,1,
125879313315,1,2,1,1,1,1,
125879813315,1,2,1,1,1,1,
125882313315,1,2,1,1,1,1,
125884313315,1,2,1,2,2,2,
125884813315,1,1,1,1,1,1,
125885813315,1,2,1,1,1,1,
125886313315,1,2,2,2,1,1,
125886813315,1,2,1,1,1,1,
125887313315,1,2,1,1,1,1,
125887813315,1,2,1,1,1,1,
125888813315,1,2,1,1,2,2,
125889313315,1,2,1,1,1,1,
125889813315,1,1,1,1,1,1,
125890813315,1,1,1,2,1,1,
125891313315,1,2,1,1,1,1,
125891813315,1,2,1,1,1,1,
125893813315,1,1,1,1,1,1,
125895313315,1,2,1,1,1,1,
125895813315,1,2,2,1,1,1,
125896813315,1,2,1,1,1,1,
125897313315,1,1,1,1,1,1,
125898813315,1,2,1,1,1,1,
125899813315,1,2,1,2,1,1,
125901313315,1,2,2,2,1,1,
125902313315,1,2,2,2,1,1,
125902813315,1,2,1,2,2,1,
125903313315,1,2,1,1,1,1,
125905813315,1,2,2,1,1,1,
125906313315,1,2,1,1,1,1,
125907313315,1,2,2,1,1,1,
125907813315,1,2,1,1,1,1,
125909313315,1,2,1,2,2,1,
125910313315,1,2,1,1,1,1,
125912313315,1,2,2,2,2,2,
125915813315,1,2,1,1,1,1,
125918313315,1,2,1,1,1,1,
125918813315,1,1,1,2,1,2,
125919313315,1,2,1,1,1,1,
125920313315,1,2,1,1,1,1,
125921313315,1,1,1,1,1,1,
125922313315,1,2,1,1,1,1,
125922813315,1,2,1,1,1,1,
125923313315,1,2,1,1,1,1,
125924313315,1,2,1,1,1,1,
125924813315,1,1,2,1,1,1,
125925313315,1,1,1,1,1,1,
125925813315,1,1,1,2,2,1,
125926813315,1,2,1,1,1,1,
125928813315,1,2,1,1,1,1,
125929813315,1,2,1,2,1,1,
125932813315,1,2,2,1,1,1,
125934313315,1,1,1,2,2,2,
125934813315,1,1,1,1,2,1,
125935813315,1,1,2,1,1,2,
125936813315,1,1,1,1,1,1,
125937313315,1,2,2,1,1,1,
125937813315,1,1,1,1,1,1,
125938313315,1,2,1,1,1,1,
125938813315,1,2,1,1,1,1,
125939313315,1,1,2,1,1,1,
125939813315,1,2,2,1,2,1,
125940313315,1,2,2,2,1,1,
125941813315,1,2,1,1,1,1,
125943813315,1,1,1,1,1,1,
125944813315,1,1,1,1,1,1,
125945313315,1,2,1,1,1,1,
125946813315,1,2,1,1,2,1,
125949813315,1,2,1,1,1,1,
125953313315,1,1,1,1,1,1,
125953813315,1,2,1,1,1,2,
125954313315,1,2,1,1,1,1,
125954813315,1,2,1,1,1,1,
125955313315,1,2,1,1,1,1,
125956313315,1,2,2,2,2,2,
125958313315,1,1,1,1,2,2,
125958813315,1,2,1,1,1,1,
125960313315,1,2,2,2,1,1,
125960813315,1,2,1,1,1,1,
125961313315,1,2,2,1,1,1,
125961813315,1,1,1,1,1,1,
125962813315,1,2,1,1,1,1,
125963313315,1,2,1,1,1,1,
125963813315,1,2,2,1,1,1,
125964813315,1,2,1,1,1,1,
125966813315,1,2,1,1,1,1,
125968313315,1,2,2,2,1,1,
125968813315,1,2,1,1,1,1,
125969813315,1,2,1,1,1,1,
125970313315,1,2,1,1,2,1,
125971313315,1,1,1,1,1,1,
125972313315,1,1,1,1,1,1,
125973313315,1,2,2,2,1,1,
125973813315,1,2,1,2,2,2,
125974813315,1,2,1,1,1,1,
125975313315,1,2,1,1,1,1,
125975813315,1,2,2,2,2,2,
125976813315,1,1,1,2,2,2,
125977813315,1,2,1,1,1,1,
125979313315,1,2,1,1,2,1,
125979813315,1,1,1,1,1,1,
125980313315,1,2,1,1,1,1,
125980813315,1,1,1,1,1,1,
125981313315,1,1,1,1,1,1,
125981813315,1,2,2,1,1,1,
125982313315,1,2,1,1,1,1,
125982813315,1,1,1,1,1,1,
125983313315,1,2,1,1,1,1,
125983813315,1,2,1,1,1,1,
125984813315,1,2,2,1,1,1,
125986813315,1,2,1,1,1,1,
125989313315,1,1,1,1,1,1,
125989813315,1,2,2,2,2,2,
125990313315,1,2,2,2,2,2,
125991313315,1,2,1,1,1,1,
125991813315,1,2,1,1,1,1,
125993313315,1,2,2,1,1,1,
125993813315,1,1,1,1,1,1,
125994313315,1,1,2,1,1,1,
125995313315,1,2,2,1,1,1,
125995813315,1,2,2,1,1,1,
125998313315,1,2,1,1,1,1,
125999813315,1,1,1,1,1,1,
126000813315,1,1,2,1,1,1,
126001313315,1,2,2,2,2,2,

