,W-0,R-0,R-1,R-2,R-3,R-4,
117793167170,1,1,1,1,1,1,
117794667170,1,2,2,2,2,2,
117795667170,1,2,2,1,2,1,
117796667170,1,2,1,1,1,1,
117797667170,1,2,1,1,1,1,
117798167170,1,2,1,2,2,2,
117798667170,1,2,1,1,1,1,
117799167170,1,2,2,1,1,1,
117799667170,1,2,1,1,1,1,
117800167170,1,2,1,1,1,1,
117801667170,1,2,1,1,1,1,
117802667170,1,2,1,1,1,1,
117803167170,1,2,2,2,2,2,
117803667170,1,2,1,1,1,1,
117804167170,1,2,1,1,1,1,
117804667170,1,2,1,1,1,1,
117805167170,1,2,1,1,1,1,
117805667170,1,2,2,1,1,1,
117806667170,1,2,2,1,1,1,
117807167170,1,2,1,1,1,1,
117807667170,1,2,2,1,1,1,
117808167170,1,2,1,1,1,1,
117809167170,1,2,1,1,1,1,
117810167170,1,2,1,1,1,1,
117810667170,1,2,2,2,1,1,
117812667170,1,2,1,1,2,1,
117813167170,1,2,1,1,1,1,
117813667170,1,2,1,1,1,1,
117814167170,1,2,1,1,1,1,
117814667170,1,2,2,1,2,2,
117817167170,1,2,1,1,1,1,
117818167170,1,2,1,1,1,1,
117818667170,1,2,1,1,1,1,
117819167170,1,2,2,1,1,1,
117819667170,1,2,2,1,1,1,
117820167170,1,2,1,1,1,1,
117821167170,1,2,1,1,1,1,
117821667170,1,2,1,1,1,1,
117822167170,1,2,2,1,1,1,
117824167170,1,2,2,1,1,1,
117824667170,1,2,2,1,1,1,
117826167170,1,2,1,1,1,1,
117826667170,1,2,1,1,1,1,
117827167170,1,2,1,1,1,1,
117827667170,1,2,1,1,1,1,
117828667170,1,2,2,2,2,1,
117830167170,1,2,1,1,1,1,
117830667170,1,2,1,1,1,1,
117831167170,1,2,1,1,1,1,
117832167170,1,2,2,1,1,1,
117833667170,1,2,2,1,1,1,
117834667170,1,2,1,1,1,1,
117836167170,1,2,1,1,1,1,
117836667170,1,2,2,1,1,1,
117837667170,1,2,2,1,1,2,
117838167170,1,2,1,1,1,1,
117839667170,1,2,2,2,2,2,
117840167170,1,2,1,2,1,1,
117840667170,1,2,1,1,1,1,
117841167170,1,2,1,1,1,1,
117843167170,1,2,1,1,1,1,
117845167170,1,2,2,1,2,1,
117845667170,1,2,1,1,1,1,
117847167170,1,2,2,1,1,1,
117848667170,1,2,2,1,1,1,
117851167170,1,2,2,1,1,1,
117851667170,1,2,2,2,1,1,
117852667170,1,2,1,1,1,1,
117853167170,1,2,1,1,1,1,
117853667170,1,2,1,1,1,1,
117854667170,1,2,2,2,1,1,
117857167170,1,2,1,1,1,1,
117857667170,1,2,2,2,2,2,
117858667170,1,2,1,1,1,1,
117859167170,1,2,2,2,2,2,
117859667170,1,2,2,1,1,2,
117860167170,1,2,1,1,1,1,
117862167170,1,2,1,1,1,1,
117863167170,1,2,1,1,1,1,
117865667170,1,2,1,1,1,1,
117866667170,1,2,1,1,1,1,
117867167170,1,2,2,1,1,1,
117869667170,1,2,2,1,1,1,
117870167170,1,2,1,1,1,1,
117871167170,1,2,1,1,1,1,
117873667170,1,2,2,1,1,1,
117875167170,1,2,1,1,1,1,
117875667170,1,2,2,2,2,2,
117876167170,1,2,2,2,1,2,
117876667170,1,2,1,1,1,1,
117877167170,1,2,2,1,1,1,
117877667170,1,2,2,2,2,1,
117878167170,1,2,2,1,1,2,
117879667170,1,2,1,1,1,1,
117880167170,1,2,2,1,1,1,
117880667170,1,2,1,1,1,1,
117883167170,1,2,1,1,1,1,
117883667170,1,2,2,1,1,1,
117884667170,1,2,2,2,2,2,
117885667170,1,2,1,1,1,1,
117886167170,1,2,2,2,1,1,
117886667170,1,2,1,1,1,1,
117887167170,1,2,1,1,1,1,
117889667170,1,2,1,1,2,2,
117891667170,1,2,2,1,1,1,
117892167170,1,2,1,1,1,1,
117892667170,1,2,1,2,1,2,
117893167170,1,2,1,1,1,1,
117893667170,1,2,2,2,1,1,
117894167170,1,2,2,1,1,1,
117895667170,1,2,1,1,1,1,
117896667170,1,2,2,1,1,1,
117897167170,1,2,1,1,1,1,
117897667170,1,2,1,1,1,1,
117898167170,1,2,1,2,2,1,
117899667170,1,2,1,1,1,1,
117900167170,1,2,1,1,1,1,
117901167170,1,2,1,1,1,1,
117903167170,1,2,1,1,1,1,
117904167170,1,2,2,1,1,2,
117905167170,1,2,2,1,1,1,
117906167170,1,2,1,1,1,1,
117906667170,1,2,1,1,1,1,
117908167170,1,2,2,2,2,2,
117910667170,1,2,1,1,1,1,
117911667170,1,2,1,1,1,1,
117914167170,1,2,2,1,1,1,
117914667170,1,2,2,2,2,2,
117915167170,1,2,1,1,1,1,
117915667170,1,2,1,1,1,1,
117917167170,1,2,1,1,1,1,
117917667170,1,2,2,1,1,1,
117918167170,1,2,1,1,1,1,
117920167170,1,2,1,1,1,1,
117921667170,1,2,1,1,1,1,
117922167170,1,2,2,1,1,1,
117922667170,1,2,1,1,1,1,
117923167170,1,2,1,2,1,1,
117923667170,1,2,1,1,1,1,
117924167170,1,2,1,1,1,1,
117924667170,1,2,1,1,1,1,
117926167170,1,2,1,1,1,1,
117927167170,1,2,1,1,1,1,
117927667170,1,2,2,1,1,1,
117928167170,1,2,1,1,1,1,
117928667170,1,2,1,1,1,1,
117929667170,1,2,1,1,1,1,
117930667170,1,2,1,1,1,1,
117931667170,1,2,2,1,1,1,
117932167170,1,2,2,1,1,1,
117932667170,1,2,2,2,1,1,
117935167170,1,2,1,1,1,1,
117937167170,1,2,2,1,1,1,
117938667170,1,2,1,1,1,1,
117940667170,1,2,2,2,2,1,
117941167170,1,2,2,1,1,1,
117942167170,1,2,1,1,1,1,
117943167170,1,2,1,1,1,1,
117943667170,1,2,1,1,1,1,
117944167170,1,2,1,1,1,1,
117946667170,1,2,1,1,1,1,
117947667170,1,2,1,2,1,1,
117949167170,1,2,2,1,1,1,
117951667170,1,2,2,2,2,2,
117953167170,1,2,1,1,1,1,
117954667170,1,2,2,1,1,1,
117956167170,1,2,2,2,2,1,
117957667170,1,2,1,1,1,1,
117958167170,1,2,1,1,1,1,
117958667170,1,2,2,1,1,1,
117959167170,1,2,2,2,2,1,
117959667170,1,2,1,1,1,1,
117960667170,1,2,1,1,1,1,
117961167170,1,2,1,1,1,1,
117961667170,1,2,1,1,1,1,
117962667170,1,2,1,1,1,1,
117964667170,1,2,1,1,1,1,
117965667170,1,2,1,1,1,1,
117968667170,1,2,2,2,2,2,
117969167170,1,2,1,2,1,1,
117970167170,1,2,2,1,1,2,
117971667170,1,2,2,1,1,1,
117972167170,1,2,2,2,2,1,
117972667170,1,2,2,1,1,1,
117973167170,1,2,2,1,1,1,
117974167170,1,2,2,1,1,1,
117975167170,1,2,2,1,1,2,
117975667170,1,2,1,1,1,1,
117976667170,1,2,2,1,1,1,
117978167170,1,2,1,1,1,1,
117978667170,1,2,1,1,1,1,
117979667170,1,2,1,1,1,1,
117980167170,1,2,1,1,1,1,
117980667170,1,2,2,2,2,1,
117981167170,1,2,1,1,1,1,
117983167170,1,2,1,1,1,1,
117983667170,1,2,1,1,2,2,
117985167170,1,2,1,2,1,1,
117985667170,1,2,2,1,1,1,
117986167170,1,2,2,1,1,1,
117988167170,1,2,1,1,1,1,
117989167170,1,2,1,1,1,1,
117993167170,1,2,1,1,1,1,
117993667170,1,2,1,1,1,1,
117994667170,1,2,1,1,1,1,
117995167170,1,2,1,1,1,1,
117996167170,1,2,1,1,1,1,
117996667170,1,2,1,1,1,1,
117997167170,1,2,1,2,1,1,
117998167170,1,2,1,1,1,1,
117998667170,1,2,1,1,1,1,
118000167170,1,2,1,1,2,2,
118000667170,1,2,1,1,1,1,
118002167170,1,2,1,1,1,1,
118002667170,1,2,1,1,1,1,
118003167170,1,2,1,1,1,1,
118004167170,1,2,1,1,1,1,
118005167170,1,2,1,1,1,1,
118006667170,1,2,2,2,2,1,
118007667170,1,2,2,1,1,1,
118009667170,1,2,1,1,1,1,
118010167170,1,2,1,1,1,1,
118010667170,1,2,1,1,1,1,
118011167170,1,2,2,1,1,1,
118012167170,1,2,1,1,1,1,
118012667170,1,2,2,2,2,1,
118013167170,1,2,2,1,1,1,
118013667170,1,2,1,1,1,1,
118014167170,1,2,1,1,1,1,
118014667170,1,2,2,2,2,2,
118016667170,1,2,2,1,1,1,
118017667170,1,2,2,1,1,1,
118019167170,1,2,1,1,1,1,
118021667170,1,2,1,1,1,1,
118022167170,1,2,1,1,1,1,
118022667170,1,2,2,1,1,1,
118024167170,1,2,1,2,1,1,
118024667170,1,2,1,1,1,1,
118025667170,1,2,2,1,1,1,
118026667170,1,2,1,1,1,1,
118027167170,1,2,1,1,1,1,
118027667170,1,2,1,1,1,1,
118028167170,1,2,1,1,1,1,
118028667170,1,2,2,1,1,1,
118029167170,1,2,1,1,1,1,
118029667170,1,2,1,1,2,2,
118030167170,1,2,1,1,1,1,
118030667170,1,2,2,1,2,2,
118031167170,1,2,1,1,1,1,
118032167170,1,2,1,1,1,1,
118032667170,1,2,1,1,1,1,
118033167170,1,2,1,1,1,1,
118034167170,1,2,1,1,1,1,
118034667170,1,2,2,2,2,1,
118035667170,1,2,2,1,1,1,
118036167170,1,2,1,2,1,1,
118036667170,1,2,1,1,1,1,
118037167170,1,2,1,1,1,1,
118038167170,1,2,1,1,1,1,
118038667170,1,2,2,1,1,1,
118039167170,1,2,2,1,1,1,
118039667170,1,2,1,1,1,1,
118042167170,1,2,1,1,1,1,
118042667170,1,2,1,1,1,1,
118044667170,1,2,2,2,2,2,
118047167170,1,2,1,1,1,1,
118050667170,1,2,1,1,1,1,
118051167170,1,2,1,1,1,1,
118052667170,1,2,1,1,1,1,
118053167170,1,2,2,2,2,1,
118053667170,1,2,2,1,1,1,
118055167170,1,2,1,1,1,1,
118055667170,1,2,1,1,1,1,
118056667170,1,2,1,1,1,1,
118057667170,1,2,1,1,1,1,
118058167170,1,2,2,1,1,2,
118058667170,1,2,1,1,1,1,
118059167170,1,2,1,1,1,1,
118060667170,1,2,1,1,1,1,
118061667170,1,2,1,1,1,1,
118062167170,1,2,1,1,1,1,
118063167170,1,2,1,1,1,1,
118064167170,1,2,1,1,1,1,
118064667170,1,2,1,1,2,2,
118065167170,1,2,1,1,1,1,
118068167170,1,2,1,1,1,1,
118069167170,1,2,2,2,1,1,
118070667170,1,2,2,2,1,1,
118071667170,1,2,1,1,1,1,
118072667170,1,2,1,1,1,1,
118074167170,1,2,2,1,1,1,
118074667170,1,2,1,1,1,1,
118075167170,1,2,2,1,1,1,
118077667170,1,2,1,1,1,1,
118078167170,1,2,1,1,1,1,
118079667170,1,2,1,1,1,1,
118080167170,1,2,1,1,1,1,
118080667170,1,2,2,2,1,1,
118082167170,1,2,1,1,1,1,
118082667170,1,2,1,2,1,1,
118083167170,1,2,1,1,1,1,
118084167170,1,2,2,1,1,1,
118087167170,1,2,1,1,1,1,
118087667170,1,2,1,1,1,1,
118088667170,1,2,1,1,1,1,
118089167170,1,2,1,1,1,1,
118090667170,1,2,1,1,1,1,
118091667170,1,2,2,1,1,1,
118093167170,1,2,1,1,1,1,
118093667170,1,2,1,1,1,1,
118094167170,1,2,2,1,2,2,
118096667170,1,2,1,1,1,1,
118097667170,1,2,2,1,1,1,
118098167170,1,2,2,1,1,1,
118099167170,1,2,2,1,1,1,
118102167170,1,2,1,1,1,1,
118102667170,1,2,1,1,1,1,
118103667170,1,2,1,1,1,1,
118105167170,1,2,2,2,2,2,
118107167170,1,2,2,1,2,1,
118107667170,1,2,1,1,1,1,
118109167170,1,2,1,1,1,1,
118110167170,1,2,1,1,1,1,
118110667170,1,2,1,1,1,1,
118111667170,1,2,2,1,2,2,
118113667170,1,2,2,1,2,1,
118114167170,1,2,1,1,1,1,
118115667170,1,2,2,1,1,1,
118116167170,1,2,2,1,1,1,
118117167170,1,2,2,1,2,2,
118118667170,1,2,1,1,1,1,
118119667170,1,2,1,1,1,1,
118121667170,1,2,1,1,1,1,
118122167170,1,2,1,1,1,1,
118122667170,1,2,1,1,1,1,
118123667170,1,2,1,1,1,1,
118126167170,1,2,2,2,1,1,
118132167170,1,2,1,1,1,1,
118132667170,1,2,2,2,1,1,
118133667170,1,2,2,1,1,1,
118134167170,1,2,2,1,1,1,
118137167170,1,2,1,1,1,1,
118138667170,1,2,1,1,2,2,
118139167170,1,2,2,1,1,1,
118139667170,1,2,2,1,1,1,
118140167170,1,2,1,1,1,1,
118140667170,1,2,1,1,1,1,
118141167170,1,2,1,1,1,1,
118143667170,1,2,2,1,1,1,
118145667170,1,2,1,1,1,1,
118146167170,1,2,1,1,1,1,
118147167170,1,2,1,1,1,1,
118147667170,1,2,1,1,1,1,
118148167170,1,2,2,1,1,1,
118148667170,1,2,1,1,1,1,
118149167170,1,2,1,1,1,1,
118150167170,1,2,1,1,1,1,
118150667170,1,2,1,1,1,1,
118151167170,1,2,1,1,1,1,
118152167170,1,2,1,1,1,1,
118152667170,1,2,1,1,1,1,
118153167170,1,2,2,1,1,1,
118155167170,1,2,1,2,1,1,
118156667170,1,2,2,1,1,1,
118157167170,1,2,2,1,2,2,
118158167170,1,2,2,1,2,1,
118158667170,1,2,1,1,1,1,
118160167170,1,2,1,1,1,1,
118161167170,1,2,2,1,1,1,
118162667170,1,2,2,2,2,2,
118163667170,1,2,2,1,1,1,
118164167170,1,2,1,1,1,1,
118164667170,1,2,1,1,1,1,
118167167170,1,2,2,1,2,2,
118167667170,1,2,1,1,1,1,
118168667170,1,2,2,2,1,1,
118169167170,1,2,2,2,2,2,
118170667170,1,2,1,1,1,1,
118171667170,1,2,1,1,1,1,
118173667170,1,2,1,1,1,1,
118177167170,1,2,1,1,1,1,
118179667170,1,2,1,1,1,1,
118180167170,1,2,2,1,2,1,
118180667170,1,2,1,1,1,1,
118181667170,1,2,1,1,1,1,
118182667170,1,2,2,1,1,2,
118183667170,1,2,2,1,1,1,
118184167170,1,2,2,2,2,2,
118184667170,1,2,2,2,1,1,
118185667170,1,2,1,1,1,1,
118186167170,1,2,1,1,1,1,
118186667170,1,2,2,1,1,1,
118187167170,1,2,1,1,1,1,
118188167170,1,2,1,1,1,1,
118190167170,1,2,1,1,1,1,
118191167170,1,2,1,1,1,1,
118194167170,1,2,1,1,1,1,
118195667170,1,2,2,1,1,1,
118196167170,1,2,1,1,1,1,
118197167170,1,2,1,1,2,1,
118198167170,1,2,2,2,1,2,
118198667170,1,2,2,2,2,2,
118199167170,1,2,1,1,1,1,
118199667170,1,2,1,1,1,1,
118200167170,1,2,1,1,1,1,
118200667170,1,2,1,1,1,1,
118201167170,1,2,2,1,1,1,
118201667170,1,2,1,1,1,1,
118203167170,1,2,2,2,2,2,
118205167170,1,2,2,2,1,2,
118206167170,1,2,2,2,1,1,
118206667170,1,2,1,2,2,2,
118208167170,1,2,1,1,1,1,
118211167170,1,2,1,1,1,1,
118214667170,1,2,1,1,1,1,
118215167170,1,2,1,1,1,1,
118215667170,1,2,1,1,1,1,
118216167170,1,2,2,1,1,2,
118216667170,1,2,1,1,1,1,
118217667170,1,2,1,1,1,1,
118219667170,1,2,2,2,2,2,
118220167170,1,2,1,2,1,1,
118221667170,1,2,1,1,1,1,
118222167170,1,2,1,1,1,1,
118222667170,1,2,1,1,1,1,
118223167170,1,2,1,1,1,1,
118224167170,1,2,2,2,2,2,
118224667170,1,2,2,1,1,1,
118225167170,1,2,1,1,2,1,
118226167170,1,2,1,1,1,1,
118228167170,1,2,1,1,1,1,
118229667170,1,2,2,2,1,2,
118230167170,1,2,1,1,1,1,
118231167170,1,2,2,2,2,2,
118231667170,1,2,1,1,1,1,
118232667170,1,2,1,1,1,1,
118233667170,1,2,2,1,1,1,
118234667170,1,2,2,2,2,2,
118235167170,1,2,1,1,1,1,
118236167170,1,2,1,1,1,1,
118236667170,1,2,1,1,1,1,
118237167170,1,2,2,1,1,1,
118238167170,1,2,1,1,1,1,
118239167170,1,2,1,1,1,1,
118240667170,1,2,1,1,1,1,
118241167170,1,2,1,1,1,1,
118241667170,1,2,1,1,1,1,
118242167170,1,2,2,1,1,1,
118242667170,1,2,1,1,1,1,
118243167170,1,2,2,1,1,2,
118243667170,1,2,1,1,1,1,
118244167170,1,2,1,2,1,1,
118244667170,1,2,1,1,1,1,
118245167170,1,2,2,2,1,1,
118246167170,1,2,2,1,1,1,
118248167170,1,2,1,1,1,1,
118250667170,1,2,2,2,2,1,
118251167170,1,2,2,1,1,1,
118251667170,1,2,2,2,2,2,
118252667170,1,2,1,1,1,1,
118253167170,1,2,1,1,1,1,
118254667170,1,2,1,1,1,1,
118255167170,1,2,2,1,1,1,
118255667170,1,2,1,1,1,1,
118256667170,1,2,2,1,1,1,
118257167170,1,2,1,1,1,1,
118259667170,1,2,1,1,1,1,
118261167170,1,2,2,1,1,1,
118262167170,1,2,1,1,1,1,
118262667170,1,2,1,1,1,1,

