,W-0,R-0,R-1,R-2,R-3,R-4,
136258478304,16849,27202,27494,28421,27350,18304,
136259978304,25924,25224,25378,27512,29275,31342,
136260978304,2869,12405,3276,5013,7004,9175,
136261978304,3892,23584,3195,4994,18347,9151,
136262978304,4590,12668,14621,15918,7100,8947,
136263478304,3477,12106,3013,5051,7033,9045,
136263978304,3627,12238,3106,15883,17903,8964,
136264478304,3897,12598,14096,4882,17944,8980,
136264978304,3554,12198,2917,5086,6991,9051,
136265478304,3337,12462,14028,4946,6991,9247,
136266978304,3212,12465,3807,5196,7039,8891,
136267978304,70583,66847,69192,70923,83879,74240,
136268478304,10925,11949,3289,5011,6970,8886,
136268978304,3268,11938,2899,5077,7145,8954,
136269478304,2649,12468,3078,4984,6923,9045,
136269978304,3381,12484,3230,4923,6955,9087,
136270478304,2593,12207,3141,5025,7138,8960,
136270978304,3262,12379,3847,5120,7008,9013,
136271978304,5228,12553,3324,4987,6998,9020,
136272478304,5903,12438,14083,5282,6907,9037,
136272978304,2526,12336,2890,4903,6864,8864,
136273478304,2668,11913,2937,4993,6964,9011,
136274478304,3669,12164,2958,4877,6921,8953,
136275478304,3751,11882,2927,5075,7008,8960,
136275978304,3403,11981,3108,4978,6957,8918,
136277978304,3931,12408,13919,4944,7009,9015,
136278478304,2619,12151,2876,4867,6916,8983,
136278978304,2608,12364,13876,4939,6982,30804,
136279478304,3503,12508,3176,8519,9103,9257,
136279978304,2908,14946,3596,5142,6938,9005,
136282478304,3603,11996,3009,4905,6886,8934,
136283478304,2549,12055,2884,4976,6964,8868,
136283978304,2588,12015,2888,4852,6881,8857,
136284478304,3664,12125,3016,5001,6936,8961,
136284978304,3882,12282,3000,4936,6942,19820,
136285478304,2892,12166,13567,5008,6834,8934,
136286478304,3780,12629,3166,5255,7237,9116,
136286978304,2633,12297,2906,5201,6951,9025,
136287478304,5886,22888,24404,4846,6883,8830,
136289478304,2585,22920,13835,15831,17771,19965,
136289978304,4009,12154,2986,4894,6976,8814,
136291478304,3501,12187,3084,4937,6981,8878,
136291978304,3780,11942,3135,4907,6980,8890,
136292478304,4656,34632,13749,48194,28397,8889,
136292978304,9293,22965,13566,15767,17750,8807,
136293978304,3627,33948,14187,15959,17906,30667,
136295478304,143853,11842,3838,4966,6840,9560,
136295978304,26977,34021,25584,27210,28558,30576,
136296478304,3482,12286,3163,4949,7008,8988,
136297478304,3820,12238,13789,16003,18170,8987,
136298978304,3894,12052,3093,4956,6830,8860,
136299978304,2492,12143,3204,4863,6837,8893,
136301478304,2601,11987,2882,6637,6851,10032,
136301978304,13146,12408,14010,15871,17739,19656,
136302978304,3571,12096,2981,4980,6891,9546,
136303478304,5437,14358,3616,5058,6947,8834,
136304978304,5897,22802,13774,16068,7422,19741,
136305478304,5201,12012,14380,4970,6856,8992,
136305978304,2483,11857,2894,5320,17839,8811,
136306478304,5923,14408,14056,15772,6906,8957,
136308478304,3466,12041,3026,4921,6908,8909,
136310478304,3496,12147,3084,4891,6798,8816,
136310978304,6682,12100,3047,4991,6928,8884,
136312478304,5079,23693,14007,4932,28593,8962,
136313978304,3630,12421,2986,4906,7042,9041,
136316478304,3637,11981,2994,4984,6941,8950,
136316978304,3921,12206,3074,4843,7032,8829,
136317978304,3480,11825,13855,15797,7296,8830,
136318478304,13340,23410,13939,15825,17870,19922,
136318978304,3526,12039,2962,5138,6930,9020,
136319978304,4580,12039,13900,4922,6776,8845,
136322478304,3564,12162,2933,4867,6920,11946,
136322978304,3046,11861,3304,4900,7036,8974,
136323978304,3261,11973,2947,4876,6992,8964,
136324478304,9331,12647,3197,8605,8488,9015,
136324978304,4027,12339,3210,5025,7264,8977,
136325478304,2534,12012,2975,4839,6926,8791,
136327478304,10278,12665,3195,4926,7018,9009,
136328478304,2619,12078,2902,4931,6809,8942,
136330978304,4410,11862,3202,4817,6775,8780,
136331978304,4952,12248,14272,4835,7462,9570,
136332478304,3592,12538,2980,4968,6904,9262,
136334978304,3820,12176,3024,5210,6908,8997,
136335478304,3566,11962,2895,4814,6879,8954,
136336478304,3577,12107,2942,4881,6933,8828,
136338978304,3300,12052,3045,7847,7354,9202,
136340478304,2690,11998,2971,4852,6996,8862,
136340978304,3527,12068,2888,4953,6877,8858,
136341478304,27001,11870,2967,5241,6938,9004,
136341978304,2476,12178,2950,16361,6945,8836,
136342478304,5330,12103,2991,5024,6942,8858,
136342978304,3525,11831,13970,5348,6818,8837,
136343478304,3365,11875,2907,5154,6850,8761,
136344978304,98651,12139,3044,4860,6923,8906,
136345478304,3760,12001,2962,4890,6884,8852,
136345978304,3663,11994,13818,4938,6909,8899,
136348478304,10538,12288,3001,4959,7145,8951,
136348978304,3497,12383,2912,4843,6818,8817,
136349978304,3860,11907,2974,4880,6835,8862,
136350978304,3585,12261,3006,4884,6746,8936,
136351478304,4578,12030,13961,4919,6793,8872,
136351978304,7370,13554,14826,15608,7056,8891,
136352478304,77121,11863,2959,15573,17582,8939,
136354978304,3663,11883,2976,4913,6892,9476,
136356978304,3803,12141,2980,5272,6924,8996,
136357478304,4501,12377,14446,4896,6965,8829,
136357978304,3574,12139,13902,4853,17612,8886,
136358478304,2486,11973,3433,4823,6838,9096,
136358978304,5908,11917,13991,5018,6880,8779,
136359478304,2436,12406,2800,4818,6851,8877,
136360978304,21196,33390,24445,37091,39536,41092,
136361978304,3609,11956,2966,4961,8112,8904,
136362478304,3165,22846,13953,4862,6887,8925,
136362978304,3447,11842,2874,4795,8072,9039,
136363478304,2868,11859,2747,4880,6844,9135,
136364978304,3497,11913,2848,4867,6858,8816,
136365478304,18061,11831,2921,4835,6804,9133,
136366478304,3474,11959,2976,4872,6832,8902,
136368478304,3527,12076,2997,4931,6941,8835,
136369478304,4870,12040,13987,5433,6930,8862,
136370478304,10997,11860,2896,5808,6851,9220,
136371478304,4404,11795,4009,4868,6857,8850,
136371978304,2540,11925,2920,4851,6695,8843,
136373478304,3064,11833,2953,4816,6684,8782,
136375978304,3743,12155,3509,5046,7188,9220,
136376978304,3639,11978,3024,5003,7168,8913,
136379478304,3596,22775,13751,26753,28327,8866,
136379978304,5063,12143,13854,4864,6950,8874,
136380478304,13333,11877,3171,4991,7038,9087,
136380978304,3618,12051,2973,5137,6820,8820,
136382478304,3177,12121,3012,4916,7005,9097,
136382978304,5171,11859,13650,4965,6808,9315,
136383478304,3275,12089,2888,4893,6826,8934,
136385478304,2588,11823,2956,4962,6834,8873,
136386978304,112185,111084,113172,114991,116176,117554,
136387478304,3606,12397,2953,15808,50687,9078,
136387978304,3584,12189,2876,4778,6851,8865,
136388478304,3970,12071,3550,5054,6919,8889,
136388978304,3806,12461,2994,5014,6818,8759,
136389478304,3107,12122,2924,4802,6759,8816,
136389978304,3591,12421,3043,4914,6892,9007,
136391478304,2547,11953,2782,4787,6812,8965,
136392478304,3474,12012,3114,4864,6876,8857,
136392978304,2494,11543,2927,4923,6799,8786,
136393478304,3634,11880,13755,4874,6918,8966,
136393978304,6981,12026,3373,15584,7082,20434,
136394978304,3641,33917,2980,5008,6893,19888,
136395978304,2603,11786,2963,4834,6771,8817,
136396978304,5214,12018,13814,5018,6833,8899,
136397478304,3829,11784,2926,5002,6877,8950,
136397978304,4878,11980,13801,4879,6900,8751,
136400478304,3689,12093,2994,4983,6871,9082,
136402478304,5284,12046,13565,4764,6811,8835,
136403978304,9474,12019,3050,26474,17666,30635,
136405978304,43772,12279,3249,5021,6859,8895,
136406478304,26167,12151,2996,5426,6901,8987,
136407478304,3508,11919,35406,4883,17509,41294,
136408478304,3530,11919,13887,4872,6874,8844,
136408978304,3583,11842,2969,4797,6891,8817,
136409478304,2520,12044,2942,4826,6859,8832,
136411978304,4923,22980,24645,15956,28769,20054,
136412978304,2465,11834,2970,4827,7009,8806,
136414478304,4970,11603,13574,4815,6890,8809,
136416978304,3268,12895,13639,4860,18039,8993,
136418478304,3592,12301,2963,4947,6987,8793,
136419978304,3553,11982,3833,4893,6884,8769,
136421478304,2542,11803,2908,4741,6824,8798,
136422978304,3289,11940,2846,4812,6904,8839,
136423478304,3511,11820,14312,4828,6796,8793,
136423978304,3435,44468,2787,26548,6941,30978,
136424478304,3477,24437,24329,26249,6804,19736,
136424978304,3531,11800,3010,4922,6870,8652,
136425978304,19921,11962,3544,4889,6855,8679,
136426478304,5073,11798,13593,4843,6809,8922,
136426978304,3419,11834,2848,4835,6812,9019,
136427978304,3532,11896,2901,4801,6963,8893,
136429978304,4506,11827,13921,4842,6887,8779,
136430978304,3588,11962,2823,5089,6846,8824,
136433978304,4435,11847,13957,4770,6815,8729,
136434478304,3553,12215,2909,4886,6809,8819,
136435478304,5287,11663,2862,4684,6828,8804,
136436978304,3492,12059,2866,5017,6876,8889,
136437478304,3528,12120,3095,4805,6852,8765,
136437978304,3621,11779,2865,4912,6829,8790,
136438478304,8494,11951,2910,4761,7190,8883,
136439478304,2523,11883,2891,4833,6837,8850,
136440478304,4466,11953,13837,4891,6919,8860,
136440978304,4131,11832,2941,4819,6844,8784,
136441978304,2641,11788,2889,4986,6980,8880,
136443478304,4016,11822,3113,4815,6775,8876,
136443978304,3740,11861,3323,5001,6830,8849,
136444978304,3285,11919,3081,5035,6870,8951,
136445478304,2515,11922,2843,4992,6961,8872,
136445978304,3622,12843,3007,4868,6901,8829,
136446478304,2374,12551,13345,4869,6832,9145,
136448478304,3534,11820,2940,4854,6814,8877,
136448978304,3357,33322,13865,26351,39596,30635,
136450478304,3749,11989,13478,4841,6835,8902,
136450978304,3525,12097,3219,4773,6756,8863,
136451478304,3621,11850,3033,6036,7268,8910,
136453478304,45640,12008,2869,4784,6862,8671,
136454478304,3611,11939,2968,4965,6809,8960,
136458478304,5826,12192,14173,16907,17869,20315,
136458978304,2548,12566,2869,4956,6894,8850,
136459978304,3602,11847,13592,15490,6791,8838,
136460478304,3491,11992,3008,5354,6932,8910,
136461478304,2671,11743,2897,4839,6882,8937,
136461978304,3537,11800,2918,4956,6938,8894,
136462478304,3499,11833,2945,4937,6895,8745,
136463478304,2521,11912,2962,4846,6852,8840,
136463978304,3737,11686,2925,4845,6909,8812,
136465478304,3622,11801,3438,4638,6858,8845,
136465978304,3744,11895,3446,4822,6674,8896,
136467478304,3781,11821,2875,4766,6731,8906,
136467978304,3478,12266,3468,4904,6735,8954,
136468478304,2652,11776,2933,15550,6874,19875,
136469478304,3587,22642,3005,5339,6971,20010,
136470478304,4881,12029,13850,4788,6762,8789,
136471978304,2570,11875,2764,4774,6804,8861,
136472978304,4982,12211,3777,5095,6821,9100,
136474978304,3377,23028,3046,4825,17660,19645,
136475478304,4002,12123,2935,4847,7360,8817,
136475978304,67188,66312,67515,69844,72369,73907,
136476478304,174027,11806,13831,15541,17514,19497,
136477478304,3350,11873,3147,15969,7021,8875,
136477978304,3918,12013,2946,4842,6909,8908,
136478478304,34091,11622,2730,4954,6829,8919,
136478978304,3645,13494,3448,4829,6934,8851,
136479478304,3905,12055,3046,4914,7034,8918,
136479978304,300000,44761,13866,26889,6883,19924,
136481978304,3618,12389,2942,4685,6739,8619,
136482978304,2489,12095,3506,4970,6764,8818,
136484478304,3546,11967,3058,4787,7209,9103,
136486978304,2442,12208,3047,5309,6879,9073,
136487478304,4630,12032,13584,4857,6859,8842,
136487978304,4447,22742,47434,5131,6895,41330,
136489478304,15304,23139,24468,16117,18313,19748,
136489978304,2872,11969,2896,4761,6740,8846,
136490978304,5416,12364,13450,4936,6885,8768,
136491978304,3605,23340,2923,15469,6770,8888,
136492478304,28558,11883,3096,4969,7045,8819,
136492978304,3756,12291,2865,4993,7014,9013,
136493478304,3535,12387,2881,16128,17791,9201,
136493978304,3793,11987,2997,15948,17986,8852,
136494478304,3749,11921,2938,4837,7193,8902,
136494978304,3415,11925,2909,4892,6821,8886,
136495478304,2391,11739,13686,4844,6809,8780,
136495978304,2592,11751,2896,4678,6811,8757,
136496478304,2681,11930,3024,5040,6947,8926,
136497478304,3462,11998,13604,4873,6804,8725,
136497978304,3553,11953,2801,4817,6848,9225,
136498478304,3619,11603,2861,4888,6898,8896,
136499478304,3387,11949,2994,4884,6807,8778,
136499978304,3594,11831,2873,4854,6832,8656,
136500978304,3477,11893,3150,5259,6870,8883,
136501478304,3604,12473,3207,4915,6839,8933,
136501978304,3939,23133,2767,15815,6985,20023,
136502478304,3523,11618,2973,4839,7238,8952,
136503478304,4939,11862,13599,4813,6803,8865,
136503978304,3282,12190,2989,4853,6816,8854,
136504478304,2607,11620,2962,4844,6823,8781,
136504978304,3588,11828,2852,4990,7089,8903,
136507478304,2470,11738,2887,4799,6864,8779,
136507978304,6326,11808,13903,4902,6861,8869,
136509978304,3774,12322,2837,4869,6838,9006,
136512478304,2522,33595,2762,37069,6864,8875,
136515978304,3648,12242,2968,5006,6823,8857,
136516478304,2446,11933,2959,5063,6847,8924,
136517978304,3443,44813,35171,15504,6800,8813,
136518478304,7043,34644,35044,16032,7150,19631,
136518978304,2442,12318,2841,4877,6847,9258,
136520478304,3094,11846,2876,15610,8422,9016,
136520978304,3551,11914,2922,4859,6860,8872,
136521978304,3608,11861,2886,4899,6802,8819,
136522978304,3548,11873,2986,4822,6818,8916,
136523478304,2437,11873,2957,4937,6785,8740,
136523978304,3771,11976,3225,4755,6857,8949,
136524478304,3597,11965,3009,4884,6860,8961,
136525978304,3190,12114,3067,5057,7077,9034,
136526978304,3810,12596,2878,4907,6938,8902,
136527478304,2918,11859,2852,4782,6736,8803,
136528478304,2683,22647,15271,5000,18191,31805,
136529478304,4467,12398,2971,5060,6960,8940,
136529978304,3633,12214,2996,4877,6680,8798,
136530478304,4951,12624,13482,15628,17608,19563,
136533478304,3421,12165,2914,4898,6840,8838,
136534478304,3172,12069,2888,4887,6851,8921,
136535978304,6363,12170,13960,4873,6888,8807,
136536978304,22943,23061,24300,26153,28312,30255,
136537978304,4584,11995,13853,4854,6815,8957,
136539478304,2985,11887,2886,4952,6865,8883,
136539978304,3015,11951,13584,15551,6872,8912,
136540478304,4532,11931,13654,4870,6799,8976,
136542978304,27200,11807,13655,15590,6872,9074,
136543478304,3538,22502,24351,26354,28501,19686,
136544978304,4465,33454,3454,37062,17635,8872,
136545478304,104559,12490,3029,4924,6865,9119,
136545978304,19788,22611,24469,26775,28816,20084,
136547478304,3525,12069,13812,16049,6795,8764,
136547978304,5045,11873,13608,4813,6690,8881,
136548478304,4651,11970,13813,4904,6967,8846,
136549478304,3391,11938,2921,5160,6800,8826,
136552478304,5883,12093,2888,4820,6986,8866,
136552978304,3503,12084,2810,4777,6819,9015,
136553978304,3470,11915,2810,4834,6827,8823,
136554478304,4935,11964,13686,4659,7068,8843,
136555978304,2474,11876,2997,4784,6823,8835,
136556978304,3092,11791,2938,4834,6796,8881,
136558478304,2618,11948,13778,4934,6874,8871,
136558978304,4605,22483,45731,4875,6690,19631,
136559478304,3443,11916,2850,4786,6858,8912,
136561978304,3525,11839,2822,4794,6822,9211,
136562978304,4433,11848,13796,15687,17398,8818,
136563478304,3946,11749,13595,5055,6981,8777,
136564478304,3398,11987,14054,15794,17631,8867,
136567478304,4889,12256,13681,4835,6740,8888,
136567978304,3557,22693,2897,5006,17669,8875,
136568978304,3210,11829,2894,5133,6935,8818,
136570478304,3053,11847,2888,4814,6894,8669,
136572478304,3236,11941,2913,4955,7408,8829,
136572978304,3399,11993,3109,4905,6901,8996,
136574478304,3652,11810,3080,4872,6672,8996,
136575478304,3373,11935,2936,4890,6943,8825,
136575978304,42418,43907,45779,47695,50251,41002,
136576978304,4450,11808,2950,4889,6680,8742,
136578978304,3742,22671,2932,15910,17597,19621,
136579478304,3356,11884,2972,4965,6901,8890,
136580978304,94563,11946,2946,4847,6846,8891,
136581478304,73915,11817,14138,4729,17820,20690,
136582478304,10821,12171,24609,16039,17573,19599,
136583978304,2530,11840,2753,26440,6782,30232,
136584978304,3673,11833,2941,5058,7189,9042,
136586978304,76362,12812,14158,5008,6991,8902,
136587478304,5873,12021,13888,5011,6942,8779,
136587978304,3285,12034,2980,5907,6910,8892,
136588978304,2998,11968,3266,4760,6808,8908,
136591478304,3346,11947,3447,4667,6829,8818,
136597478304,3497,12015,2918,4863,6908,8843,
136597978304,4647,12160,14248,4870,6778,8973,
136598978304,3565,12025,2805,4902,6933,9433,
136599478304,3535,11876,2880,4859,6849,8891,
136602478304,3499,11910,2909,4852,6868,8849,
136603978304,4841,12729,14103,5058,6831,8811,
136604478304,3967,12154,3138,5294,6799,8998,
136604978304,4442,11902,13906,4910,6813,8861,
136605478304,3391,11681,13497,15766,6872,8831,
136605978304,3867,11911,3254,4823,6874,8760,
136606478304,3621,11649,2939,4837,6935,8743,
136608978304,3516,11818,2833,4813,6820,8851,
136610978304,3335,12061,2994,5039,6914,8846,
136611478304,3922,11738,2945,4814,6901,9023,
136612478304,3517,22679,2849,15669,17675,8876,
136612978304,34180,12881,2983,4890,6936,8905,
136613478304,3514,12024,14139,4978,6827,9177,
136613978304,5933,11864,13579,26394,17679,52447,
136614478304,2572,11770,3173,4763,6834,8824,
136615478304,3473,12028,2909,4879,6740,8862,
136615978304,4425,11860,13678,4847,6839,8693,
136616478304,3614,11881,2962,4852,6801,8777,
136617478304,2942,10990,2466,4425,6452,8433,
136617978304,4511,11860,13830,15652,6859,19568,
136618478304,3587,11934,2811,4939,7238,9087,
136620478304,2502,11796,2808,4805,6865,8804,
136621978304,4609,11738,13661,4959,6847,8826,
136622478304,2522,11743,2825,4799,6929,8932,
136623478304,3846,11997,3178,5220,72313,8969,
136623978304,3763,11968,4393,4981,6859,8832,
136625478304,2506,11977,3038,4847,6817,8864,
136626478304,88634,89065,90016,90931,93261,95863,
136627978304,3668,11894,2920,4822,6836,8970,
136628978304,3504,11950,2990,4821,6841,8848,
136629478304,3454,12277,2891,15682,17736,9097,
136629978304,3523,11739,2928,4784,6692,8829,
136632478304,5994,12088,13935,5055,6931,8905,
136632978304,11386,12094,2908,5135,6880,9087,
136633978304,2928,11768,2942,4807,6798,8814,
136634478304,3630,12011,3047,4963,39651,19617,
136635978304,3540,11905,3012,4775,6695,8931,
136636978304,3408,12182,2998,4918,6873,8804,
136638978304,3600,11937,2969,5087,6851,8747,
136642478304,3777,11967,13954,4743,6923,8936,
136644978304,3911,12469,2950,5084,6760,8791,
136645478304,3893,12291,3104,4936,7599,19960,
136645978304,3622,11635,2915,4950,6830,8813,
136646978304,4498,11815,13413,4693,6734,8731,
136647978304,4000,12288,3037,15970,17645,9083,
136648978304,3586,11813,2890,4673,6678,8769,
136649478304,3404,12654,3159,5078,6839,8854,
136649978304,3895,12161,3050,4882,6870,8957,
136650978304,3587,11776,2845,5034,6886,8819,
136651478304,26577,11817,2877,4819,7071,8842,
136651978304,4525,11835,13554,4762,6836,8962,
136652478304,3335,11778,3088,4835,6760,8846,
136653478304,3593,11785,2739,4766,6807,8807,
136655478304,2822,11940,3040,4948,6891,8886,
136656478304,3080,11783,13593,4923,6923,8941,
136659478304,3444,11867,2872,4820,6741,8980,
136660978304,2544,11559,2902,4654,6677,8848,
136661478304,3555,11824,2942,4828,6800,8829,
136662478304,3514,11934,2899,4806,6946,8833,
136663478304,4562,11591,13883,4919,6819,8644,
136663978304,2688,12177,3181,4758,17727,8756,
136664478304,6039,12331,5834,5936,7922,8944,
136664978304,2426,22480,2917,4825,6816,19694,
136665478304,3412,11812,13614,4758,6729,11404,
136665978304,3282,12033,2959,4892,6730,19692,
136666478304,4793,13082,13463,4664,6782,8822,
136666978304,3540,12184,2871,4943,6862,8871,
136668478304,3342,11736,2937,5011,6837,8819,
136670478304,3154,12189,2923,5113,6776,8831,
136671478304,4533,11895,3286,15822,6802,8893,
136671978304,3597,11860,3141,4735,6841,8841,
136673478304,3544,12013,13888,15747,17405,9271,
136676478304,3892,11757,3577,4941,6936,8836,
136679978304,4117,12156,3362,5054,7184,8880,
136680478304,4320,11899,13813,15836,17609,8768,
136680978304,2388,11680,2763,4940,6813,8865,
136681478304,3477,11802,2932,4794,7232,8858,
136681978304,5400,12016,2902,4930,6826,8971,
136682978304,2456,11940,2993,4850,6920,8825,
136684978304,4373,11857,2998,15646,6774,8810,
136685478304,3629,11757,3019,4821,6850,8947,
136686978304,3555,11842,2902,4833,7006,9110,
136687478304,19619,11694,2947,4759,6679,8671,
136687978304,3483,12026,3257,4791,6856,8856,
136688478304,3515,11925,13782,15580,6806,8848,
136689478304,3593,11825,13967,15751,17589,9002,
136689978304,3811,11870,2901,4814,6759,8764,
136690478304,2463,11988,2846,4785,7178,8644,
136691478304,3050,11951,2824,15575,17656,20872,
136693478304,3547,22784,57143,15868,17831,30452,
136694978304,3347,11875,2961,16064,6795,19774,
136695478304,2438,11665,2979,4816,6933,9221,
136696478304,3545,11896,24783,4829,17735,8777,
136696978304,41542,11977,2784,26359,28479,19817,
136697978304,3590,11797,3025,4661,6756,8842,
136698978304,2479,11628,2868,4990,6845,8687,
136699978304,12427,11854,13864,15555,17631,19797,
136700478304,3619,11972,2984,5033,6799,8892,
136701478304,3591,11765,2866,4818,6771,8836,
136701978304,30427,54836,35228,36903,29021,74017,
136702478304,3502,11927,2856,4660,6789,8809,
136703478304,12461,22681,13609,15498,17376,8869,
136704478304,3418,11776,3142,4855,6800,8843,
136705978304,3334,12530,2997,4964,6820,9439,
136706478304,10815,11992,13441,15644,17614,19560,
136706978304,4123,12340,13442,4858,6824,8970,
136707478304,126100,12123,2937,4948,6879,8864,
136707978304,3489,22587,13823,4918,6949,8755,
136708478304,5044,11801,13595,4862,6764,8812,
136708978304,12865,11916,2788,4800,6837,8859,
136709478304,8127,11893,3267,4836,6945,8866,
136709978304,3186,11661,13438,15799,6850,8749,
136710478304,3588,11640,2829,4902,6884,8827,
136711478304,3406,11908,2918,4817,6794,8771,
136713478304,2580,11769,2757,4974,6868,8840,
136715978304,4936,11961,14015,4837,6887,9011,
136716478304,3844,11682,3328,4690,6810,8829,
136716978304,3550,11796,13510,15479,6877,30397,
136717978304,3534,11885,3080,4767,6774,8816,
136718478304,104887,109056,111732,112555,114880,116994,
136719978304,3266,11667,2889,4766,6795,8861,
136720478304,3947,22439,13585,4791,6798,19538,
136720978304,2440,11777,2892,4641,6847,8761,
136721978304,3539,11918,13558,4894,17987,8877,
136722478304,3039,11933,2955,4830,6905,8913,
136724978304,2569,22574,2926,16023,6786,8786,
136726478304,3357,11799,13528,15254,6672,8668,
136727478304,4035,12019,3345,4827,6845,8873,
136727978304,4479,12051,14829,4821,6870,8919,

