,W-0,R-0,R-1,R-2,R-3,R-4,
131484803064,1,1,1,1,1,1,
131486303064,1,2,1,1,1,1,
131487303064,1,2,2,1,1,1,
131488303064,1,1,1,1,1,1,
131489303064,1,2,1,1,1,1,
131489803064,1,1,1,1,1,1,
131490303064,1,1,1,1,1,1,
131490803064,1,2,1,1,1,1,
131491303064,1,2,1,1,1,1,
131491803064,1,2,1,1,1,1,
131493303064,1,2,1,1,1,1,
131494303064,1,1,1,1,1,1,
131494803064,1,2,1,1,1,1,
131495303064,1,2,2,2,2,1,
131495803064,1,2,2,1,1,1,
131496303064,1,1,1,1,1,1,
131496803064,1,2,1,1,1,1,
131497303064,1,2,1,1,1,1,
131498303064,1,2,2,1,1,1,
131498803064,1,2,1,1,1,1,
131499303064,1,1,1,1,1,1,
131499803064,1,1,1,1,1,1,
131500803064,1,2,1,1,1,1,
131501803064,1,2,1,1,1,1,
131502303064,1,2,1,1,1,1,
131504303064,1,2,2,2,1,2,
131504803064,1,2,1,1,1,1,
131505303064,1,2,1,1,1,1,
131505803064,1,2,1,1,1,1,
131506303064,1,2,1,1,1,1,
131508803064,1,2,1,1,1,1,
131509803064,1,1,2,2,2,1,
131510303064,1,2,1,1,1,1,
131510803064,1,2,1,1,1,1,
131511303064,1,2,1,1,1,1,
131511803064,1,2,2,1,1,1,
131512803064,1,2,1,1,1,1,
131513303064,1,1,1,1,1,1,
131513803064,1,2,1,1,1,1,
131515803064,1,2,2,2,1,1,
131516303064,1,1,1,2,1,1,
131517803064,1,2,1,1,1,1,
131518303064,1,2,1,1,1,1,
131518803064,1,1,2,1,1,1,
131519303064,1,2,2,2,2,2,
131520303064,1,1,1,1,1,1,
131521803064,1,2,2,2,1,1,
131522303064,1,2,1,1,1,1,
131522803064,1,2,2,1,1,1,
131523803064,1,1,1,1,1,1,
131525303064,1,2,1,1,1,1,
131526303064,1,2,1,2,2,1,
131527803064,1,2,1,1,1,1,
131528303064,1,2,1,1,1,1,
131529303064,1,2,1,1,1,1,
131529803064,1,2,1,1,1,1,
131531303064,1,2,1,1,1,1,
131531803064,1,1,1,1,1,1,
131532303064,1,1,1,1,1,1,
131532803064,1,2,1,1,1,1,
131534803064,1,2,1,1,1,1,
131536803064,1,2,1,1,1,1,
131537303064,1,2,1,1,1,1,
131538803064,1,2,1,1,1,1,
131540303064,1,2,1,1,1,1,
131542803064,1,1,1,1,1,1,
131543303064,1,2,2,1,1,1,
131544303064,1,1,2,1,1,1,
131544803064,1,2,1,1,1,1,
131545303064,1,2,1,1,1,1,
131546303064,1,2,1,1,1,1,
131548803064,1,2,1,1,1,1,
131549303064,1,2,1,1,1,1,
131550303064,1,2,1,1,1,1,
131550803064,1,2,1,1,1,1,
131551303064,1,2,2,2,2,2,
131551803064,1,1,2,1,1,1,
131553803064,1,1,1,1,1,1,
131554803064,1,2,1,1,1,1,
131557303064,1,1,2,2,1,1,
131558303064,1,2,1,1,1,1,
131558803064,1,2,1,1,1,1,
131561303064,1,2,1,1,1,1,
131561803064,1,2,1,1,1,1,
131562803064,1,2,1,1,1,1,
131565303064,1,2,1,2,1,1,
131566803064,1,2,1,1,1,1,
131567303064,1,2,1,1,1,1,
131567803064,1,2,1,1,1,1,
131568303064,1,1,1,1,1,1,
131568803064,1,1,1,1,1,1,
131569303064,1,2,2,1,1,1,
131569803064,1,2,1,1,1,1,
131571303064,1,1,1,1,1,1,
131571803064,1,1,1,1,2,1,
131572303064,1,2,1,1,1,1,
131574803064,1,1,1,1,1,1,
131575303064,1,1,1,1,1,1,
131576303064,1,2,1,1,1,1,
131577303064,1,2,1,1,1,1,
131577803064,1,2,2,1,1,2,
131578303064,1,2,1,1,1,1,
131578803064,1,2,1,1,1,1,
131581303064,1,2,1,1,1,1,
131583303064,1,2,1,1,2,1,
131583803064,1,2,1,2,1,2,
131584303064,1,1,1,1,1,1,
131584803064,1,2,1,1,1,1,
131585303064,1,2,1,2,1,2,
131585803064,1,2,1,1,1,1,
131587303064,1,2,1,1,1,1,
131588303064,1,2,1,1,1,1,
131588803064,1,2,1,2,1,2,
131589303064,1,2,2,1,2,2,
131589803064,1,2,1,1,1,1,
131591303064,1,1,1,1,1,1,
131591803064,1,2,1,1,1,1,
131592803064,1,2,1,1,1,1,
131594803064,1,2,1,2,1,1,
131595803064,1,2,1,1,1,1,
131596803064,1,2,1,1,1,1,
131597803064,1,2,1,1,1,1,
131598303064,1,2,1,1,1,1,
131599803064,1,2,2,1,1,1,
131602303064,1,2,1,1,1,2,
131603303064,1,2,1,1,1,1,
131605803064,1,1,1,1,1,1,
131606303064,1,1,1,1,1,1,
131606803064,1,2,1,1,1,1,
131607303064,1,2,2,1,1,1,
131608803064,1,2,1,1,1,1,
131609303064,1,2,1,1,1,1,
131609803064,1,1,1,1,1,1,
131611803064,1,2,1,1,1,1,
131613303064,1,2,1,1,1,1,
131613803064,1,1,1,1,1,1,
131614303064,1,2,2,2,1,1,
131614803064,1,1,2,2,1,1,
131615303064,1,1,1,1,1,1,
131615803064,1,2,1,1,1,1,
131616303064,1,2,2,2,1,1,
131617803064,1,1,1,1,1,1,
131618803064,1,2,1,1,1,1,
131619303064,1,2,1,1,1,1,
131619803064,1,2,1,1,1,1,
131620303064,1,1,2,2,1,1,
131621303064,1,2,1,1,1,1,
131622303064,1,2,2,1,1,1,
131623303064,1,1,1,1,1,1,
131623803064,1,1,1,1,1,2,
131624303064,1,2,1,1,2,1,
131626803064,1,2,1,1,1,1,
131628803064,1,2,1,1,1,1,
131630303064,1,2,1,1,1,1,
131632303064,1,1,1,1,2,1,
131632803064,1,2,1,1,1,1,
131633803064,1,2,2,1,1,1,
131634803064,1,2,1,1,1,1,
131635303064,1,2,1,1,1,1,
131635803064,1,2,1,1,1,1,
131638303064,1,2,1,1,1,1,
131639303064,1,2,1,1,1,1,
131640803064,1,2,2,1,1,1,
131643303064,1,2,1,1,1,1,
131644803064,1,2,1,1,1,1,
131646303064,1,2,2,1,1,1,
131647803064,1,2,1,1,1,1,
131649303064,1,2,1,1,1,1,
131649803064,1,2,1,1,1,1,
131650303064,1,2,1,2,1,1,
131650803064,1,1,1,1,1,1,
131651303064,1,2,1,1,1,1,
131652303064,1,2,1,1,1,1,
131652803064,1,2,1,1,1,1,
131653303064,1,2,2,2,1,1,
131654303064,1,2,1,1,1,1,
131656303064,1,1,1,1,1,1,
131657303064,1,2,1,1,1,1,
131660303064,1,1,1,1,1,1,
131660803064,1,1,1,1,1,1,
131661803064,1,2,1,1,1,1,
131663303064,1,2,1,1,1,1,
131663803064,1,2,1,1,1,1,
131664303064,1,1,2,2,2,1,
131664803064,1,2,1,1,1,1,
131665803064,1,1,2,2,1,2,
131666803064,1,1,1,1,1,1,
131667303064,1,1,1,1,1,1,
131668303064,1,2,2,1,2,1,
131669803064,1,2,2,1,1,1,
131670303064,1,2,1,1,2,2,
131671303064,1,2,1,1,1,1,
131671803064,1,1,2,1,1,1,
131672303064,1,2,1,1,1,1,
131672803064,1,2,1,1,1,1,
131674803064,1,2,1,1,1,1,
131675303064,1,1,1,1,1,1,
131676803064,1,1,1,2,1,1,
131677303064,1,2,1,1,1,1,
131677803064,1,2,1,1,1,1,
131679803064,1,2,1,1,1,1,
131680803064,1,2,2,2,1,2,
131684803064,1,2,2,1,1,1,
131685303064,1,2,1,1,1,1,
131686303064,1,2,1,1,1,1,
131686803064,1,2,1,1,1,1,
131687803064,1,2,1,1,1,1,
131688303064,1,1,1,1,1,1,
131688803064,1,2,1,1,1,1,
131689803064,1,2,1,1,2,1,
131690303064,1,1,1,1,1,1,
131691803064,1,2,1,1,1,1,
131692303064,1,2,1,1,1,1,
131693803064,1,2,1,1,1,1,
131694303064,1,2,1,1,1,1,
131694803064,1,2,1,1,1,1,
131695803064,1,1,1,1,1,1,
131696803064,1,2,1,1,1,1,
131698303064,1,2,2,2,1,1,
131699303064,1,2,2,1,1,1,
131701303064,1,1,1,1,1,1,
131701803064,1,2,1,1,1,1,
131702303064,1,2,1,1,1,1,
131702803064,1,2,1,1,1,1,
131703803064,1,2,1,1,1,1,
131704303064,1,1,1,1,1,1,
131704803064,1,1,2,2,1,1,
131705303064,1,1,1,1,1,1,
131705803064,1,1,1,1,1,1,
131706303064,1,2,1,1,1,1,
131708303064,1,2,2,1,1,1,
131709303064,1,2,2,2,1,2,
131710803064,1,2,1,1,1,2,
131713303064,1,2,1,1,1,1,
131713803064,1,2,2,1,1,1,
131714303064,1,2,2,2,2,1,
131715803064,1,2,2,1,1,1,
131716303064,1,1,1,1,1,1,
131717303064,1,2,2,1,1,1,
131718303064,1,1,1,1,1,1,
131718803064,1,2,1,1,1,1,
131719303064,1,2,2,2,1,1,
131719803064,1,2,1,1,1,1,
131720303064,1,2,1,1,1,1,
131720803064,1,2,1,1,1,1,
131721303064,1,1,1,1,1,1,
131721803064,1,2,1,1,1,1,
131722303064,1,2,1,1,1,1,
131722803064,1,2,1,1,1,1,
131723803064,1,1,1,1,1,1,
131724303064,1,2,1,1,1,1,
131724803064,1,2,2,1,1,1,
131725803064,1,1,1,1,2,1,
131726303064,1,2,1,1,1,1,
131727303064,1,2,1,1,1,1,
131727803064,1,2,1,1,1,1,
131728303064,1,1,1,1,1,1,
131728803064,1,2,1,1,1,1,
131729803064,1,2,1,1,1,1,
131730303064,1,1,1,1,1,1,
131730803064,1,1,1,1,1,1,
131731303064,1,1,1,1,1,1,
131733803064,1,2,1,1,1,1,
131734303064,1,1,1,1,1,1,
131736303064,1,1,1,1,1,1,
131738803064,1,1,2,1,1,1,
131742303064,1,1,1,1,1,1,
131742803064,1,1,1,1,1,1,
131744303064,1,1,1,1,1,2,
131744803064,1,1,1,2,1,1,
131745303064,1,2,1,1,1,1,
131746803064,1,2,1,1,2,2,
131747303064,1,2,1,1,1,1,
131748303064,1,2,1,1,1,1,
131749303064,1,2,1,1,1,1,
131749803064,1,2,1,1,1,1,
131750303064,1,2,1,1,1,1,
131750803064,1,2,1,1,1,1,
131752303064,1,2,1,1,1,1,
131753303064,1,2,2,1,1,1,
131753803064,1,2,2,1,1,1,
131754803064,1,1,2,1,1,1,
131755803064,1,1,1,1,1,1,
131756303064,1,1,1,1,1,1,
131756803064,1,2,1,1,1,1,
131759803064,1,2,1,1,1,1,
131760803064,1,1,1,1,1,1,
131762303064,1,2,2,1,1,1,
131763303064,1,1,1,1,1,2,
131764303064,1,1,1,1,1,1,
131765803064,1,2,1,1,1,1,
131766303064,1,1,1,1,1,1,
131766803064,1,2,1,1,1,1,
131769303064,1,2,1,1,1,1,
131769803064,1,2,1,1,1,1,
131771303064,1,2,1,1,1,1,
131771803064,1,1,1,2,1,1,
131772303064,1,2,1,1,1,1,
131773803064,1,1,1,1,1,1,
131774303064,1,2,1,1,1,1,
131774803064,1,2,1,1,1,1,
131775803064,1,2,1,1,1,1,
131778803064,1,2,1,1,1,1,
131779303064,1,2,1,1,1,1,
131780303064,1,2,1,1,1,1,
131780803064,1,2,1,1,1,1,
131782303064,1,1,1,1,1,1,
131783303064,1,2,1,1,1,1,
131784803064,1,1,1,1,1,1,
131785303064,1,2,2,1,1,1,
131785803064,1,1,1,1,1,1,
131788303064,1,2,1,1,1,1,
131789303064,1,2,1,1,1,2,
131789803064,1,1,1,1,1,1,
131790803064,1,2,2,1,1,1,
131793803064,1,2,2,2,2,1,
131794303064,1,2,1,2,2,2,
131795303064,1,2,1,2,2,1,
131796803064,1,2,1,1,2,2,
131798803064,1,2,1,1,1,1,
131799303064,1,2,1,1,1,1,
131800803064,1,2,1,1,1,1,
131801803064,1,1,1,1,1,1,
131802303064,1,1,1,1,1,2,
131803303064,1,2,1,1,1,1,
131805303064,1,2,2,1,2,1,
131805803064,1,2,1,1,1,1,
131807303064,1,2,1,1,1,1,
131807803064,1,2,1,1,1,2,
131808803064,1,2,1,1,1,1,
131810303064,1,2,2,1,1,1,
131811303064,1,1,2,1,1,1,
131813303064,1,1,2,1,1,1,
131813803064,1,1,1,1,1,1,
131814303064,1,2,1,1,1,1,
131815303064,1,2,1,1,1,1,
131817803064,1,1,1,1,1,1,
131823803064,1,2,1,1,1,1,
131824303064,1,2,2,1,1,1,
131825303064,1,2,1,1,1,2,
131825803064,1,2,1,1,1,1,
131828803064,1,2,1,1,1,1,
131830303064,1,2,1,1,1,1,
131830803064,1,2,2,1,1,1,
131831303064,1,2,1,1,1,1,
131831803064,1,2,1,1,1,1,
131832303064,1,2,2,1,1,1,
131832803064,1,2,1,1,1,1,
131835303064,1,1,2,2,1,1,
131837303064,1,2,1,1,1,1,
131837803064,1,2,2,1,1,1,
131838803064,1,2,2,1,1,2,
131839303064,1,2,1,1,1,1,
131839803064,1,1,1,1,1,1,
131840303064,1,1,1,1,1,1,
131840803064,1,1,1,1,1,1,
131841803064,1,2,1,1,1,1,
131842303064,1,2,2,1,1,1,
131842803064,1,1,1,1,1,1,
131843803064,1,1,1,1,1,1,
131844303064,1,2,1,1,1,1,
131844803064,1,2,1,1,1,1,
131846803064,1,2,1,1,1,1,
131848303064,1,1,1,1,1,1,
131848803064,1,2,1,1,1,1,
131849803064,1,1,1,1,1,1,
131850303064,1,2,1,1,2,2,
131851803064,1,2,1,1,1,1,
131852803064,1,2,1,1,1,1,
131854303064,1,2,1,1,1,1,
131855303064,1,2,1,1,1,2,
131855803064,1,2,1,1,1,1,
131856303064,1,2,1,1,2,1,
131858803064,1,2,1,1,1,1,
131859303064,1,2,1,2,2,1,
131860303064,1,1,1,1,1,1,
131860803064,1,2,1,1,1,1,
131862303064,1,1,1,1,1,1,
131863303064,1,2,1,1,1,1,
131865303064,1,1,2,1,2,2,
131868803064,1,1,2,2,2,2,
131871303064,1,1,1,1,1,1,
131871803064,1,2,1,1,1,1,
131872303064,1,1,1,1,1,1,
131873303064,1,2,1,2,1,1,
131874303064,1,2,1,1,1,1,
131875303064,1,1,1,1,1,1,
131875803064,1,2,1,1,1,2,
131876303064,1,1,2,2,2,1,
131877303064,1,2,2,1,1,1,
131877803064,1,2,1,1,1,1,
131878303064,1,2,1,1,1,1,
131878803064,1,2,1,1,1,1,
131879803064,1,2,1,1,1,1,
131881803064,1,2,1,1,1,1,
131882803064,1,2,1,1,1,1,
131885803064,1,2,1,1,1,1,
131887303064,1,2,1,1,1,1,
131887803064,1,2,1,1,1,1,
131888803064,1,1,1,1,1,1,
131889803064,1,1,1,1,2,1,
131890303064,1,1,2,1,1,1,
131890803064,1,2,1,1,1,1,
131891303064,1,2,1,1,1,1,
131891803064,1,2,1,1,1,1,
131892303064,1,2,1,1,1,1,
131892803064,1,2,1,1,1,1,
131893303064,1,1,1,1,1,1,
131894803064,1,2,1,1,1,1,
131896803064,1,2,1,1,1,1,
131897803064,1,1,1,1,1,1,
131898303064,1,2,1,1,1,1,
131899803064,1,2,1,1,1,1,
131902803064,1,2,1,1,1,1,
131906303064,1,2,1,1,1,1,
131906803064,1,2,1,1,1,1,
131907303064,1,2,1,1,1,1,
131907803064,1,2,2,2,2,2,
131908303064,1,2,1,1,1,1,
131909303064,1,1,1,1,1,1,
131911303064,1,2,1,1,1,1,
131911803064,1,2,2,1,2,2,
131913303064,1,1,1,1,1,1,
131913803064,1,2,1,1,1,1,
131914303064,1,2,2,1,1,1,
131914803064,1,2,1,1,1,1,
131915803064,1,1,2,1,1,1,
131916303064,1,1,1,1,1,1,
131916803064,1,2,1,2,2,1,
131917803064,1,1,1,1,1,1,
131919803064,1,1,1,1,1,1,
131921303064,1,1,1,1,1,1,
131921803064,1,2,1,1,1,1,
131922803064,1,1,2,2,2,2,
131923303064,1,2,2,1,1,1,
131924303064,1,2,1,1,1,1,
131925303064,1,2,2,1,2,1,
131926303064,1,2,2,2,2,1,
131926803064,1,2,1,1,1,1,
131927803064,1,2,2,2,2,1,
131928303064,1,2,2,2,1,2,
131928803064,1,2,2,1,1,2,
131929803064,1,2,1,1,1,1,
131930803064,1,2,1,1,1,1,
131932303064,1,2,2,2,2,2,
131932803064,1,2,1,1,1,1,
131933303064,1,2,1,1,1,1,
131933803064,1,2,1,1,1,1,
131934303064,1,2,1,2,1,2,
131934803064,1,2,2,2,1,1,
131935303064,1,2,1,2,2,1,
131935803064,1,2,1,2,1,1,
131936303064,1,2,1,1,1,1,
131936803064,1,2,1,1,1,1,
131937803064,1,1,1,1,1,1,
131939803064,1,2,1,1,1,1,
131942303064,1,2,2,1,1,1,
131942803064,1,2,1,1,1,1,
131943303064,1,2,1,1,1,1,
131944303064,1,1,2,1,1,1,
131944803064,1,2,1,1,1,1,
131946303064,1,2,1,1,1,1,
131946803064,1,1,1,1,1,1,
131947303064,1,2,2,2,2,1,
131948303064,1,2,1,1,1,1,
131948803064,1,2,2,2,1,2,
131951303064,1,2,2,2,2,2,
131952803064,1,2,1,2,2,1,
131953803064,1,2,1,1,1,1,
131954303064,1,2,2,1,2,2,

