,W-0,R-0,R-1,R-2,R-3,R-4,
134467828070,9000,9202,21150,14921,9912,11099,
134469328070,4679,12891,4140,5267,7173,9025,
134470328070,4163,12606,3881,5370,7144,12092,
134471328070,3124,12167,2875,4995,7106,9032,
134472328070,3777,12347,2929,5055,7011,9121,
134472828070,3892,12449,2984,5007,7003,9058,
134473328070,23245,12134,3236,5190,7293,9204,
134473828070,6520,12341,14266,5254,6896,8894,
134474328070,4069,47889,3100,4927,7118,9219,
134474828070,5688,12478,35740,5120,62009,19799,
134476328070,10230,13139,3013,5113,7068,9205,
134477328070,33673,12473,25054,16276,18162,30829,
134477828070,3652,12419,3136,5054,7219,9385,
134478328070,300000,12635,13877,15974,7247,9122,
134478828070,292044,294047,299873,294453,292185,299589,
134479328070,50187,23874,19369,16087,18195,20184,
134479828070,300000,12328,2972,4876,6981,8995,
134480328070,8544,12180,35569,37602,18046,19999,
134481328070,3439,12238,3022,4922,6914,8854,
134481828070,3227,12724,3070,5195,6867,8913,
134482328070,3120,11834,3346,4919,7140,9086,
134482828070,4781,12360,13795,16104,17812,19813,
134483828070,4535,12147,13757,4987,17664,8871,
134484828070,3661,12320,3176,4845,6916,8821,
134485328070,14241,12020,2862,15841,17739,8852,
134487328070,3491,11979,3055,4900,6859,8845,
134487828070,2504,12183,2835,4906,6822,9282,
134488328070,3044,12354,26629,26854,18038,19874,
134488828070,3222,23038,2921,4901,6827,19842,
134489328070,3655,12195,3037,4980,7107,8845,
134491828070,3549,12235,3265,5086,7097,9042,
134492828070,3059,12694,3197,5138,7017,8810,
134493328070,5226,12268,14015,4858,6888,8922,
134493828070,15013,12617,3025,4869,6781,8777,
134494328070,2509,11881,24675,4856,17723,8819,
134494828070,3575,12582,3214,4973,6852,8872,
134495828070,4123,12027,3078,5073,6889,8905,
134496328070,8559,23473,14070,4881,6915,20430,
134496828070,3785,12303,3059,5015,17825,9036,
134498828070,3544,12262,13900,4877,18082,8822,
134499328070,4670,12137,13771,5022,6888,9031,
134500828070,3562,12593,3103,4916,7018,9380,
134501328070,3683,12106,3110,5152,7070,9108,
134501828070,3976,12335,4463,5082,7993,8836,
134502328070,2601,23719,2819,4798,18113,8868,
134503328070,4574,12042,13629,4923,6895,8796,
134504828070,248035,12170,3165,4853,6828,8834,
134505328070,4835,12768,3216,16170,6903,9198,
134505828070,3521,12161,3037,4898,6853,8759,
134506828070,3611,12213,3040,5106,7037,8994,
134508328070,3622,12411,13784,16169,7023,9007,
134509328070,27813,12101,2851,5115,7066,8912,
134510828070,5120,12100,13710,4903,7722,9645,
134511328070,34757,12247,13888,5085,7035,9128,
134512328070,3580,11844,3111,5515,6843,9019,
134512828070,2733,12107,3048,4898,6843,8809,
134514328070,3705,23074,14130,4873,6776,8911,
134514828070,7169,12236,2853,4880,7097,8903,
134515328070,2544,12074,2842,4820,6980,9118,
134515828070,5073,11903,14040,17501,7022,8832,
134517828070,3874,12173,2987,4787,6781,8824,
134519828070,3729,12200,13910,5092,7011,19715,
134520328070,8474,12375,2987,5104,7202,9003,
134521828070,3514,11999,2891,4859,6785,8852,
134523328070,7708,12567,2992,8417,9232,9091,
134525828070,3311,11669,2821,4684,6758,8742,
134526328070,2652,12031,2803,5033,6744,8857,
134527328070,3658,12494,3112,4991,6912,8904,
134527828070,4604,12316,13606,4785,6797,9386,
134528328070,3613,11794,13835,4981,6988,9012,
134529328070,4576,12286,13688,4791,7053,8981,
134531828070,10872,11994,13853,15665,17573,19798,
134532328070,3667,12130,3037,5388,18086,8910,
134533328070,43094,12096,2872,15608,17634,8846,
134533828070,3871,12320,3063,4864,7097,9227,
134534328070,47781,57242,57691,49153,51072,52800,
134534828070,17009,12115,13842,4873,7053,8819,
134536828070,4250,12062,4016,5213,6800,8975,
134537828070,11575,12547,3188,5035,6983,8976,
134540328070,4521,11890,13758,5050,7055,8989,
134541328070,4008,12021,2987,5166,6924,9006,
134541828070,2666,11672,2851,4903,7090,9380,
134544328070,3452,11978,3027,4980,6858,8979,
134544828070,3588,11993,3025,5116,6980,9038,
134545828070,2634,12081,2844,4888,6925,8964,
134548328070,3491,12212,2917,4851,6901,9007,
134549828070,3484,14308,2865,4861,7393,14688,
134550328070,3493,11810,3032,4971,6857,8809,
134550828070,3518,23372,2999,4906,17872,19903,
134551328070,3442,11874,2993,5002,6843,9027,
134551828070,3698,12100,3015,4836,6784,8755,
134552328070,2519,12088,2847,26275,17615,30188,
134552828070,6115,12278,3022,5193,7653,9051,
134554328070,78410,11804,3211,4775,6841,8742,
134554828070,4074,11909,2864,4977,6999,9060,
134555328070,25531,44752,47565,48418,28785,19767,
134557828070,3519,12067,2909,4915,7020,8873,
134558328070,2699,11876,2908,4849,6866,8919,
134559328070,3688,11986,3112,37040,17567,8835,
134560328070,3618,44587,24538,37660,6838,41159,
134560828070,9394,12241,14647,16103,17728,8779,
134561328070,4690,11847,2882,4839,6991,8765,
134561828070,3390,12058,2958,4822,7064,8875,
134564328070,3458,11888,2800,37214,17616,9011,
134566328070,3583,12103,2892,5008,7056,8740,
134566828070,3648,12109,2926,4792,6762,8918,
134567328070,3580,11974,2843,4753,6924,8735,
134567828070,51202,78270,68765,58866,60845,63672,
134568328070,4662,11908,13700,4899,6861,10527,
134568828070,2544,11911,2773,4857,7012,9834,
134570328070,5982,12044,13905,4839,6720,8760,
134571328070,5120,11878,14095,4739,6920,8827,
134571828070,3554,12209,2778,4802,6902,8862,
134572328070,3609,11778,2999,4810,6982,8910,
134572828070,3600,12200,4396,26479,28556,30527,
134574328070,9033,22725,24717,4879,6885,8793,
134574828070,3443,12002,3218,4869,6706,8707,
134575828070,3604,12141,2876,4855,6897,8987,
134577828070,3359,11890,2862,4871,6961,9312,
134578828070,5021,12343,14158,4805,6829,8858,
134579828070,3034,12044,2811,4854,6756,8740,
134580828070,4441,11912,13737,4858,6981,8968,
134581328070,3364,11850,3014,4793,6899,8996,
134582828070,2610,11801,2815,4711,6898,8777,
134585328070,17152,11928,13752,4860,6858,8928,
134586328070,7175,12029,13844,15726,7090,8913,
134588828070,4630,12139,14172,5061,6862,8990,
134589328070,5841,12058,13666,4776,6814,8871,
134589828070,4917,11766,13622,5154,7121,8910,
134590328070,3826,12057,2900,4804,6928,9346,
134591828070,4574,12278,13912,4788,7041,8832,
134592328070,4980,11779,14085,4730,6917,8823,
134592828070,3518,12054,14177,15901,6832,19654,
134594828070,5617,12162,13767,16707,6892,8808,
134596328070,7135,14908,15283,15634,7028,9134,
134596828070,4472,12237,13852,4870,6871,8760,
134597328070,5568,12039,3046,5041,6877,8783,
134597828070,191518,11708,2805,4852,6913,8865,
134598328070,5073,11638,13786,4920,6788,8784,
134598828070,4076,12328,3264,5277,6991,8838,
134599328070,4294,11974,3191,5064,6859,8838,
134600828070,3992,11710,2864,4749,6736,8755,
134601828070,6453,12189,2902,5089,6964,8979,
134602328070,2560,11880,3013,4868,7101,8738,
134602828070,3477,14494,2857,5167,6890,20068,
134603328070,3525,11764,3148,5028,7063,8754,
134604328070,3132,12343,3010,5261,7004,9120,
134605328070,4437,12046,13568,4757,7130,8825,
134606328070,2600,11997,3057,5028,6828,8858,
134606828070,3412,11886,2919,5564,6888,8761,
134607328070,5054,12679,13904,4966,7004,8899,
134609828070,3605,12182,2838,4905,7119,8790,
134611828070,3978,12661,3044,15871,17783,8820,
134613328070,5323,12001,13794,4797,6849,8881,
134615328070,96755,98413,100154,102041,104624,105540,
134615828070,6106,12211,13904,6456,7149,8836,
134616828070,3700,12033,3064,4895,6744,8820,
134617828070,4899,12217,14182,4810,6878,8836,
134618328070,3688,33685,35174,4889,6897,8911,
134618828070,2563,12024,2838,4739,6768,8788,
134621328070,3838,12371,2890,4829,6808,8828,
134622328070,3246,11874,2873,4777,6977,8891,
134623828070,3649,12151,2913,16091,7049,8827,
134626328070,2545,11909,3187,5489,7235,8876,
134627828070,37891,11860,2920,5065,7019,9113,
134629328070,3473,34023,2813,15598,6684,30435,
134630828070,300000,320359,337695,347607,310919,322278,
134632328070,3708,11771,2870,4737,7241,8867,
134632828070,49916,55080,57124,59132,61215,51744,
134633328070,3547,12094,2896,4988,6829,8758,
134633828070,7211,11794,7703,7827,7526,8866,
134634328070,7597,12583,2803,5010,7247,8910,
134635328070,12307,12432,14188,16020,17926,19860,
134635828070,3106,11570,2827,5028,6784,8786,
134636328070,4514,15068,4326,4986,6882,8924,
134637328070,3005,12028,2752,5048,6766,8875,
134639328070,3466,11845,2870,4842,6784,8815,
134640328070,3667,12114,13627,4773,6712,8772,
134643328070,4881,12331,14137,4758,6774,8707,
134643828070,3488,12246,3089,4993,6906,8858,
134644828070,3462,11978,3159,4839,6782,8907,
134646328070,40807,47440,46700,47188,44688,46806,
134646828070,3536,11809,3071,5169,6851,8833,
134647328070,3694,12181,3010,5094,7007,8787,
134647828070,4501,12036,3410,4976,6972,8813,
134648828070,4382,11920,3192,4781,6792,8846,
134649828070,4521,14681,4410,4782,6751,8698,
134650328070,2584,11730,3084,4876,6895,8716,
134651328070,3733,11825,3192,4817,6911,8896,
134652828070,3790,11594,2815,5045,6786,8794,
134653328070,3460,12054,2896,4985,6903,8779,
134654328070,3719,13491,3096,5071,6968,8980,
134654828070,52474,12246,3050,5137,6997,9535,
134655328070,12031,11643,3053,4741,6871,8766,
134655828070,3431,12606,2842,4858,6990,8747,
134657828070,64418,65802,78249,69528,93088,62297,
134658328070,6152,12395,46642,5014,17907,30556,
134659828070,3893,12210,3088,4856,7118,8905,
134660328070,3522,23637,13766,4883,17878,30570,
134660828070,2993,11741,2742,4834,6969,8742,
134662828070,300000,11880,3092,4802,6747,8785,
134663828070,NULL,NULL,NULL,NULL,NULL,NULL,
134667828070,3439,12027,2832,5656,7068,8809,
134668328070,4543,11722,13630,4826,6822,9159,
134669328070,72255,11977,2850,4691,6891,8929,
134669828070,2597,11805,2907,5464,6703,8693,
134670828070,84271,12056,2989,5310,6720,8831,
134671328070,34510,33686,35969,37285,40029,31441,
134671828070,3666,12134,2788,4811,7027,9182,
134672828070,4607,11627,13735,5008,6800,8818,
134673328070,3420,12096,2848,5022,6904,8806,
134674828070,3527,12011,2806,15663,6915,8963,
134675328070,16118,22809,34742,26276,28320,19685,
134676828070,5232,11892,2715,4754,7053,8762,
134677328070,3356,12102,2831,4719,6868,9466,
134677828070,6541,12832,13821,5078,7148,8986,
134678828070,3542,11777,2858,4875,6896,9018,
134679828070,8619,11988,2912,5023,6806,8777,
134681328070,44905,11715,2819,15724,6781,9214,
134682328070,3436,11844,2922,4753,6820,8784,
134684328070,60283,68855,68587,59392,61866,64119,
134684828070,193440,195548,206590,199598,202439,202304,
134685328070,29885,33202,57304,58610,38665,73801,
134685828070,3753,11772,3355,4984,6852,8727,
134686828070,3454,12112,2923,4831,6824,8907,
134687328070,3460,12081,2974,5109,6996,8900,
134687828070,153504,154428,154633,156127,158686,161125,
134688328070,9789,11982,2812,4987,6883,9109,
134688828070,3318,11923,13814,15800,6825,8904,
134689328070,3509,11679,2722,4797,6739,8682,
134691328070,3411,12162,13570,4801,17818,19501,
134692328070,4460,12012,13638,4845,6799,8716,
134693828070,3642,11971,2869,15873,6997,8861,
134696328070,3979,11769,2919,4924,7014,8839,
134696828070,3342,11993,3143,4841,7746,9473,
134697328070,4502,13039,2814,4713,6735,9254,
134698828070,3402,12086,2890,5198,6866,8748,
134699328070,3556,12007,3115,5064,7048,8873,
134700328070,3314,11665,2877,4791,6776,8836,
134701328070,3733,11803,2780,4827,6844,8856,
134701828070,4170,12045,3077,5171,6882,8928,
134702328070,3451,11804,13598,5310,6991,8821,
134702828070,3563,11872,3136,4995,7307,8827,
134703328070,5752,13282,13715,15558,6832,8716,
134703828070,2417,11736,2781,4874,6850,8707,
134704328070,4736,11913,14806,5149,17511,19476,
134704828070,4449,12663,14104,5000,6815,8777,
134705328070,6802,11579,3912,4833,6700,8695,
134705828070,4592,11736,13533,4844,6881,8760,
134706828070,5224,11548,13592,15658,17698,19531,
134707328070,3477,11669,2746,15833,17645,9104,
134707828070,3482,12176,3000,4759,6794,8927,
134708828070,4589,11778,13461,4738,6714,9093,
134709328070,2458,11812,2749,5070,6926,8883,
134710328070,3539,11721,2974,4835,6712,8713,
134710828070,3316,12174,3433,4856,6739,8820,
134711328070,4436,11709,13516,4817,6857,8790,
134711828070,3093,12972,2833,5009,6798,8729,
134712828070,3349,11599,2817,4823,6868,8768,
134713328070,8363,11852,13840,4882,6861,8876,
134713828070,4420,11759,13518,4986,6876,8783,
134714328070,4909,11901,13596,5012,6769,8676,
134716828070,3549,12415,14180,15453,6809,9614,
134717328070,3526,12037,3029,4851,6706,8895,
134719328070,4518,11680,13647,4977,18365,19557,
134721828070,3388,11664,2819,4691,6759,8636,
134725328070,140431,12588,3330,16147,7304,8988,
134725828070,3211,12682,2869,5106,6796,8786,
134727328070,4688,12635,13514,4833,6974,8887,
134727828070,4514,11747,13767,5009,6966,8850,
134728328070,2522,11871,2918,4922,7075,8706,
134729828070,3621,11904,3150,15712,6811,8992,
134730328070,3451,11797,2990,4768,6825,8795,
134731328070,3564,12065,13894,4891,17795,8887,
134732328070,3073,12461,2801,4788,6777,9003,
134732828070,2442,11801,2687,4808,6808,9065,
134733328070,3432,11813,2866,36904,28179,19366,
134733828070,3687,12320,15158,15686,17623,8853,
134735328070,11547,11774,2908,4971,6719,19552,
134736328070,3113,11990,2845,4798,6911,8761,
134736828070,3385,12007,2910,15587,17607,8793,
134737828070,4986,11717,13567,4742,6791,8687,
134738828070,2572,11836,2858,4693,6770,8775,
134739328070,3464,11838,3612,4989,6857,8842,
134739828070,2601,11929,2840,4771,6891,8826,
134742828070,3526,11546,2837,4781,7086,8826,
134743828070,4538,11688,13521,4856,6722,8801,
134745328070,10977,12479,25199,5311,17926,9119,
134746328070,3334,11583,2826,4727,6734,8709,
134747328070,3597,12150,2918,4845,6789,8725,
134748828070,5025,12058,2990,5088,7029,8813,
134749328070,4526,12045,13642,4904,6811,9188,
134749828070,8059,33824,13500,15630,39169,8741,
134752328070,3565,11881,2799,5058,7643,8655,
134752828070,3461,11991,2814,4911,6880,9098,
134754328070,2848,11772,2748,4775,6780,8754,
134754828070,3048,11637,2778,5030,6790,8785,
134755328070,3091,11747,2911,4770,6718,8809,
134756828070,3330,11925,2908,4673,6855,9618,
134757328070,91430,12171,2897,4788,6853,8804,
134757828070,2741,12333,3019,4726,17757,8918,
134758828070,45504,12109,2918,5001,6738,9091,
134761828070,4583,12013,13550,4784,6644,19803,
134762328070,3656,11661,2837,4686,6761,8673,
134763328070,4962,11915,14109,4720,6769,8649,
134763828070,3618,12242,2841,4929,7029,8849,
134765328070,11829,22873,13661,26497,17653,19615,
134766328070,3585,12013,2854,4794,6715,8788,
134767828070,4877,11782,13531,4758,6669,8775,
134768328070,3539,12536,3005,5087,6796,8746,
134768828070,4460,11999,13697,4920,6763,8828,
134771328070,5102,11759,2794,4717,6740,9615,
134772328070,4378,13291,13660,4823,6834,8833,
134772828070,4504,11835,13552,4915,6903,8669,
134773828070,3491,12057,2915,4828,6915,9080,
134776828070,4797,11825,13805,5004,6805,8913,
134777328070,3397,12703,2816,4821,7120,8856,
134778328070,3500,11804,3225,4661,6652,8750,
134779828070,3549,11769,3287,4809,6714,8688,
134781828070,3643,23073,13594,15466,6905,8846,
134782328070,3729,12011,2769,4766,6851,8900,
134783828070,3534,11776,3261,4890,6790,8826,
134784828070,3684,12037,2814,15653,7085,9039,
134785328070,4544,22683,13620,15579,7051,19536,
134786328070,132732,11920,2714,4709,6703,8741,
134788328070,3841,12406,2851,4922,6887,8784,
134788828070,3278,11783,2927,4788,6693,9091,
134790328070,3278,11897,2801,4722,6744,8719,
134790828070,3474,12283,2997,4752,7149,9077,
134791828070,3599,13420,13833,4971,7154,19842,
134793328070,3864,12036,2901,26626,7009,8907,
134794328070,4569,12197,14012,4722,7222,8845,
134796328070,3331,11971,13470,4682,6744,8791,
134796828070,2729,12247,3637,4868,6905,8785,
134797328070,3546,11752,2735,4690,7115,9329,
134798328070,3468,11713,2887,4695,6701,8663,
134800828070,3883,12067,3162,4897,6745,8853,
134806828070,3713,11868,3078,15919,7246,8903,
134807328070,3446,12210,13642,15549,6994,8789,
134808328070,5977,12073,13980,4876,6901,19676,
134808828070,4083,12295,13760,4784,6793,8693,
134811828070,4969,12609,13613,4828,7068,8751,
134813328070,3298,12227,2917,4818,7132,8796,
134813828070,3046,11889,2892,5234,7273,8972,
134814328070,4981,11921,13664,4774,6777,8748,
134814828070,3782,11485,3112,4690,6737,8673,
134815328070,9255,11861,14538,15659,7034,9393,
134815828070,9560,11746,13842,16087,17594,8819,
134818328070,4844,16065,4799,5034,6892,8748,
134820328070,7662,12085,14132,5073,17563,8768,
134820828070,3178,12242,2881,4837,6777,9010,
134821828070,4583,33638,24406,4802,17549,8758,
134822328070,6116,12613,13756,4817,7014,8787,
134822828070,3448,11766,2897,4814,6828,8785,
134823328070,6688,12088,13593,4812,6852,8696,
134823828070,4116,12554,2844,4808,6705,8760,
134824828070,3579,12007,2870,4839,6722,9014,
134825328070,3424,11607,3010,4709,6733,9041,
134825828070,3670,12066,3131,4984,7717,8988,
134826828070,11483,12709,3006,15581,6798,19688,
134827328070,3460,12206,13777,5041,6797,8774,
134827828070,4800,12356,13807,5005,6989,8824,
134829828070,12381,22611,24508,15403,28585,30744,
134831328070,112488,11808,2753,4693,6730,8781,
134831828070,2379,11833,2840,15374,6754,8815,
134832828070,11323,12838,3028,5082,6875,8874,
134833328070,2788,11803,3000,5737,7120,8724,
134834828070,3567,11676,3059,5064,7074,9027,
134835828070,3324,11887,2880,4798,6786,8691,
134837328070,17339,23002,15057,15688,17883,52589,
134838328070,3628,11873,2784,4704,6803,8872,
134838828070,2465,11964,3026,4825,7075,9185,
134839328070,4435,12090,13752,4769,7252,8752,
134841828070,18214,12177,2927,4984,6986,8882,
134842328070,3103,11844,2818,4773,6860,8873,
134843328070,3132,12841,2779,4676,6717,8647,
134843828070,3200,11817,2811,4778,6850,8824,
134845328070,2648,11965,2802,4720,6827,8731,
134846328070,2509,11723,2675,4804,6798,8826,
134848328070,2905,11852,2712,26342,28681,19364,
134851828070,3477,11816,2854,4732,6900,8841,
134854328070,3364,11751,2985,4658,6713,8717,
134854828070,19680,11516,2773,4762,6759,8747,
134855328070,3635,23572,3026,15634,17606,19617,
134856328070,5182,11854,13779,5012,6860,8884,
134857328070,3394,11975,2746,4796,6781,8787,
134858328070,3466,11778,2884,5030,10046,12997,
134858828070,3481,11535,2817,4997,7071,8748,
134859328070,3197,22778,2900,15977,18027,9048,
134860328070,3505,12206,2833,4742,6801,9066,
134860828070,3576,11895,3123,5032,6838,8679,
134861328070,7704,22569,2810,15451,6803,19375,
134861828070,3492,11875,2975,5082,6980,8858,
134862828070,84205,12012,2850,4819,6758,8796,
134864828070,3438,11873,24268,15522,17310,8848,
134865828070,3558,11923,2918,4778,6693,19989,
134868828070,2535,11875,13385,4788,6829,8818,
134870328070,2527,11768,2758,4758,6834,8743,
134870828070,3600,11992,2865,4731,6757,8598,
134871828070,2493,11707,2653,4784,6879,8689,
134872828070,3407,11787,2740,4764,6738,8786,
134873328070,3313,11778,2907,4707,6641,8835,
134873828070,2521,11895,3176,5148,6883,8892,
134874328070,22887,11792,13630,4806,17630,9302,
134874828070,3473,11753,2899,15678,6909,9256,
134875328070,3721,12188,2840,4862,6816,9067,
134875828070,8340,12039,2875,4996,6855,8893,
134876328070,2745,12080,2674,4665,6910,8734,
134877828070,3415,11640,13768,15760,17628,19811,
134879828070,67410,68214,68525,69416,75039,62796,
134880828070,49621,87760,56714,58410,50030,73224,
134881328070,3564,11928,3159,4922,6887,8807,
134882828070,3645,12167,2825,5045,6905,8724,
134885828070,3590,11528,2833,4600,6713,8710,
134889328070,5044,12371,13558,5107,6726,8616,
134889828070,3269,11724,2746,4709,6735,8700,
134890328070,3470,11624,2786,4567,6749,8812,
134890828070,3562,12057,13416,4737,7139,8797,
134891328070,4232,11763,2899,4832,6744,8799,
134892328070,6051,11861,13974,4879,6920,8963,
134894328070,5290,12075,3051,5033,6780,8766,
134894828070,2606,11873,2961,4747,6735,8753,
134896328070,3458,11909,2836,4737,6975,8686,
134896828070,3362,11779,2875,5248,6746,8716,
134897328070,2634,12000,2918,4855,6825,8856,
134897828070,4793,11850,13719,16079,6773,9076,
134898828070,3480,55827,2891,27051,6795,19818,
134899328070,3270,11815,2775,4881,17921,19692,
134899828070,4492,11852,3039,4827,6677,8739,
134900828070,3588,11723,2766,4730,6905,8764,
134902828070,11154,11895,13601,15495,17660,19614,
134904328070,3529,11733,13807,4812,6717,8738,
134904828070,2471,11822,2856,4815,7088,8885,
134905828070,3664,11913,13559,4767,6875,8751,
134906328070,3552,12079,3357,4878,6787,8868,
134907328070,3651,11879,3067,4860,6627,8696,
134908328070,3299,11827,2797,4848,6702,8768,
134909328070,3779,22870,3054,5117,17905,19907,
134909828070,4052,11893,3683,5128,6626,8830,
134910828070,300000,12549,3184,5045,7019,9022,
134911328070,3337,22716,3002,4905,7070,8648,
134911828070,28347,11627,2692,4695,6903,19442,
134912828070,4385,11711,13683,4745,7032,8812,
134913828070,2567,11628,13692,4865,6977,8875,
134915328070,2604,11849,2847,4711,7201,8810,
134915828070,8109,12087,2927,4848,6735,9267,
134916328070,2470,11740,2910,4738,6665,8666,
134916828070,3665,11992,14125,5086,6803,8866,
134917328070,3663,12014,2981,26362,6822,30376,
134917828070,3687,12642,14012,15613,6864,8822,
134918328070,3859,12027,13910,4902,6909,9225,
134918828070,3496,11742,13719,4818,7058,8817,
134919328070,3571,11993,3272,4841,6729,8686,
134919828070,3670,11967,2841,4864,7108,9115,
134920828070,2801,11881,2714,4745,6892,8871,
134922828070,2579,12028,2886,4797,7021,8716,
134925328070,3683,12164,2992,4816,6811,8863,
134925828070,3482,11788,2869,4853,7064,8749,
134926328070,3421,11838,2978,5011,6833,8772,
134927328070,8342,13276,13620,4710,6788,8828,
134927828070,3481,12148,2857,4883,7142,8892,
134929328070,2499,12041,2886,4672,6699,8784,
134929828070,4062,12109,3096,5099,6823,8804,
134930328070,3566,11679,2794,4759,6849,8738,
134931328070,18053,22758,24480,26365,17794,19809,
134931828070,3550,12055,2929,4779,6761,8738,
134934328070,4613,12365,14036,4981,6912,8894,
134935828070,3439,11986,13650,4695,6851,8843,
134936828070,11014,12231,13519,15621,6828,9018,
134937328070,3584,11795,2746,4701,6731,9034,

