,W-0,R-0,R-1,R-2,R-3,R-4,
124936779935,1,2,2,2,2,1,
124938279935,1,2,1,2,2,2,
124939279935,1,2,2,1,2,1,
124940279935,1,2,1,2,2,1,
124941279935,1,2,1,1,1,1,
124941779935,1,2,1,1,1,1,
124942279935,1,1,1,1,1,1,
124942779935,1,2,1,1,1,1,
124943279935,1,1,2,1,1,1,
124943779935,1,2,2,1,1,1,
124945279935,1,2,1,1,1,1,
124946279935,1,2,1,1,1,1,
124946779935,1,2,1,1,1,1,
124947279935,1,1,1,1,1,1,
124947779935,1,2,1,1,1,1,
124948279935,1,2,1,2,1,1,
124948779935,1,2,1,1,1,1,
124949279935,1,2,1,1,1,1,
124950279935,1,2,2,1,1,1,
124950779935,1,2,1,1,1,1,
124951279935,1,2,1,1,1,1,
124951779935,1,1,1,1,1,1,
124952779935,1,2,1,1,1,1,
124953779935,1,2,1,1,1,1,
124954279935,1,2,2,1,1,1,
124956279935,1,2,1,1,1,1,
124956779935,1,2,2,2,1,2,
124957279935,1,2,1,1,1,1,
124957779935,1,2,1,1,1,1,
124958279935,1,1,2,1,1,1,
124960779935,1,2,1,1,1,1,
124961779935,1,2,1,1,1,1,
124962279935,1,1,1,1,1,1,
124962779935,1,2,1,1,1,1,
124963279935,1,2,1,1,1,1,
124963779935,1,2,2,1,1,1,
124964779935,1,1,1,1,1,1,
124965279935,1,1,1,1,1,1,
124965779935,1,2,1,1,1,1,
124967779935,1,2,1,1,1,2,
124968279935,1,2,2,1,1,1,
124969779935,1,1,1,1,1,1,
124970279935,1,1,1,2,1,1,
124970779935,1,2,1,2,2,2,
124971279935,1,2,2,1,1,1,
124972279935,1,1,1,1,1,1,
124973779935,1,2,1,1,1,1,
124974279935,1,1,2,2,1,1,
124974779935,1,1,1,1,1,1,
124975779935,1,1,2,1,1,1,
124977279935,1,1,1,1,1,1,
124978279935,1,2,1,1,1,1,
124979779935,1,2,1,1,1,1,
124980279935,1,2,2,1,1,1,
124981279935,1,2,1,1,1,1,
124981779935,1,1,1,1,1,1,
124983279935,1,2,1,1,1,1,
124983779935,1,1,1,1,1,1,
124984279935,1,2,1,1,1,1,
124984779935,1,1,1,1,1,1,
124986779935,1,2,1,1,1,1,
124988779935,1,2,1,1,1,1,
124989279935,1,2,1,1,1,1,
124990779935,1,1,1,1,1,1,
124992279935,1,2,1,1,1,1,
124994779935,1,2,1,1,1,1,
124995279935,1,2,1,1,1,1,
124996279935,1,2,2,1,1,1,
124996779935,1,2,1,1,1,1,
124997279935,1,2,1,1,1,1,
124998279935,1,2,1,1,1,1,
125000779935,1,2,1,1,1,1,
125001279935,1,1,2,1,1,1,
125002279935,1,2,2,1,2,2,
125002779935,1,2,1,1,1,1,
125003279935,1,2,1,2,1,1,
125003779935,1,2,2,1,1,1,
125005779935,1,1,2,2,1,2,
125006779935,1,1,1,1,1,1,
125009279935,1,2,1,1,1,1,
125010279935,1,1,1,1,1,1,
125010779935,1,2,1,1,1,1,
125013279935,1,2,1,1,1,1,
125013779935,1,1,1,1,1,1,
125014779935,1,1,1,1,1,1,
125017279935,1,2,1,1,1,1,
125018779935,1,2,1,1,1,1,
125019279935,1,2,2,2,1,1,
125019779935,1,2,1,1,1,1,
125020279935,1,1,1,1,1,1,
125020779935,1,2,1,1,1,1,
125021279935,1,2,1,1,1,1,
125021779935,1,1,2,1,1,1,
125023279935,1,1,1,1,1,1,
125023779935,1,2,1,1,1,1,
125024279935,1,2,1,1,1,1,
125026779935,1,2,1,1,1,1,
125027279935,1,2,2,1,1,1,
125028279935,1,1,2,1,2,2,
125029279935,1,1,1,1,1,1,
125029779935,1,2,1,1,1,1,
125030279935,1,2,2,1,1,1,
125030779935,1,2,1,1,1,1,
125033279935,1,1,1,1,1,1,
125035279935,1,2,1,1,1,1,
125035779935,1,2,1,2,1,1,
125036279935,1,2,1,1,1,1,
125036779935,1,2,1,1,1,2,
125037279935,1,2,1,1,1,1,
125037779935,1,2,1,1,1,1,
125039279935,1,2,2,1,1,1,
125040279935,1,2,1,1,1,1,
125040779935,1,2,1,1,1,1,
125041279935,1,2,1,1,1,1,
125041779935,1,2,1,1,1,1,
125043279935,1,1,1,1,1,1,
125043779935,1,2,2,1,1,1,
125044779935,1,2,1,1,1,1,
125046779935,1,2,1,1,1,1,
125047779935,1,1,2,1,1,1,
125048779935,1,2,1,1,1,1,
125049779935,1,2,1,1,1,1,
125050279935,1,2,1,1,1,1,
125051779935,1,2,1,1,1,1,
125054279935,1,1,1,1,1,1,
125055279935,1,2,1,1,1,1,
125057779935,1,2,2,1,1,1,
125058279935,1,2,2,2,1,2,
125058779935,1,2,2,1,1,1,
125059279935,1,2,2,1,2,1,
125060779935,1,2,1,1,1,1,
125061279935,1,2,1,1,1,1,
125061779935,1,2,2,1,1,1,
125063779935,1,2,1,1,1,1,
125065279935,1,2,1,1,1,1,
125065779935,1,1,2,1,1,1,
125066279935,1,2,1,1,1,2,
125066779935,1,2,1,1,1,1,
125067279935,1,2,1,1,1,1,
125067779935,1,2,1,1,1,1,
125068279935,1,1,2,2,2,1,
125069779935,1,2,1,1,1,1,
125070779935,1,2,2,2,2,2,
125071279935,1,2,2,2,1,2,
125071779935,1,2,1,1,1,1,
125072279935,1,2,1,1,1,2,
125073279935,1,1,1,2,1,1,
125074279935,1,2,1,1,1,1,
125075279935,1,2,1,1,1,1,
125075779935,1,1,1,1,1,1,
125076279935,1,2,1,1,1,1,
125078779935,1,2,2,1,1,1,
125080779935,1,1,2,2,1,1,
125082279935,1,2,1,2,1,1,
125084279935,1,2,2,1,1,1,
125084779935,1,2,1,2,1,2,
125085779935,1,2,1,1,1,1,
125086779935,1,2,1,1,1,1,
125087279935,1,2,1,1,1,1,
125087779935,1,2,1,1,1,2,
125090279935,1,1,1,1,2,2,
125091279935,1,1,1,1,1,1,
125092779935,1,2,1,1,1,1,
125095279935,1,1,1,1,1,1,
125096779935,1,2,1,1,1,1,
125098279935,1,2,1,1,1,1,
125099779935,1,2,1,1,1,1,
125101279935,1,2,1,1,1,1,
125101779935,1,1,1,1,1,1,
125102279935,1,2,1,1,1,1,
125102779935,1,1,1,1,1,1,
125103279935,1,2,1,1,1,1,
125104279935,1,1,1,1,1,1,
125104779935,1,2,1,1,1,1,
125105279935,1,1,1,1,1,1,
125106279935,1,2,2,2,1,2,
125108279935,1,2,1,1,1,1,
125109279935,1,2,2,1,2,2,
125112279935,1,2,1,1,1,1,
125112779935,1,2,1,1,1,1,
125113779935,1,1,1,1,1,1,
125115279935,1,2,2,1,1,1,
125115779935,1,2,1,1,1,1,
125116279935,1,1,1,1,1,1,
125116779935,1,2,2,1,1,1,
125117779935,1,2,1,1,1,1,
125118779935,1,2,1,1,1,1,
125119279935,1,2,1,1,1,1,
125120279935,1,2,2,1,1,1,
125121779935,1,2,1,1,1,1,
125122279935,1,2,1,1,1,1,
125123279935,1,2,1,1,1,1,
125123779935,1,2,1,1,1,1,
125124279935,1,2,1,1,1,1,
125124779935,1,2,1,1,1,2,
125126779935,1,2,1,1,1,1,
125127279935,1,2,1,1,1,1,
125128779935,1,2,2,1,1,1,
125129279935,1,2,2,1,1,1,
125129779935,1,2,2,1,1,1,
125131779935,1,1,1,1,1,1,
125132779935,1,2,1,1,1,1,
125136779935,1,2,1,1,1,1,
125137279935,1,2,1,1,1,1,
125138279935,1,2,2,1,1,1,
125138779935,1,1,1,1,1,1,
125139779935,1,1,1,1,1,1,
125140279935,1,2,1,2,1,1,
125140779935,1,2,2,1,1,1,
125141779935,1,2,1,1,1,1,
125142279935,1,2,1,1,1,1,
125143779935,1,2,1,1,1,1,
125144279935,1,2,1,1,1,1,
125145779935,1,2,1,1,1,1,
125146279935,1,2,2,1,2,1,
125146779935,1,1,2,1,1,1,
125147779935,1,1,1,1,1,1,
125148779935,1,2,2,1,2,1,
125150279935,1,2,1,1,1,1,
125151279935,1,2,1,1,1,1,
125153279935,1,2,1,1,1,1,
125153779935,1,2,2,2,1,2,
125154279935,1,2,1,1,1,1,
125154779935,1,1,1,1,1,1,
125155779935,1,2,2,1,1,1,
125156279935,1,2,2,1,1,1,
125156779935,1,2,2,1,1,1,
125157279935,1,2,1,1,1,1,
125157779935,1,2,1,1,1,1,
125158279935,1,1,1,1,1,1,
125160279935,1,2,2,2,1,1,
125161279935,1,2,2,2,2,2,
125162779935,1,2,1,1,1,1,
125165279935,1,2,1,1,1,1,
125165779935,1,1,2,1,1,1,
125166279935,1,2,1,1,1,1,
125167779935,1,1,1,1,1,1,
125168279935,1,2,1,1,1,1,
125169279935,1,1,2,2,1,1,
125170279935,1,2,1,1,1,1,
125170779935,1,2,2,1,1,1,
125171279935,1,2,1,1,1,1,
125171779935,1,1,1,1,1,1,
125172279935,1,2,1,1,1,1,
125172779935,1,2,1,1,1,1,
125173279935,1,1,1,1,1,1,
125173779935,1,2,1,1,1,1,
125174279935,1,2,1,1,1,1,
125174779935,1,2,1,2,1,1,
125175779935,1,2,1,1,1,1,
125176279935,1,2,1,1,1,1,
125176779935,1,1,1,1,1,1,
125177779935,1,2,1,1,1,1,
125178279935,1,2,1,1,1,1,
125179279935,1,2,1,1,1,1,
125179779935,1,2,2,2,1,1,
125180279935,1,1,1,1,1,1,
125180779935,1,2,1,1,1,1,
125181779935,1,1,2,1,1,1,
125182279935,1,2,1,1,1,1,
125182779935,1,2,2,1,1,1,
125183279935,1,2,2,2,2,2,
125185779935,1,1,1,1,1,1,
125186279935,1,2,1,1,1,1,
125188279935,1,2,2,2,2,1,
125190779935,1,2,1,1,1,1,
125194279935,1,2,1,1,1,1,
125194779935,1,2,1,1,1,1,
125196279935,1,2,1,1,1,1,
125196779935,1,2,1,1,1,1,
125197279935,1,2,2,1,1,1,
125198779935,1,2,1,1,1,1,
125199279935,1,2,1,1,1,1,
125200279935,1,1,1,1,2,2,
125201279935,1,2,1,1,1,1,
125201779935,1,1,1,1,1,2,
125202279935,1,2,2,1,1,1,
125202779935,1,2,1,1,1,1,
125204279935,1,1,1,2,1,1,
125205279935,1,2,1,2,1,1,
125205779935,1,2,2,2,2,1,
125206779935,1,2,1,1,1,1,
125207779935,1,1,1,1,1,1,
125208279935,1,2,1,1,1,1,
125208779935,1,2,1,1,1,1,
125211779935,1,1,1,1,1,1,
125212779935,1,2,1,1,1,1,
125214279935,1,2,1,1,1,1,
125215279935,1,2,1,1,1,1,
125216279935,1,2,1,1,1,1,
125217779935,1,2,1,1,1,1,
125218279935,1,2,1,1,1,1,
125218779935,1,2,1,2,1,1,
125221279935,1,2,1,1,2,1,
125221779935,1,2,1,1,1,1,
125223279935,1,2,2,1,1,1,
125223779935,1,2,1,1,1,1,
125224279935,1,2,2,1,1,1,
125225779935,1,2,1,1,1,1,
125226279935,1,1,1,1,1,1,
125226779935,1,1,2,1,2,2,
125227779935,1,2,1,1,2,2,
125230779935,1,1,1,1,1,1,
125231279935,1,2,1,1,1,1,
125232279935,1,1,1,1,1,1,
125232779935,1,2,1,1,2,1,
125234279935,1,1,1,1,1,1,
125235279935,1,1,1,1,1,1,
125236779935,1,2,1,1,1,1,
125237279935,1,2,1,1,1,1,
125237779935,1,2,1,1,1,1,
125240279935,1,1,1,2,2,2,
125241279935,1,2,1,1,1,1,
125241779935,1,2,1,1,2,1,
125242779935,1,2,1,2,1,1,
125245779935,1,1,1,1,1,1,
125246279935,1,2,1,1,1,1,
125247279935,1,2,1,1,1,1,
125248779935,1,2,1,1,1,1,
125250779935,1,2,2,2,2,2,
125251279935,1,2,1,1,1,1,
125252779935,1,1,1,2,1,1,
125253779935,1,2,1,1,1,1,
125254279935,1,2,2,2,1,1,
125255279935,1,2,1,1,1,1,
125257279935,1,2,1,1,1,1,
125257779935,1,2,1,1,1,1,
125259279935,1,2,1,1,1,1,
125259779935,1,2,2,1,1,1,
125260779935,1,1,1,1,1,1,
125262279935,1,2,1,1,1,1,
125263279935,1,1,1,1,1,1,
125265279935,1,2,2,1,1,1,
125265779935,1,2,1,1,1,1,
125266279935,1,2,1,1,1,1,
125267279935,1,2,1,1,1,1,
125269779935,1,2,1,1,1,1,
125275779935,1,2,1,1,1,1,
125276279935,1,2,2,1,2,1,
125277279935,1,2,1,1,1,1,
125277779935,1,2,1,1,1,1,
125280779935,1,1,1,1,1,1,
125282279935,1,2,1,1,1,1,
125282779935,1,2,1,1,1,1,
125283279935,1,2,1,1,2,2,
125283779935,1,2,1,1,1,1,
125284279935,1,2,1,2,1,1,
125284779935,1,2,1,2,1,2,
125287279935,1,2,1,1,1,1,
125289279935,1,2,1,1,1,1,
125289779935,1,2,1,1,1,1,
125290779935,1,2,1,1,1,1,
125291279935,1,2,2,1,1,1,
125291779935,1,2,2,1,1,1,
125292279935,1,2,2,1,1,1,
125292779935,1,2,1,1,1,1,
125293779935,1,2,1,2,1,2,
125294279935,1,2,1,1,1,1,
125294779935,1,2,1,1,1,1,
125295779935,1,1,1,1,1,1,
125296279935,1,2,2,1,1,1,
125296779935,1,2,2,1,1,1,
125298779935,1,1,2,1,1,1,
125300279935,1,2,2,2,1,1,
125300779935,1,2,1,1,1,1,
125301779935,1,2,1,1,1,1,
125302279935,1,2,1,1,1,1,
125303779935,1,2,1,2,2,1,
125304779935,1,1,1,1,1,1,
125306279935,1,1,2,1,1,1,
125307279935,1,2,1,1,1,1,
125307779935,1,2,1,1,1,1,
125308279935,1,2,1,2,2,1,
125310779935,1,2,1,1,1,1,
125311279935,1,1,1,1,1,1,
125312279935,1,1,2,2,1,1,
125312779935,1,1,1,1,1,1,
125314279935,1,2,1,1,1,1,
125315279935,1,1,1,1,1,1,
125317279935,1,2,1,1,2,1,
125320779935,1,2,2,2,2,2,
125323279935,1,2,1,1,1,1,
125323779935,1,1,1,1,1,1,
125324279935,1,2,2,1,2,2,
125325279935,1,2,1,1,1,1,
125326279935,1,2,1,1,1,1,
125327279935,1,2,1,1,1,1,
125327779935,1,2,1,1,1,1,
125328279935,1,2,2,1,1,1,
125329279935,1,2,1,1,1,1,
125329779935,1,2,1,1,1,1,
125330279935,1,1,1,1,1,1,
125330779935,1,1,1,1,1,1,
125331779935,1,2,1,1,1,1,
125333779935,1,2,1,1,1,1,
125334779935,1,2,1,1,1,1,
125337779935,1,2,1,1,1,1,
125339279935,1,2,1,2,2,2,
125339779935,1,1,2,2,1,1,
125340779935,1,2,1,1,2,1,
125341779935,1,1,2,1,2,1,
125342279935,1,2,2,2,2,2,
125342779935,1,1,1,1,1,1,
125343279935,1,2,2,2,2,2,
125343779935,1,2,2,2,2,1,
125344279935,1,1,1,1,1,1,
125344779935,1,2,2,2,2,2,
125345279935,1,2,1,1,1,1,
125346779935,1,2,1,1,1,1,
125348779935,1,2,1,2,2,2,
125349779935,1,2,1,1,1,1,
125350279935,1,2,2,1,1,1,
125351779935,1,2,1,1,1,1,
125354779935,1,2,2,1,1,2,
125358279935,1,2,2,1,1,1,
125358779935,1,2,1,1,1,1,
125359279935,1,2,1,1,1,1,
125359779935,1,2,2,1,1,1,
125360279935,1,1,1,1,1,1,
125361279935,1,2,1,1,1,1,
125363279935,1,2,1,1,1,1,
125363779935,1,2,1,1,1,1,
125365279935,1,2,1,1,1,1,
125365779935,1,2,1,1,1,1,
125366279935,1,2,1,1,1,1,
125366779935,1,2,1,1,2,2,
125367779935,1,2,1,1,1,1,
125368279935,1,2,2,2,2,2,
125368779935,1,2,1,1,1,1,
125369779935,1,2,1,1,1,1,
125371779935,1,2,1,1,1,1,
125373279935,1,1,1,1,1,1,
125373779935,1,2,1,1,1,1,
125374779935,1,2,2,2,2,2,
125375279935,1,2,2,2,2,2,
125376279935,1,2,2,2,2,2,
125377279935,1,1,2,1,1,1,
125378279935,1,2,1,1,1,1,
125378779935,1,1,1,1,1,1,
125379779935,1,2,1,1,1,1,
125380279935,1,2,1,1,1,1,
125380779935,1,2,1,1,1,1,
125381779935,1,2,2,1,1,1,
125382779935,1,2,2,2,1,1,
125384279935,1,2,1,1,1,1,
125384779935,1,2,1,1,2,2,
125385279935,1,1,1,1,1,1,
125385779935,1,2,2,1,1,1,
125386279935,1,2,1,2,2,1,
125386779935,1,2,1,1,1,1,
125387279935,1,2,2,1,1,1,
125387779935,1,2,1,1,1,1,
125388279935,1,2,2,2,2,1,
125388779935,1,2,1,1,1,1,
125389779935,1,2,2,1,2,1,
125391779935,1,2,1,1,1,1,
125394279935,1,2,1,1,1,1,
125394779935,1,2,2,1,1,1,
125395279935,1,2,1,1,1,1,
125396279935,1,2,1,1,1,1,
125396779935,1,2,1,2,1,1,
125398279935,1,1,1,1,1,1,
125398779935,1,2,1,1,1,1,
125399279935,1,2,2,1,1,1,
125400279935,1,2,2,1,1,1,
125400779935,1,2,1,1,1,1,
125403279935,1,2,1,1,2,1,
125404779935,1,1,1,2,1,2,
125405779935,1,2,1,1,1,1,
125406279935,1,1,1,1,1,1,

