,W-0,R-0,R-1,R-2,R-3,R-4,
113033212228,7527,36109,25575,34935,22055,35747,
113034712228,2083,15431,15949,5138,7007,11050,
113035712228,1313,1570,3269,7727,8570,9040,
113036712228,3551,12285,3250,5102,7112,9237,
113037712228,2018,33866,3252,37448,6940,9037,
113038212228,1969,12252,2922,5181,18298,9187,
113038712228,25281,1453,13976,5245,18124,30950,
113039212228,1668,12708,3041,4949,7098,9016,
113039712228,2125,1357,14092,15750,6939,9000,
113040212228,1233,11835,2955,4927,28844,30570,
113041712228,1563,12302,3013,4953,6958,8908,
113042712228,1620,12329,3052,5132,6996,8998,
113043212228,1606,1320,2995,5101,17983,8968,
113043712228,1429,23379,2819,37401,17971,8910,
113044212228,1825,12026,3421,5030,7000,8985,
113044712228,1516,12010,13912,5016,6918,8942,
113045212228,1713,2572,3083,5001,7012,8896,
113045712228,2479,1400,2888,4980,6956,8965,
113046712228,1670,12195,3177,4872,6878,8961,
113047212228,1487,12168,24863,5030,18202,9071,
113047712228,1488,12011,2864,4874,7360,9041,
113048212228,1357,12623,3078,4971,6805,9019,
113049212228,1283,1409,14087,4994,6933,8925,
113050212228,1922,11982,3395,15678,17935,19888,
113050712228,1506,12104,3081,5452,6979,8861,
113052712228,7888,12423,13765,15857,17926,19969,
113053212228,1511,12058,2950,4996,7110,9076,
113053712228,1505,12036,2925,4933,6980,8960,
113054212228,1509,12119,3283,5065,17902,9105,
113054712228,1066,1333,2755,4882,6905,8911,
113057212228,1516,12218,2934,4899,7002,8987,
113058212228,1604,12323,2968,4966,6986,9019,
113058712228,10993,12220,13947,5076,6900,9095,
113059212228,1218,1485,2815,5071,7016,8936,
113059712228,62966,12232,2952,4861,6872,8916,
113060212228,1526,12655,14072,5033,6879,8985,
113061212228,1998,1606,2997,4973,7025,19730,
113061712228,2605,33952,3188,4916,18067,8897,
113062212228,1586,12099,2937,4946,6837,8978,
113064212228,1447,12105,3388,5138,6943,8956,
113064712228,1434,11995,3180,4905,6862,8760,
113066212228,1467,1676,3203,4897,6903,9003,
113066712228,41113,1271,2835,4891,7063,9022,
113067212228,1473,34255,13729,4836,6993,8954,
113067712228,1267,23300,3102,5087,6972,20012,
113068712228,1187,1398,3028,4906,6951,8918,
113070212228,217720,227743,230283,228250,228178,228570,
113070712228,300000,13318,3410,4967,7151,9069,
113071212228,2200,13002,3488,4938,7208,9014,
113072212228,5961,1677,13959,5072,7000,8841,
113073712228,1227,1412,13951,16021,6986,9014,
113074712228,1515,1374,13697,4740,32204,22389,
113076212228,1744,12377,13757,4985,7067,8988,
113076712228,1679,12342,3063,16337,17949,9058,
113077712228,1521,12220,3055,4943,6823,8993,
113078212228,6222,12091,2978,5358,8208,9044,
113079712228,1512,12205,2915,5026,6928,8860,
113080212228,300000,1397,2969,4932,6837,8869,
113080712228,1632,12026,13605,5126,7102,8927,
113081212228,1367,12165,13924,5079,7475,9313,
113083212228,1427,12276,3138,5152,7012,8990,
113085212228,1328,11986,2939,4977,6906,8831,
113085712228,1522,1409,13819,16040,6929,19920,
113087212228,1161,11920,2976,5181,6710,8924,
113088712228,1502,12407,13744,4929,6949,9051,
113091212228,1610,12037,3041,4992,7023,9008,
113091712228,1621,12175,3190,5053,7076,9646,
113092712228,1296,16655,2897,4958,6858,8957,
113093212228,3166,12262,2916,4967,6890,8918,
113093712228,1491,33702,3063,15705,17556,8839,
113094712228,1379,12248,2849,4983,6821,8847,
113097212228,1190,1344,13670,15575,6762,19724,
113097712228,1386,11976,2896,4939,6847,8765,
113098712228,1474,22868,3040,4911,6883,8895,
113099212228,2852,13578,13986,4991,6852,8906,
113099712228,1186,12444,2838,4926,6756,8766,
113100212228,1567,12394,3001,5008,7128,8928,
113102212228,1341,12017,2943,5066,7060,19868,
113103212228,9190,11724,3352,4851,6837,8832,
113105712228,1481,12213,2952,4938,6944,9050,
113106712228,1526,12192,3010,4906,6885,9048,
113107212228,7945,12196,3053,5071,7168,8982,
113109712228,1565,12305,3174,16000,18020,19764,
113110212228,1461,12469,3037,4928,6934,8724,
113111212228,1377,12115,2914,4926,6870,8954,
113113712228,1210,1440,3036,5071,6882,8814,
113115212228,1338,11964,3003,5037,6971,8860,
113115712228,7086,12345,3035,4908,6898,8961,
113116212228,1725,2562,13691,4916,6881,8933,
113116712228,1496,12205,2977,4898,7004,8903,
113117212228,1134,1375,13820,4933,7180,9288,
113117712228,1283,12041,13617,4723,6875,19844,
113118212228,1548,1659,2845,5002,6812,8822,
113119712228,1568,23054,2853,4888,17971,9037,
113120212228,6394,12236,24627,4997,6929,8931,
113120712228,1369,11971,13639,5033,6960,8817,
113123212228,1150,1341,3075,5014,6882,9001,
113123712228,1273,1418,2938,4885,6906,9228,
113124712228,1558,12065,2931,4909,7034,8936,
113125712228,1902,12604,2883,5561,6860,8926,
113126212228,1282,11893,2950,5111,6934,8958,
113126712228,1407,12019,2855,4888,6857,8884,
113127212228,1418,12390,3036,4939,7002,8962,
113129712228,5072,5104,5542,5372,6814,8722,
113131712228,1490,12388,3205,4975,7021,8979,
113132212228,1364,12010,13733,4812,6932,8749,
113132712228,1370,11977,2925,4760,6813,8994,
113133212228,1290,1523,2890,4733,6938,8837,
113133712228,1238,1392,2970,5080,6942,9070,
113134212228,1494,12745,13955,4886,6900,8767,
113135712228,1481,12019,3350,4876,6950,8816,
113136712228,6952,16422,13931,16206,17980,9129,
113137212228,1471,1362,2947,4958,6918,8968,
113137712228,1350,11626,2877,4840,6720,8926,
113138212228,1267,1458,3008,5059,6993,9028,
113139712228,1616,1353,13841,4906,6962,8950,
113140212228,1513,11771,3070,5000,6920,8752,
113141212228,9224,11719,2894,4981,7018,8971,
113143212228,1537,12129,2822,4920,6999,8821,
113144212228,1271,22432,13562,4914,17566,9011,
113145212228,1462,12060,3348,4935,6903,8883,
113146212228,53303,55033,55420,52753,53152,53038,
113146712228,1513,11921,13598,4857,6950,8974,
113148212228,1310,11966,13629,4972,6766,8842,
113150712228,1410,11902,2952,4952,6981,9059,
113151712228,1452,12008,2942,4748,6891,8960,
113154212228,1600,12090,3091,4949,6930,8989,
113154712228,6532,1220,2920,4883,6899,8846,
113155212228,1323,11838,2998,4845,6911,8967,
113155712228,1229,1570,14044,4907,6750,8726,
113157212228,1766,12050,3218,4931,6886,8974,
113157712228,2622,11652,3023,4874,7092,9048,
113158212228,1258,11637,13623,4889,6717,8737,
113160212228,1430,12077,2899,4921,6937,8861,
113161712228,1354,11956,2979,4848,6909,8841,
113162212228,1435,12191,3018,4995,7131,9002,
113162712228,1810,1509,14198,4945,7039,8957,
113163212228,1457,12347,2981,4869,7177,8836,
113163712228,1522,12078,3063,4921,7019,8972,
113164212228,1355,11768,3269,4931,6871,8936,
113164712228,4487,1313,3012,4930,17641,8876,
113166212228,1438,12126,13915,4920,7035,8961,
113167212228,64897,81636,81506,73407,74981,75233,
113167712228,1377,11735,2930,4915,6873,8973,
113168212228,1323,12047,3106,4919,6848,9545,
113168712228,1412,15290,2927,4910,6846,8986,
113169712228,1311,11848,2836,4721,6811,8716,
113170712228,1232,11675,2751,4706,6875,8846,
113171712228,1386,22938,36498,26475,6740,30631,
113172212228,28028,1605,14011,4982,6942,9004,
113172712228,17041,12029,2822,4810,6875,8958,
113175212228,1411,12156,2957,4959,6880,8875,
113177212228,1343,11929,3092,4867,6948,9013,
113178712228,1446,12331,2930,4968,7176,9114,
113180712228,1295,1603,2981,4812,7295,8864,
113181212228,1157,1386,2985,4899,7010,8940,
113182212228,1364,11951,2812,4834,6934,19970,
113183212228,1244,11745,2921,4717,6822,8893,
113183712228,1145,1872,13816,4936,17650,8932,
113184212228,1457,12156,3089,4964,7058,9109,
113186712228,6155,5896,5671,5996,6886,9025,
113187712228,1313,11754,2950,4819,6639,8819,
113189212228,1458,12108,2916,4934,6957,8969,
113191712228,1516,12038,2915,4902,6732,8879,
113193212228,1176,1388,2942,4857,6743,8752,
113194712228,1603,12116,2925,4878,6907,8746,
113196212228,1239,11542,2963,4833,6818,9001,
113197712228,12890,23120,24727,23187,23497,20015,
113198212228,1178,11895,14018,4966,6935,8986,
113198712228,1127,11823,13606,4821,6805,8882,
113199212228,1473,12113,2983,5088,7457,8894,
113199712228,1449,12061,13631,4846,17903,8999,
113200712228,1439,12040,14229,4917,7090,8948,
113201212228,1257,11891,3049,4982,6875,8661,
113201712228,1382,11971,2748,4965,6850,8907,
113202712228,1170,12358,13885,5041,6865,8676,
113204712228,1157,1377,14108,4891,17655,19728,
113205712228,1402,11979,3042,4849,6860,8854,
113208712228,1298,11929,3313,4895,6840,20077,
113209212228,1499,12256,2999,5058,7155,9045,
113210212228,1380,12016,2856,4914,6869,8931,
113211712228,10731,12028,3103,4984,6961,8991,
113212212228,1320,12021,2866,4932,6763,8703,
113212712228,1414,1598,3106,4959,7283,8961,
113213212228,2302,12206,2948,4918,6894,9175,
113214212228,1131,11695,2932,5463,7083,8847,
113215212228,1131,1358,3063,7844,9161,8753,
113215712228,6550,12520,13924,15697,17831,8878,
113216712228,1421,11862,3163,4985,6936,8921,
113218212228,1664,1561,2987,4887,6886,8825,
113218712228,1477,12047,3113,5050,6854,8851,
113219712228,1873,12088,2986,5032,10685,10540,
113220212228,1342,12033,2923,4999,7004,8855,
113220712228,1616,12469,13838,4984,6822,8937,
113221212228,1535,12561,14072,5279,7076,8945,
113223212228,1007,12035,2940,4930,6944,8822,
113223712228,2961,12005,2859,4913,6919,9083,
113225212228,15576,1331,13705,4924,6866,9015,
113225712228,1425,11817,3061,4681,6728,8887,
113226212228,1415,23074,24421,4856,6906,8948,
113228212228,1648,12057,13849,15687,6901,8770,
113229212228,1185,11738,13625,15733,6980,8851,
113233212228,226509,12039,3598,4903,7011,8888,
113233712228,2161,12762,3000,4960,6954,8918,
113234712228,9360,11714,3081,5030,6831,9080,
113235212228,1285,12246,2848,5025,6893,8961,
113236212228,1179,11751,2892,4712,6829,8856,
113236712228,12632,12024,2851,4806,6886,8922,
113237212228,1364,12116,3064,5011,6838,8849,
113238212228,1427,12107,3103,5094,7120,8965,
113238712228,1389,12147,2906,4844,17674,19968,
113240212228,1387,12080,3138,4889,6874,9040,
113240712228,1363,11940,2954,4935,6895,8961,
113242212228,1456,11617,2915,4754,6865,8704,
113242712228,1338,11912,13606,4869,6863,8720,
113243212228,1350,11908,2931,4875,6926,8957,
113244212228,1653,12181,3014,5026,7004,9026,
113245212228,1369,12078,3097,4965,7389,9063,
113246712228,1631,12163,2755,4912,6945,8947,
113247712228,1466,12139,2839,4818,6701,8770,
113249712228,1387,11954,2829,4759,6829,8740,
113250212228,1375,11863,2846,5092,6766,9474,
113250712228,1063,1333,3009,4955,6970,8872,
113251212228,1317,11994,2808,4846,6765,8977,
113252212228,1468,12223,2949,5188,7042,8984,
113252712228,1165,11740,2742,5089,6957,8871,
113253212228,1480,12054,13664,5024,6725,8902,
113253712228,2128,23625,3070,5006,17830,8862,
113254212228,1327,12048,13720,4843,17746,9921,
113254712228,1155,1317,2946,4924,7057,8724,
113256712228,1138,12120,13568,5125,6994,30500,
113257712228,1445,12052,2992,5123,6846,8829,
113259212228,1146,1403,13580,4887,7037,9023,
113261712228,1536,1347,13702,4697,6747,8982,
113262212228,1434,12398,3029,4902,7039,8950,
113262712228,1540,12170,2951,4883,7154,8819,
113264212228,1394,11918,2937,4936,6757,8909,
113264712228,1350,12388,14104,5041,6955,8847,
113265712228,1701,12098,13934,4912,7126,19709,
113266712228,1151,12401,3023,4965,6761,8970,
113267212228,1380,12245,3011,4932,7196,8987,
113267712228,1351,11916,2898,4870,6926,8893,
113268212228,3962,1147,2950,5032,6943,8974,
113268712228,1428,12086,2817,4908,7099,8939,
113269212228,1862,12427,2977,5261,7069,8689,
113269712228,1074,1266,2918,4892,6687,8729,
113270212228,1496,11968,2989,5049,6977,8929,
113270712228,1599,12105,13561,4755,6758,8767,
113271212228,1360,1572,3035,5120,7284,8978,
113272212228,32564,34147,42681,37896,42482,42570,
113272712228,53957,12114,13755,4959,6962,8850,
113273212228,9303,11893,2912,4754,6899,8888,
113274212228,1090,1306,13539,4849,6885,8876,
113274712228,1635,12277,3043,4877,6872,8876,
113275712228,1482,11985,2903,4905,6953,8902,
113276212228,1376,12368,3930,4923,6942,8851,
113276712228,1209,1468,2842,4936,6730,8962,
113277212228,2472,11618,3106,4896,6770,9419,
113278212228,1142,12102,3066,4912,6829,8874,
113278712228,1231,1374,2907,4895,6885,8952,
113279212228,1876,11927,2976,4987,6927,19757,
113279712228,1251,1613,2997,4835,6890,8900,
113282212228,1771,1614,3183,5140,6957,9092,
113282712228,109848,119527,120127,120252,119732,120435,
113284712228,1537,12053,3364,4979,6893,8726,
113287212228,1554,33248,56657,4848,61121,8940,
113290712228,31392,11717,2964,4976,6854,8989,
113291212228,1319,12045,2935,4921,6924,8913,
113292712228,1338,12030,2967,5260,6906,8805,
113293212228,1529,12261,2923,4728,6911,8908,
113293712228,1166,1344,3078,4813,6718,8765,
113295212228,1334,12325,13862,4917,6861,8844,
113295712228,1608,1427,2960,5015,6923,8808,
113296712228,1521,12458,2939,4920,6953,8903,
113297712228,9116,11998,13564,4943,6859,8929,
113298212228,1250,1406,2974,5110,6964,8950,
113298712228,3741,12070,14199,5138,6974,8956,
113299212228,1409,1295,3048,5040,6980,9011,
113300712228,7702,1534,2960,5078,7109,9036,
113301712228,1351,1522,3359,4770,6890,9047,
113302212228,1455,11979,2935,4827,6816,8700,
113303212228,1343,11867,13975,5052,6714,8839,
113304212228,1566,1416,2729,15658,7584,8925,
113304712228,1465,12145,2849,4678,6861,8942,
113305212228,1186,1446,13920,15589,17478,8903,
113308212228,1345,33878,13872,4947,6833,8942,
113309212228,43230,55378,46515,43651,51001,43490,
113310712228,1261,11665,3355,4862,7004,8729,
113311712228,1175,1372,2964,5036,7048,9008,
113312712228,1412,12064,2957,4967,6939,9022,
113314212228,1294,1433,2727,4912,6873,8832,
113314712228,1308,12008,2974,4910,6905,8888,
113315212228,1362,11932,13896,4926,17864,19839,
113317712228,1309,11833,2875,4865,6739,8891,
113318212228,10451,11991,2979,5003,6819,8955,
113319712228,1239,12075,3050,4882,6747,8899,
113320212228,2165,2451,13837,4733,6862,8884,
113320712228,1335,12819,3192,5249,6701,8746,
113322212228,1536,12162,13648,4953,6848,8690,
113322712228,1382,22918,2959,15690,17585,8924,
113323212228,1535,12175,2977,4953,7159,8966,
113324212228,32324,12019,2850,4970,6864,8808,
113327212228,1552,1395,2994,4918,6723,8889,
113327712228,1013,11880,2829,5259,6709,8719,
113328712228,1348,12063,13818,5026,7192,8989,
113329212228,56315,1123,3488,4923,17648,19736,
113330712228,1138,1355,2986,4898,6808,9539,
113331712228,1354,11922,2884,4697,6960,8900,
113333212228,1306,22740,24611,5159,18012,20012,
113333712228,1305,11861,2898,4824,6724,8835,
113334212228,140713,12217,3036,4901,7110,8892,
113336712228,3896,11976,13827,15928,6691,9072,
113337712228,1803,12497,2949,4888,6931,8904,
113338212228,2767,1106,14004,4827,6909,8905,
113339212228,1238,11862,2872,4972,6851,8745,
113342212228,10271,12014,2983,4930,6883,8946,
113342712228,1341,11996,2916,4878,7060,8997,
113343712228,1327,12031,3243,5316,6906,8861,
113345212228,1742,12315,3073,4860,6970,9020,
113347212228,1292,11982,14059,4887,6896,8912,
113347712228,1228,1451,3417,4899,6931,8861,
113349212228,1914,11986,13693,5039,6860,8931,
113350212228,1682,12508,14075,4955,7088,8940,
113350712228,1182,11879,13558,5053,6901,8820,
113351712228,1536,1341,2826,4882,6917,8859,
113353712228,1356,11905,14239,4865,6855,8877,
113354212228,1919,1738,2945,5007,6872,8865,
113355712228,1328,11960,2910,4823,7050,8902,
113356212228,1278,11908,2910,4958,6807,8739,
113357212228,988,1237,2961,5037,6807,8848,
113358712228,1433,12326,3024,5121,7006,9873,
113359712228,1165,11806,2827,4885,6692,8841,
113361712228,2007,13550,14031,5133,6922,8769,
113362212228,1146,1396,3054,5014,6933,9611,
113362712228,2054,44351,24831,4975,8661,9108,
113363712228,1340,1517,13616,4891,6835,8880,
113366212228,62123,12211,14017,5176,6940,8836,
113372212228,1573,1356,2942,4730,6750,8964,
113372712228,1582,1573,3288,4881,6937,8984,
113373712228,1482,11922,2903,4955,6948,8842,
113374212228,1426,12550,2856,4903,6921,8941,
113377212228,1280,1063,3219,4652,6729,8914,
113378712228,4533,12187,13809,5020,6888,8908,
113379212228,982,12298,4137,5242,6910,8917,
113379712228,1256,1590,13953,5003,6935,19661,
113380212228,10463,12015,2955,4855,17926,8920,
113380712228,6485,6683,13917,15768,17684,8860,
113381212228,1583,1392,13687,4808,6821,19533,
113383712228,1535,22810,24733,5006,17637,10011,
113385712228,1424,12066,3073,4934,6955,9049,
113386212228,2388,13997,3734,5077,6854,8717,
113387212228,1360,11964,3004,4845,6869,8983,
113387712228,136494,12019,3129,4905,6843,8892,
113388212228,1158,12165,13693,4970,6869,9025,
113388712228,1751,12323,13865,4983,6907,8827,
113389212228,2655,24142,14439,5264,39362,52020,
113390212228,1171,12574,13981,5014,6850,19817,
113390712228,1334,1532,3067,5012,7138,9966,
113391212228,58869,1364,2924,4854,6823,8982,
113392212228,1462,1651,13910,4914,6931,8744,
113392712228,269065,11912,2980,4890,7000,8887,
113393212228,1352,1136,3019,4949,7024,8929,
113395212228,1297,11918,14136,16290,17712,8954,
113396712228,1390,11933,2864,5020,6944,8848,
113397212228,1383,12188,3198,4939,6865,8992,
113398212228,1329,1171,2849,4736,6733,9030,
113398712228,2262,12223,3379,5013,7074,8918,
113400212228,1269,12041,2911,4971,6969,8988,
113401212228,1171,11746,2891,5080,6846,8823,
113402712228,6968,12141,6600,6736,18685,8962,
113403712228,1537,12290,2996,4910,6889,8895,
113404212228,1223,1446,2892,5080,6827,8723,
113404712228,1162,1376,2906,4893,7038,9068,
113407212228,1423,12542,2944,4946,6913,8941,
113407712228,1287,12986,2966,15558,17460,19601,
113408712228,1373,12152,2984,4828,6978,8757,
113409212228,1507,1317,2916,4918,6897,9249,
113410712228,1388,1583,3085,4896,6952,9054,
113411712228,4529,14131,3195,4918,6886,8770,
113413712228,1257,11749,13733,5035,6952,8987,
113417212228,10305,12251,13665,4755,17807,8770,
113419712228,1626,12187,3209,4895,6948,8875,
113420212228,1174,1356,2953,4873,6703,9718,
113420712228,1352,11961,13898,4942,6955,8927,
113421712228,7930,12177,5314,5444,6933,8878,
113422712228,1279,11925,2937,4819,6723,8745,
113423712228,14236,24208,25103,15603,24166,24254,
113424212228,1216,11870,3075,4756,6916,8997,
113424712228,1309,12002,2810,4948,6943,8874,
113425712228,1095,1379,13857,4912,6703,8896,
113426212228,1303,11892,2881,4735,6677,8828,
113426712228,1365,11946,13881,5053,6842,8896,
113427212228,1133,11721,13462,4881,6888,8734,
113428212228,1270,11884,24904,15731,6885,8689,
113430212228,1301,12365,2995,5562,6919,8862,
113431212228,1149,1415,2727,4984,6704,8936,
113434212228,1408,11912,13766,4805,6949,8835,
113435712228,1092,1336,2768,4957,6711,19835,
113436212228,1225,11987,2875,4923,6768,8770,
113437212228,28310,12055,2739,4872,6902,8844,
113438212228,1136,11814,2834,4717,17727,19672,
113438712228,1361,11761,3077,4895,6869,8958,
113439212228,1109,1296,2983,4952,7025,8957,
113439712228,1451,12014,3000,60469,6919,19577,
113440212228,1352,11967,2911,4903,6678,8867,
113440712228,10459,11957,2735,4726,6903,9044,
113441212228,3937,14164,3665,4897,7076,8979,
113441712228,1287,11972,2991,5026,6886,8750,
113443212228,1122,1363,2965,4882,6694,8896,
113445212228,1250,11955,2760,4739,17724,8850,
113446212228,1248,11705,2955,4908,6819,8751,
113446712228,1289,1499,2970,5145,6824,8972,
113448212228,1393,1296,2934,5098,7031,9000,
113451212228,1349,20046,3045,4850,6916,8937,
113454712228,12764,1400,13695,4976,7008,19901,
113455212228,1409,11687,2975,4771,6755,8875,
113455712228,1072,1329,3347,4892,7017,8992,
113456212228,5762,1524,13817,15975,17961,8955,
113456712228,1070,1336,3049,4906,6818,8771,
113457712228,3299,11897,3096,15999,6956,9030,
113459712228,1536,12903,2896,4896,6759,8850,
113460212228,1460,1263,3059,5083,7089,8978,
113461712228,26695,36816,36939,37642,29096,30651,
113462212228,10358,11895,2930,4750,6882,8943,
113462712228,1264,1417,13627,4964,6994,8710,
113463212228,1080,1315,3038,4940,6831,8844,
113464212228,1273,1450,2897,4744,6951,8876,
113464712228,1496,12042,3381,5084,7034,9008,
113465212228,1297,1145,13516,4859,6747,8828,
113466212228,1409,1946,3596,5001,6873,8963,
113468212228,1351,11916,13830,5094,6900,8726,
113469712228,1385,22621,25100,4889,18153,19632,
113470212228,1535,1332,2981,4977,6909,8930,
113471212228,3808,14261,13932,4981,6894,8702,
113471712228,1464,12073,13890,4753,6897,8757,
113472712228,1426,11911,3026,4883,7070,8825,
113473712228,1468,1895,3146,4721,6935,8805,
113474712228,4977,12039,2882,4885,6848,8922,
113475212228,1367,12007,3115,5012,6822,8658,
113476212228,1129,12146,13761,4945,7014,9015,
113476712228,1190,11738,2939,4903,6818,8849,
113477212228,121224,1944,3024,4904,7023,8895,
113478212228,1118,11630,2820,4895,6714,8737,
113479212228,1350,12238,2964,5283,7001,8866,
113480712228,1528,12174,2915,5047,6893,8757,
113481212228,18652,12196,3145,4909,6984,8954,
113481712228,1360,12007,13956,4919,6937,9095,
113482212228,1244,11823,2754,4739,6852,8752,
113482712228,1332,11907,3009,4916,6709,8882,
113483212228,877,715,2542,4456,6468,8507,
113483712228,16074,12076,2942,4851,6969,8909,
113484212228,1148,12466,2970,5012,8146,9739,
113484712228,1511,11937,2941,4762,6938,9092,
113485212228,1061,23553,2884,4743,7130,9075,
113486212228,1433,12100,2934,4881,6750,9029,
113488212228,20064,33594,20692,48052,28750,20854,
113490712228,1484,12011,13663,4979,6937,8893,
113491212228,11135,23147,10929,15716,11472,11369,
113491712228,1443,12130,3026,4811,7063,8845,
113492712228,1144,12547,2969,4870,6901,8764,
113493212228,1489,1386,3089,4843,6887,8934,
113494712228,1326,12009,2954,4831,6758,8923,
113495212228,1331,12058,3025,4837,6941,8972,
113495712228,1811,1634,2916,4762,6769,8770,
113496712228,1130,1334,3001,4904,6837,8719,
113497212228,4479,12205,3090,5079,6911,9005,
113499712228,3289,11725,3106,5014,7179,8911,
113501212228,1653,12399,3063,5020,7099,8825,
113502212228,1177,11733,2944,4841,7135,8944,
113502712228,1111,1370,2923,4866,7428,8938,

