,W-0,R-0,R-1,R-2,R-3,R-4,
133871809984,1,1,1,1,1,1,
133873309984,1,1,1,1,1,1,
133874309984,1,1,1,1,1,1,
133875309984,1,1,1,1,1,1,
133876309984,1,2,2,2,2,2,
133876809984,1,1,1,1,1,1,
133877309984,1,2,1,1,1,1,
133877809984,1,1,1,1,1,1,
133878309984,1,1,1,1,1,1,
133878809984,1,2,2,2,2,2,
133880309984,1,1,1,1,1,1,
133881309984,1,1,1,1,1,1,
133881809984,1,1,1,1,1,1,
133882309984,1,1,1,1,1,1,
133882809984,1,1,1,1,1,1,
133883309984,1,1,1,1,1,1,
133883809984,1,1,1,1,1,1,
133884309984,1,1,1,1,1,1,
133885309984,1,2,1,1,1,1,
133885809984,1,2,1,1,1,1,
133886309984,1,1,1,1,1,1,
133886809984,1,1,1,1,1,1,
133887809984,1,1,1,1,1,1,
133888809984,1,1,1,1,1,1,
133889309984,1,1,1,1,1,1,
133891309984,1,1,1,1,1,1,
133891809984,1,1,1,1,1,1,
133892309984,1,1,1,1,1,1,
133892809984,1,1,1,1,1,1,
133893309984,1,1,1,1,1,1,
133895809984,1,1,1,1,1,1,
133896809984,1,1,1,1,1,1,
133897309984,1,1,1,1,1,1,
133897809984,1,1,1,1,1,1,
133898309984,1,1,1,1,1,1,
133898809984,1,1,1,1,1,1,
133899809984,1,1,1,1,1,1,
133900309984,1,1,1,1,1,1,
133900809984,1,1,1,1,1,1,
133902809984,1,1,1,1,1,1,
133903309984,1,1,1,1,1,1,
133904809984,1,1,1,1,1,1,
133905309984,1,2,1,1,1,1,
133905809984,1,1,1,1,1,1,
133906309984,1,1,1,1,1,1,
133907309984,1,1,1,1,1,1,
133908809984,1,2,1,1,1,1,
133909309984,1,1,1,1,1,1,
133909809984,1,2,1,1,1,1,
133910809984,1,1,1,1,1,1,
133912309984,1,1,1,1,1,1,
133913309984,1,1,1,1,1,1,
133914809984,1,1,1,1,1,1,
133915309984,1,1,1,1,1,1,
133916309984,1,1,1,1,1,1,
133916809984,1,1,1,1,1,1,
133918309984,1,1,1,1,1,1,
133918809984,1,1,1,1,1,1,
133919309984,1,2,1,1,1,1,
133919809984,1,1,1,1,1,1,
133921809984,1,1,1,1,1,1,
133923809984,1,1,1,1,1,1,
133924309984,1,1,1,1,1,1,
133925809984,1,2,1,1,1,1,
133927309984,1,1,1,1,1,1,
133929809984,1,1,1,1,1,1,
133930309984,1,2,1,1,1,1,
133931309984,1,1,1,1,1,1,
133931809984,1,1,1,1,1,1,
133932309984,1,1,1,1,1,1,
133933309984,1,1,1,1,1,1,
133935809984,1,1,1,1,1,1,
133936309984,1,1,1,1,1,1,
133937309984,1,2,1,1,1,1,
133937809984,1,1,1,1,1,1,
133938309984,1,1,1,1,1,1,
133938809984,1,1,1,1,1,1,
133940809984,1,1,1,1,1,1,
133941809984,1,1,1,1,1,1,
133944309984,1,1,1,1,1,1,
133945309984,1,1,1,1,1,1,
133945809984,1,1,1,1,1,1,
133948309984,1,2,1,1,1,1,
133948809984,1,1,1,1,1,1,
133949809984,1,1,1,1,1,1,
133952309984,1,1,1,1,1,1,
133953809984,1,2,1,1,1,1,
133954309984,1,1,1,1,1,1,
133954809984,1,1,1,1,1,1,
133955309984,1,2,1,1,1,1,
133955809984,1,2,1,1,1,1,
133956309984,1,1,1,1,1,1,
133956809984,1,1,1,1,1,1,
133958309984,1,2,1,1,1,1,
133958809984,1,1,1,1,1,1,
133959309984,1,1,1,1,1,1,
133961809984,1,1,1,1,1,1,
133962309984,1,1,1,1,1,1,
133963309984,1,1,1,1,1,1,
133964309984,1,1,1,1,1,1,
133964809984,1,1,1,1,1,1,
133965309984,1,1,1,1,1,1,
133965809984,1,1,1,1,1,1,
133968309984,1,1,1,1,1,1,
133970309984,1,1,1,1,1,1,
133970809984,1,2,1,1,1,1,
133971309984,1,2,1,1,1,1,
133971809984,1,1,1,1,1,1,
133972309984,1,1,1,1,1,1,
133972809984,1,1,1,1,1,1,
133974309984,1,1,1,1,1,1,
133975309984,1,1,1,1,1,1,
133975809984,1,1,1,1,1,1,
133976309984,1,1,1,1,1,1,
133976809984,1,1,1,1,1,1,
133978309984,1,1,1,1,1,1,
133978809984,1,2,1,1,1,1,
133979809984,1,1,1,1,1,1,
133981809984,1,1,1,1,1,1,
133982809984,1,1,1,1,1,1,
133983809984,1,1,1,1,1,1,
133984809984,1,1,1,1,1,1,
133985309984,1,1,1,1,1,1,
133986809984,1,2,1,1,1,1,
133989309984,1,2,1,1,1,1,
133990309984,1,2,1,1,1,1,
133992809984,1,1,1,1,1,1,
133993309984,1,1,1,1,1,1,
133993809984,1,1,1,1,1,1,
133994309984,1,1,1,1,1,1,
133995809984,1,1,1,1,1,1,
133996309984,1,1,1,1,1,1,
133996809984,1,1,1,1,1,1,
133998809984,1,1,1,1,1,1,
134000309984,1,1,1,1,1,1,
134000809984,1,1,1,1,1,1,
134001309984,1,2,1,1,1,1,
134001809984,1,1,1,1,1,1,
134002309984,1,1,1,1,1,1,
134002809984,1,1,1,1,1,1,
134003309984,1,1,1,1,1,1,
134004809984,1,1,1,1,1,1,
134005809984,1,1,1,1,1,1,
134006309984,1,1,1,1,1,1,
134006809984,1,1,1,1,1,1,
134007309984,1,2,1,1,1,1,
134008309984,1,1,1,1,1,1,
134009309984,1,1,1,1,1,1,
134010309984,1,2,1,1,1,1,
134010809984,1,1,1,1,1,1,
134011309984,1,1,1,1,1,1,
134013809984,1,2,1,1,1,1,
134015809984,1,1,1,1,1,1,
134017309984,1,1,1,1,1,1,
134019309984,1,2,1,1,1,1,
134019809984,1,1,1,1,1,1,
134020809984,1,2,1,1,1,1,
134021809984,1,2,1,1,1,1,
134022309984,1,2,1,1,1,1,
134022809984,1,1,1,1,1,1,
134025309984,1,1,1,1,1,1,
134026309984,1,1,1,1,1,1,
134027809984,1,1,1,1,1,1,
134030309984,1,1,1,1,1,1,
134031809984,1,1,1,1,1,1,
134033309984,1,1,1,1,1,1,
134034809984,1,1,1,1,1,1,
134036309984,1,1,1,1,1,1,
134036809984,1,1,1,1,1,1,
134037309984,1,1,1,1,1,1,
134037809984,1,1,1,1,1,1,
134038309984,1,1,1,1,1,1,
134039309984,1,2,1,1,1,1,
134039809984,1,1,1,1,1,1,
134040309984,1,1,1,1,1,1,
134041309984,1,1,1,1,1,1,
134043309984,1,1,1,1,1,1,
134044309984,1,1,1,1,1,1,
134047309984,1,1,1,1,1,1,
134047809984,1,1,1,1,1,1,
134048809984,1,1,1,1,1,1,
134050309984,1,1,1,1,1,1,
134050809984,1,1,1,1,1,1,
134051309984,1,2,1,1,1,1,
134051809984,1,2,1,1,1,1,
134052809984,1,1,1,1,1,1,
134053809984,1,1,1,1,1,1,
134054309984,1,1,1,1,1,1,
134055309984,1,1,1,1,1,1,
134056809984,1,1,1,1,1,1,
134057309984,1,1,1,1,1,1,
134058309984,1,2,1,1,1,1,
134058809984,1,1,1,1,1,1,
134059309984,1,1,1,1,1,1,
134059809984,1,1,1,1,1,1,
134061809984,1,1,1,1,1,1,
134062309984,1,1,1,1,1,1,
134063809984,1,2,1,1,1,1,
134064309984,1,2,1,1,1,1,
134064809984,1,2,1,1,1,1,
134066809984,1,1,1,1,1,1,
134067809984,1,1,1,1,1,1,
134071809984,1,1,1,1,1,1,
134072309984,1,1,1,1,1,1,
134073309984,1,1,1,1,1,1,
134073809984,1,1,1,1,1,1,
134074809984,1,2,1,1,1,1,
134075309984,1,1,1,1,1,1,
134075809984,1,1,1,1,1,1,
134076809984,1,1,1,1,1,1,
134077309984,1,2,1,1,1,1,
134078809984,1,2,1,1,1,1,
134079309984,1,1,1,1,1,1,
134080809984,1,1,1,1,1,1,
134081309984,1,1,1,1,1,1,
134081809984,1,2,1,1,1,1,
134082809984,1,1,1,1,1,1,
134083809984,1,2,1,1,1,1,
134085309984,1,1,1,1,1,1,
134086309984,1,1,1,1,1,1,
134088309984,1,1,1,1,1,1,
134088809984,1,1,1,1,1,1,
134089309984,1,1,1,1,1,1,
134089809984,1,1,1,1,1,1,
134090809984,1,1,1,1,1,1,
134091309984,1,1,1,1,1,1,
134091809984,1,1,1,1,1,1,
134092309984,1,1,1,1,1,1,
134092809984,1,1,1,1,1,1,
134093309984,1,1,1,1,1,1,
134095309984,1,1,1,1,1,1,
134096309984,1,1,1,1,1,1,
134097809984,1,1,1,1,1,1,
134100309984,1,2,1,1,1,1,
134100809984,1,1,1,1,1,1,
134101309984,1,1,1,1,1,1,
134102809984,1,1,1,1,1,1,
134103309984,1,1,1,1,1,1,
134104309984,1,1,1,1,1,1,
134105309984,1,1,1,1,1,1,
134105809984,1,1,1,1,1,1,
134106309984,1,1,1,1,1,1,
134106809984,1,1,1,1,1,1,
134107309984,1,1,1,1,1,1,
134107809984,1,1,1,1,1,1,
134108309984,1,1,1,1,1,1,
134108809984,1,1,1,1,1,1,
134109309984,1,1,1,1,1,1,
134109809984,1,1,1,1,1,1,
134110809984,1,1,1,1,1,1,
134111309984,1,2,1,1,1,1,
134111809984,1,1,1,1,1,1,
134112809984,1,1,1,1,1,1,
134113309984,1,2,1,1,1,1,
134114309984,1,1,1,1,1,1,
134114809984,1,1,1,1,1,1,
134115309984,1,1,1,1,1,1,
134115809984,1,1,1,1,1,1,
134116809984,1,1,1,1,1,1,
134117309984,1,2,1,1,1,1,
134117809984,1,1,1,1,1,1,
134118309984,1,1,1,1,1,1,
134120809984,1,1,1,1,1,1,
134121309984,1,1,1,1,1,1,
134123309984,1,1,1,1,1,1,
134125809984,1,1,1,1,1,1,
134129309984,1,1,1,1,1,1,
134129809984,1,1,1,1,1,1,
134131309984,1,1,1,1,1,1,
134131809984,1,1,1,1,1,1,
134132309984,1,1,1,1,1,1,
134133809984,1,1,1,1,1,1,
134134309984,1,1,1,1,1,1,
134135309984,1,1,1,1,1,1,
134136309984,1,1,1,1,1,1,
134136809984,1,1,1,1,1,1,
134137309984,1,1,1,1,1,1,
134137809984,1,2,1,1,1,1,
134139309984,1,2,1,1,1,1,
134140309984,1,1,1,1,1,1,
134140809984,1,1,1,1,1,1,
134141809984,1,2,1,1,1,1,
134142809984,1,2,2,1,1,1,
134143309984,1,2,1,1,1,1,
134143809984,1,1,1,1,1,1,
134146809984,1,1,1,1,1,1,
134147809984,1,1,1,1,1,1,
134149309984,1,2,1,1,1,1,
134150309984,1,1,1,1,1,1,
134151309984,1,1,1,1,1,1,
134152809984,1,1,1,1,1,1,
134153309984,1,1,1,1,1,1,
134153809984,1,1,1,1,1,1,
134156309984,1,2,1,1,1,1,
134156809984,1,2,1,1,1,1,
134158309984,1,1,1,1,1,1,
134158809984,1,1,1,1,1,1,
134159309984,1,1,1,1,1,1,
134160809984,1,1,1,1,1,1,
134161309984,1,1,1,1,1,1,
134161809984,1,1,1,1,1,1,
134162809984,1,1,1,1,1,1,
134165809984,1,1,1,1,1,1,
134166309984,1,1,1,1,1,1,
134167309984,1,1,1,1,1,1,
134167809984,1,1,1,1,1,1,
134169309984,1,2,1,1,1,1,
134170309984,1,1,1,1,1,1,
134171809984,1,1,1,1,1,1,
134172309984,1,1,1,1,1,1,
134172809984,1,1,1,1,1,1,
134175309984,1,1,1,1,1,1,
134176309984,1,1,1,1,1,1,
134176809984,1,1,1,1,1,1,
134177809984,1,1,1,1,1,1,
134180809984,1,1,1,1,1,1,
134181309984,1,1,1,1,1,1,
134182309984,1,2,1,1,1,1,
134183809984,1,1,1,1,1,1,
134185809984,1,1,1,1,1,1,
134186309984,1,1,1,1,1,1,
134187809984,1,1,1,1,1,1,
134188809984,1,1,1,1,1,1,
134189309984,1,2,1,1,1,1,
134190309984,1,1,1,1,1,1,
134192309984,1,2,1,1,1,1,
134192809984,1,2,1,1,1,1,
134194309984,1,1,1,1,1,1,
134194809984,1,1,1,1,1,1,
134195809984,1,1,1,1,1,1,
134197309984,1,1,1,1,1,1,
134198309984,1,1,1,1,1,1,
134200309984,1,1,1,1,1,1,
134200809984,1,1,1,1,1,1,
134201309984,1,1,1,1,1,1,
134202309984,1,1,1,1,1,1,
134204809984,1,2,1,1,1,1,
134210809984,1,2,1,1,1,1,
134211309984,1,1,1,1,1,1,
134212309984,1,1,1,1,1,1,
134212809984,1,1,1,1,1,1,
134215809984,1,1,1,1,1,1,
134217309984,1,1,1,1,1,1,
134217809984,1,1,1,1,1,1,
134218309984,1,1,1,1,1,1,
134218809984,1,2,1,1,1,1,
134219309984,1,1,1,1,1,1,
134219809984,1,1,1,1,1,1,
134222309984,1,1,1,1,1,1,
134224309984,1,1,1,1,1,1,
134224809984,1,2,1,1,1,1,
134225809984,1,1,1,1,1,1,
134226309984,1,1,1,1,1,1,
134226809984,1,1,1,1,1,1,
134227309984,1,1,1,1,1,1,
134227809984,1,1,1,1,1,1,
134228809984,1,1,1,1,1,1,
134229309984,1,1,1,1,1,1,
134229809984,1,1,1,1,1,1,
134230809984,1,1,1,1,1,1,
134231309984,1,1,1,1,1,1,
134231809984,1,1,1,1,1,1,
134233809984,1,1,1,1,1,1,
134235309984,1,1,1,1,1,1,
134235809984,1,1,1,1,1,1,
134236809984,1,1,1,1,1,1,
134237309984,1,1,1,1,1,1,
134238809984,1,1,1,1,1,1,
134239809984,1,1,1,1,1,1,
134241309984,1,1,1,1,1,1,
134242309984,1,1,1,1,1,1,
134242809984,1,1,1,1,1,1,
134243309984,1,1,1,1,1,1,
134245809984,1,1,1,1,1,1,
134246309984,1,1,1,1,1,1,
134247309984,1,1,1,1,1,1,
134247809984,1,1,1,1,1,1,
134249309984,1,1,1,1,1,1,
134250309984,1,1,1,1,1,1,
134252309984,1,1,1,1,1,1,
134255809984,1,1,1,1,1,1,
134258309984,1,1,1,1,1,1,
134258809984,1,2,1,1,1,1,
134259309984,1,1,1,1,1,1,
134260309984,1,1,1,1,1,1,
134261309984,1,1,1,1,1,1,
134262309984,1,1,1,1,1,1,
134262809984,1,2,1,1,1,1,
134263309984,1,1,1,1,1,1,
134264309984,1,1,1,1,1,1,
134264809984,1,2,1,1,1,1,
134265309984,1,1,1,1,1,1,
134265809984,1,1,1,1,1,1,
134266809984,1,1,1,1,1,1,
134268809984,1,1,1,1,1,1,
134269809984,1,1,1,1,1,1,
134272809984,1,2,1,1,1,1,
134274309984,1,1,2,1,1,1,
134274809984,1,2,1,1,1,1,
134275809984,1,1,1,1,1,1,
134276809984,1,1,1,1,1,1,
134277309984,1,1,1,1,1,1,
134277809984,1,2,1,1,1,1,
134278309984,1,2,1,1,1,1,
134278809984,1,1,1,1,1,1,
134279309984,1,1,1,1,1,1,
134279809984,1,1,1,1,1,1,
134280309984,1,1,1,1,1,1,
134281809984,1,1,1,1,1,1,
134283809984,1,1,1,1,1,1,
134284809984,1,2,1,1,1,1,
134285309984,1,1,1,1,1,1,
134286809984,1,2,2,1,1,1,
134289809984,1,1,1,1,1,1,
134293309984,1,1,1,1,1,1,
134293809984,1,2,1,1,1,1,
134294309984,1,1,1,1,1,1,
134294809984,1,1,1,1,1,1,
134295309984,1,1,1,1,1,1,
134296309984,1,2,1,1,1,1,
134298309984,1,2,1,1,1,1,
134298809984,1,1,1,1,1,1,
134300309984,1,1,1,1,1,1,
134300809984,1,1,1,1,1,1,
134301309984,1,2,1,1,1,1,
134301809984,1,1,1,1,1,1,
134302809984,1,2,1,1,1,1,
134303309984,1,1,1,1,1,1,
134303809984,1,1,1,1,1,1,
134304809984,1,2,1,1,1,1,
134306809984,1,1,1,1,1,1,
134308309984,1,1,1,1,1,1,
134308809984,1,1,1,1,1,1,
134309809984,1,1,1,1,1,1,
134310309984,1,1,1,1,1,1,
134311309984,1,1,1,1,1,1,
134312309984,1,1,1,1,1,1,
134313309984,1,2,1,1,1,1,
134313809984,1,1,1,1,1,1,
134314809984,1,2,1,1,1,1,
134315309984,1,1,1,1,1,1,
134315809984,1,1,1,1,1,1,
134316809984,1,1,1,1,1,1,
134317809984,1,2,1,1,1,1,
134319309984,1,2,1,1,1,1,
134319809984,1,1,1,1,1,1,
134320309984,1,1,1,1,1,1,
134320809984,1,1,1,1,1,1,
134321309984,1,1,1,1,1,1,
134321809984,1,1,1,1,1,1,
134322309984,1,1,1,1,1,1,
134322809984,1,1,1,1,1,1,
134323309984,1,1,1,1,1,1,
134323809984,1,1,1,1,1,1,
134324809984,1,1,1,1,1,1,
134326809984,1,1,1,1,1,1,
134329309984,1,2,1,1,1,1,
134329809984,1,1,1,1,1,1,
134330309984,1,1,1,1,1,1,
134331309984,1,1,1,1,1,1,
134331809984,1,1,1,1,1,1,
134333309984,1,1,1,1,1,1,
134333809984,1,2,1,1,1,1,
134334309984,1,1,1,1,1,1,
134335309984,1,1,1,1,1,1,
134335809984,1,2,1,1,1,1,
134338309984,1,1,1,1,1,1,
134339809984,1,1,1,1,1,1,
134340809984,1,2,1,1,1,1,
134341309984,1,1,1,1,1,1,

