,W-0,R-0,R-1,R-2,R-3,R-4,
114223301170,1,1,1,1,1,1,
114224801170,1,1,1,1,1,1,
114225801170,1,1,1,1,1,1,
114226801170,1,1,1,1,1,1,
114227801170,1,1,1,1,1,1,
114228301170,1,1,1,1,1,1,
114228801170,1,1,1,1,1,1,
114229301170,1,1,1,1,1,1,
114229801170,1,1,1,1,1,1,
114230301170,1,1,1,1,1,1,
114231801170,1,1,1,1,1,1,
114232801170,1,1,1,1,1,1,
114233301170,1,1,1,1,1,1,
114233801170,1,1,1,1,1,1,
114234301170,1,1,1,1,1,1,
114234801170,1,1,1,1,1,1,
114235301170,1,1,1,1,1,1,
114235801170,1,1,1,1,1,1,
114236801170,1,1,1,1,1,1,
114237301170,1,1,1,1,1,1,
114237801170,1,2,1,1,1,1,
114238301170,1,1,1,1,1,1,
114239301170,1,1,1,1,1,1,
114240301170,1,1,1,1,1,1,
114240801170,1,1,1,1,1,1,
114242801170,1,2,1,1,1,1,
114243301170,1,2,1,1,1,1,
114243801170,1,2,1,1,1,1,
114244301170,1,1,1,1,1,1,
114244801170,1,1,1,1,1,1,
114247301170,1,1,1,1,1,1,
114248301170,1,1,1,1,1,1,
114248801170,1,2,1,1,1,1,
114249301170,1,1,1,1,1,1,
114249801170,1,2,2,2,1,1,
114250301170,1,1,1,1,1,1,
114251301170,1,1,1,1,1,1,
114251801170,1,2,1,1,1,1,
114252301170,1,2,1,1,1,1,
114254301170,1,1,1,1,1,1,
114254801170,1,1,1,1,1,1,
114256301170,1,1,1,1,1,1,
114256801170,1,2,1,1,1,1,
114257301170,1,1,1,1,1,1,
114257801170,1,1,1,1,1,1,
114258801170,1,2,1,2,2,2,
114260301170,1,1,1,1,1,1,
114260801170,1,2,1,1,1,1,
114261301170,1,1,1,1,1,1,
114262301170,1,1,1,1,1,1,
114263801170,1,1,1,1,1,1,
114264801170,1,1,1,1,1,1,
114266301170,1,1,1,1,1,1,
114266801170,1,1,1,1,1,1,
114267801170,1,1,1,1,1,1,
114268301170,1,1,1,1,1,1,
114269801170,1,1,1,1,1,1,
114270301170,1,1,1,1,1,1,
114270801170,1,1,1,1,1,1,
114271301170,1,1,1,1,1,1,
114273301170,1,1,1,1,1,1,
114275301170,1,1,1,1,1,1,
114275801170,1,1,1,1,1,1,
114277301170,1,2,1,1,1,1,
114278801170,1,1,1,1,1,1,
114281301170,1,1,1,1,1,1,
114281801170,1,2,1,1,1,1,
114282801170,1,1,1,1,1,1,
114283301170,1,2,1,1,1,1,
114283801170,1,1,1,1,1,1,
114284801170,1,1,1,1,1,1,
114287301170,1,1,1,1,1,1,
114287801170,1,1,1,1,1,1,
114288801170,1,1,1,1,1,1,
114289301170,1,2,1,1,1,1,
114289801170,1,1,1,1,1,1,
114290301170,1,1,1,1,1,1,
114292301170,1,2,1,1,1,1,
114293301170,1,1,1,1,1,1,
114295801170,1,1,1,1,1,1,
114296801170,1,1,1,1,1,1,
114297301170,1,1,1,1,1,1,
114299801170,1,1,1,1,1,1,
114300301170,1,1,1,1,1,1,
114301301170,1,1,1,1,1,1,
114303801170,1,1,1,1,1,1,
114305301170,1,1,1,1,1,1,
114305801170,1,1,1,1,1,1,
114306301170,1,1,1,1,1,1,
114306801170,1,1,1,1,1,1,
114307301170,1,1,1,1,1,1,
114307801170,1,2,1,1,1,1,
114308301170,1,2,2,2,1,1,
114309801170,1,2,1,1,1,1,
114310301170,1,1,1,1,1,1,
114310801170,1,1,1,1,1,1,
114313301170,1,1,1,1,1,1,
114313801170,1,1,1,1,1,1,
114314801170,1,1,1,1,1,1,
114315801170,1,1,1,1,1,1,
114316301170,1,2,1,1,1,1,
114316801170,1,2,1,1,1,1,
114317301170,1,2,1,1,1,1,
114319801170,1,1,1,1,1,1,
114321801170,1,1,1,1,1,1,
114322301170,1,2,1,1,1,1,
114322801170,1,2,1,1,1,1,
114323301170,1,1,1,1,1,1,
114323801170,1,1,1,1,1,1,
114324301170,1,1,1,1,1,1,
114325801170,1,1,1,1,1,1,
114326801170,1,2,1,1,1,1,
114327301170,1,2,1,1,1,1,
114327801170,1,1,1,1,1,1,
114328301170,1,1,1,1,1,1,
114329801170,1,2,1,1,1,1,
114330301170,1,1,1,1,1,1,
114331301170,1,2,1,1,1,1,
114333301170,1,1,1,1,1,1,
114334301170,1,1,1,1,1,1,
114335301170,1,1,1,1,1,1,
114336301170,1,1,1,1,1,1,
114336801170,1,1,1,1,1,1,
114338301170,1,1,1,1,1,1,
114340801170,1,2,2,2,1,1,
114341801170,1,1,1,1,1,1,
114344301170,1,1,1,1,1,1,
114344801170,1,1,1,1,1,1,
114345301170,1,1,1,1,1,1,
114345801170,1,1,1,1,1,1,
114347301170,1,1,1,1,1,1,
114347801170,1,2,1,1,1,1,
114348301170,1,2,1,1,1,1,
114350301170,1,2,1,1,1,1,
114351801170,1,1,1,1,1,1,
114352301170,1,1,1,1,1,1,
114352801170,1,1,1,1,1,1,
114353301170,1,1,1,1,1,1,
114353801170,1,1,1,1,1,1,
114354301170,1,1,1,1,1,1,
114354801170,1,2,1,1,1,1,
114356301170,1,1,1,1,1,1,
114357301170,1,1,1,1,1,1,
114357801170,1,1,1,1,1,1,
114358301170,1,1,1,1,1,1,
114358801170,1,1,1,1,1,1,
114359801170,1,2,1,1,1,1,
114360801170,1,1,1,1,1,1,
114361801170,1,1,1,1,1,1,
114362301170,1,1,1,1,1,1,
114362801170,1,1,1,1,1,1,
114365301170,1,1,1,1,1,1,
114367301170,1,1,1,1,1,1,
114368801170,1,2,1,1,1,1,
114370801170,1,1,1,1,1,1,
114371301170,1,1,1,1,1,1,
114372301170,1,1,1,1,1,1,
114373301170,1,1,1,1,1,1,
114373801170,1,2,1,1,1,1,
114374301170,1,1,1,1,1,1,
114376801170,1,1,1,1,1,1,
114377801170,1,1,1,1,1,1,
114379301170,1,1,1,1,1,1,
114381801170,1,1,1,1,1,1,
114383301170,1,1,1,1,1,1,
114384801170,1,1,1,1,1,1,
114386301170,1,1,1,1,1,1,
114387801170,1,1,1,1,1,1,
114388301170,1,1,1,1,1,1,
114388801170,1,1,1,1,1,1,
114389301170,1,1,1,1,1,1,
114389801170,1,1,1,1,1,1,
114390801170,1,1,1,1,1,1,
114391301170,1,1,1,1,1,1,
114391801170,1,1,1,1,1,1,
114392801170,1,2,1,1,1,1,
114394801170,1,1,1,1,1,1,
114395801170,1,2,1,1,1,1,
114398801170,1,1,1,1,1,1,
114399301170,1,2,1,1,1,1,
114400301170,1,1,1,1,1,1,
114401801170,1,1,1,1,1,1,
114402301170,1,2,1,1,1,1,
114402801170,1,2,1,1,1,1,
114403301170,1,1,1,1,1,1,
114404301170,1,1,1,1,1,1,
114405301170,1,1,1,1,1,1,
114405801170,1,1,1,1,1,1,
114406801170,1,2,1,1,1,1,
114408301170,1,1,1,1,1,1,
114408801170,1,1,1,1,1,1,
114409801170,1,1,1,1,1,1,
114410301170,1,1,1,1,1,1,
114410801170,1,2,1,1,1,1,
114411301170,1,1,1,1,1,1,
114413301170,1,1,1,1,1,1,
114413801170,1,1,1,1,1,1,
114415301170,1,1,1,1,1,1,
114415801170,1,1,1,1,1,1,
114416301170,1,1,1,1,1,1,
114418301170,1,1,1,1,1,1,
114419301170,1,2,1,1,1,1,
114423301170,1,1,1,1,1,1,
114423801170,1,2,1,1,1,1,
114424801170,1,1,1,1,1,1,
114425301170,1,1,1,1,1,1,
114426301170,1,2,1,1,1,1,
114426801170,1,2,1,1,1,1,
114427301170,1,1,1,1,1,1,
114428301170,1,1,1,1,1,1,
114428801170,1,1,1,1,1,1,
114430301170,1,2,1,1,1,1,
114430801170,1,1,1,1,1,1,
114432301170,1,1,1,1,1,1,
114432801170,1,1,1,1,1,1,
114433301170,1,1,1,1,1,1,
114434301170,1,2,1,1,1,1,
114435301170,1,1,1,1,1,1,
114436801170,1,2,1,1,1,1,
114437801170,1,2,1,1,1,1,
114439801170,1,1,1,1,1,1,
114440301170,1,1,1,1,1,1,
114440801170,1,2,2,2,2,2,
114441301170,1,1,1,1,1,1,
114442301170,1,1,1,1,1,1,
114442801170,1,1,1,1,1,1,
114443301170,1,2,1,1,1,1,
114443801170,1,1,1,1,1,1,
114444301170,1,1,1,1,1,1,
114444801170,1,1,1,1,1,1,
114446801170,1,1,1,1,1,1,
114447801170,1,1,1,1,1,1,
114449301170,1,1,1,1,1,1,
114451801170,1,1,1,1,1,1,
114452301170,1,1,1,1,1,1,
114452801170,1,2,1,1,1,1,
114454301170,1,1,1,1,1,1,
114454801170,1,1,1,1,1,1,
114455801170,1,1,1,1,1,1,
114456801170,1,1,1,1,1,1,
114457301170,1,1,1,1,1,1,
114457801170,1,2,1,1,1,1,
114458301170,1,2,1,1,1,1,
114458801170,1,1,1,1,1,1,
114459301170,1,1,1,1,1,1,
114459801170,1,1,1,1,1,1,
114460301170,1,2,1,1,1,1,
114460801170,1,1,1,1,1,1,
114461301170,1,1,1,1,1,1,
114462301170,1,1,1,1,1,1,
114462801170,1,1,1,1,1,1,
114463301170,1,1,1,1,1,1,
114464301170,1,1,1,1,1,1,
114464801170,1,1,1,1,1,1,
114465801170,1,1,1,1,1,1,
114466301170,1,1,1,1,1,1,
114466801170,1,2,1,1,1,1,
114467301170,1,2,1,1,1,1,
114468301170,1,1,1,1,1,1,
114468801170,1,2,1,1,1,1,
114469301170,1,1,1,1,1,1,
114469801170,1,1,1,1,1,1,
114472301170,1,1,1,1,1,1,
114472801170,1,1,1,1,1,1,
114474801170,1,1,1,1,1,1,
114477301170,1,1,1,1,1,1,
114480801170,1,1,1,1,1,1,
114481301170,1,1,1,1,1,1,
114482801170,1,1,1,1,1,1,
114483301170,1,1,1,1,1,1,
114483801170,1,1,1,1,1,1,
114485301170,1,2,1,1,1,1,
114485801170,1,1,1,1,1,1,
114486801170,1,1,1,1,1,1,
114487801170,1,2,1,1,1,1,
114488301170,1,1,1,1,1,1,
114488801170,1,1,1,1,1,1,
114489301170,1,1,1,1,1,1,
114490801170,1,1,1,1,1,1,
114491801170,1,1,1,1,1,1,
114492301170,1,2,1,1,1,1,
114493301170,1,2,1,1,1,1,
114494301170,1,2,1,1,1,1,
114494801170,1,1,1,1,1,1,
114495301170,1,1,1,1,1,1,
114498301170,1,2,2,2,1,1,
114499301170,1,1,1,1,1,1,
114500801170,1,1,1,1,1,1,
114501801170,1,1,1,1,1,1,
114502801170,1,2,1,1,1,1,
114504301170,1,1,1,1,1,1,
114504801170,1,1,1,1,1,1,
114505301170,1,2,1,1,1,1,
114507801170,1,2,1,1,1,1,
114508301170,1,1,1,1,1,1,
114509801170,1,1,1,1,1,1,
114510301170,1,1,1,1,1,1,
114510801170,1,2,1,1,1,1,
114512301170,1,1,1,1,1,1,
114512801170,1,1,1,1,1,1,
114513301170,1,1,1,1,1,1,
114514301170,1,1,1,1,1,1,
114517301170,1,1,1,1,1,1,
114517801170,1,1,1,1,1,1,
114518801170,1,1,1,1,1,1,
114519301170,1,2,1,1,1,1,
114520801170,1,1,1,1,1,1,
114521801170,1,2,1,1,1,1,
114523301170,1,1,1,1,1,1,
114523801170,1,1,1,1,1,1,
114524301170,1,1,1,1,1,1,
114526801170,1,1,1,1,1,1,
114527801170,1,2,1,1,1,1,
114528301170,1,2,1,1,1,1,
114529301170,1,1,1,1,1,1,
114532301170,1,2,1,1,1,1,
114532801170,1,1,1,1,1,1,
114533801170,1,1,1,1,1,1,
114535301170,1,1,1,1,1,1,
114537301170,1,1,1,1,1,1,
114537801170,1,1,1,1,1,1,
114539301170,1,2,1,1,1,1,
114540301170,1,1,1,1,1,1,
114540801170,1,1,1,1,1,1,
114541801170,1,1,1,1,1,1,
114543801170,1,2,1,1,1,1,
114544301170,1,1,1,1,1,1,
114545801170,1,1,1,1,1,1,
114546301170,1,2,1,1,1,1,
114547301170,1,1,1,1,1,1,
114548801170,1,1,1,1,1,1,
114549801170,1,1,1,1,1,1,
114551801170,1,1,1,1,1,1,
114552301170,1,2,1,1,1,1,
114552801170,1,2,1,1,1,1,
114553801170,1,1,1,1,1,1,
114556301170,1,2,1,1,1,1,
114562301170,1,1,1,1,1,1,
114562801170,1,1,1,1,1,1,
114563801170,1,1,1,1,1,1,
114564301170,1,1,1,1,1,1,
114567301170,1,1,1,1,1,1,
114568801170,1,1,1,1,1,1,
114569301170,1,1,1,1,1,1,
114569801170,1,1,1,1,1,1,
114570301170,1,1,1,1,1,1,
114570801170,1,1,1,1,1,1,
114571301170,1,1,1,1,1,1,
114573801170,1,1,1,1,1,1,
114575801170,1,1,1,1,1,1,
114576301170,1,1,1,1,1,1,
114577301170,1,1,1,1,1,1,
114577801170,1,2,1,1,1,1,
114578301170,1,1,1,1,1,1,
114578801170,1,1,1,1,1,1,
114579301170,1,1,1,1,1,1,
114580301170,1,1,1,1,1,1,
114580801170,1,2,1,1,1,1,
114581301170,1,1,1,1,1,1,
114582301170,1,1,1,1,1,1,
114582801170,1,1,1,1,1,1,
114583301170,1,1,1,1,1,1,
114585301170,1,2,1,1,1,1,
114586801170,1,1,1,1,1,1,
114587301170,1,1,1,1,1,1,
114588301170,1,2,1,1,1,1,
114588801170,1,2,1,1,1,1,
114590301170,1,1,1,1,1,1,
114591301170,1,2,1,1,1,1,
114592801170,1,1,1,1,1,1,
114593801170,1,1,1,1,1,1,
114594301170,1,1,1,1,1,1,
114594801170,1,2,1,1,1,1,
114597301170,1,1,1,1,1,1,
114597801170,1,1,1,1,1,1,
114598801170,1,1,1,1,1,1,
114599301170,1,1,1,1,1,1,
114600801170,1,1,1,1,1,1,
114601801170,1,1,1,1,1,1,
114603801170,1,1,1,1,1,1,
114607301170,1,1,1,1,1,1,
114609801170,1,1,1,1,1,1,
114610301170,1,2,1,1,1,1,
114610801170,1,1,1,1,1,1,
114611801170,1,1,1,1,1,1,
114612801170,1,1,1,1,1,1,
114613801170,1,1,1,1,1,1,
114614301170,1,1,2,1,1,1,
114614801170,1,2,1,1,1,1,
114615801170,1,1,1,1,1,1,
114616301170,1,2,1,1,1,1,
114616801170,1,2,1,1,1,1,
114617301170,1,2,1,1,1,1,
114618301170,1,1,1,1,1,1,
114620301170,1,1,1,1,1,1,
114621301170,1,1,1,1,1,1,
114624301170,1,1,1,1,1,1,
114625801170,1,1,1,1,1,1,
114626301170,1,1,1,1,1,1,
114627301170,1,1,1,1,1,1,
114628301170,1,1,1,1,1,1,
114628801170,1,1,1,1,1,1,
114629301170,1,1,1,1,1,1,
114629801170,1,1,1,1,1,1,
114630301170,1,1,1,1,1,1,
114630801170,1,1,1,1,1,1,
114631301170,1,1,1,1,1,1,
114631801170,1,1,1,1,1,1,
114633301170,1,2,1,1,1,1,
114635301170,1,1,1,1,1,1,
114636301170,1,2,1,1,1,1,
114636801170,1,1,1,1,1,1,
114638301170,1,1,1,1,1,1,
114641301170,1,2,1,1,1,1,
114644801170,1,1,1,1,1,1,
114645301170,1,1,1,1,1,1,
114645801170,1,1,1,1,1,1,
114646301170,1,1,1,1,1,1,
114646801170,1,2,1,1,1,1,
114647801170,1,1,1,1,1,1,
114649801170,1,1,1,1,1,1,
114650301170,1,1,1,1,1,1,
114651801170,1,1,1,1,1,1,
114652301170,1,1,1,1,1,1,
114652801170,1,1,1,1,1,1,
114653301170,1,1,1,1,1,1,
114654301170,1,2,1,1,1,1,
114654801170,1,1,1,1,1,1,
114655301170,1,2,1,1,1,1,
114656301170,1,1,1,1,1,1,
114658301170,1,1,1,1,1,1,
114659801170,1,1,1,1,1,1,
114660301170,1,1,1,1,1,1,
114661301170,1,2,1,1,1,1,
114661801170,1,1,1,1,1,1,
114662801170,1,1,1,1,1,1,
114663801170,1,1,1,1,1,1,
114664801170,1,1,1,1,1,1,
114665301170,1,1,1,1,1,1,
114666301170,1,1,1,1,1,1,
114666801170,1,1,1,1,1,1,
114667301170,1,1,1,1,1,1,
114668301170,1,2,1,1,1,1,
114669301170,1,1,1,1,1,1,
114670801170,1,2,1,1,1,1,
114671301170,1,1,1,1,1,1,
114671801170,1,1,1,1,1,1,
114672301170,1,1,1,1,1,1,
114672801170,1,1,1,1,1,1,
114673301170,1,1,1,1,1,1,
114673801170,1,1,1,1,1,1,
114674301170,1,1,1,1,1,1,
114674801170,1,1,1,1,1,1,
114675301170,1,1,1,1,1,1,
114676301170,1,1,1,1,1,1,
114678301170,1,2,1,1,1,1,
114680801170,1,1,1,1,1,1,
114681301170,1,2,1,1,1,1,
114681801170,1,1,1,1,1,1,
114682801170,1,1,1,1,1,1,
114683301170,1,2,1,1,1,1,
114684801170,1,2,1,1,1,1,
114685301170,1,1,1,1,1,1,
114685801170,1,1,1,1,1,1,
114686801170,1,1,1,1,1,1,
114687301170,1,2,1,1,1,1,
114689801170,1,1,1,1,1,1,
114691301170,1,1,1,1,1,1,
114692301170,1,2,1,1,1,1,
114692801170,1,1,1,1,1,1,

