,W-0,R-0,R-1,R-2,R-3,R-4,
124937279935,21882,12457,3244,5151,8566,11011,
124937779935,33292,14356,5131,6817,6994,9018,
124938779935,19334,12416,3209,5285,7181,9205,
124939779935,56261,23631,14501,4975,7237,9142,
124940779935,43511,1849,4048,5141,6992,9036,
124944279935,14296,12038,2942,5246,6954,9141,
124944779935,12280,1523,3027,5439,7008,8912,
124945779935,53968,12716,14432,5201,6939,9939,
124949779935,21556,12203,3199,4967,7060,9029,
124952279935,26910,11962,2833,4855,6814,8925,
124953279935,46205,11972,3050,5031,7125,8906,
124954779935,39944,12064,2921,4953,7156,20144,
124955279935,36307,12454,3524,4873,6932,8885,
124955779935,41326,12257,2779,4974,6878,9007,
124958779935,23035,1483,13890,4947,6859,8844,
124959279935,37981,1316,2812,4896,6876,8835,
124959779935,13165,12383,2983,4835,6872,8893,
124960279935,50158,11786,2959,15988,17830,8779,
124961279935,17402,12127,2854,5012,6893,8998,
124964279935,49951,23486,3242,5032,7061,9023,
124966279935,66207,1440,14219,4838,6983,9005,
124966779935,47483,1233,3005,4934,7305,8819,
124967279935,23490,14488,14597,16018,7006,8983,
124968779935,36823,12111,2952,4778,6915,8830,
124969279935,13351,12463,3262,5037,7005,9018,
124971779935,45515,12831,15202,5702,7297,8774,
124972779935,96049,34230,40488,52443,40920,41821,
124973279935,15779,12241,2909,4999,29002,8961,
124975279935,18647,12441,2936,4943,6872,8953,
124976279935,37260,1958,3054,4926,6961,9100,
124976779935,80413,13430,13950,4801,17718,30884,
124977779935,19372,12339,2959,4759,7241,8909,
124978779935,9384,12390,3021,4965,7032,9195,
124979279935,35639,12417,13835,4884,7165,8980,
124980779935,24479,12416,13997,26823,17994,9133,
124982279935,49572,12647,13959,5050,7057,9257,
124982779935,30958,12438,3256,4937,6891,8965,
124985279935,12035,1644,2918,4933,6985,8947,
124985779935,37694,12211,2992,4751,7002,8875,
124986279935,25366,12182,3043,5021,6984,8877,
124987279935,38044,1469,3254,4828,6849,8853,
124987779935,42322,1424,2934,4894,6939,9232,
124988279935,12172,12966,2757,4811,6997,9211,
124989779935,23818,12422,13947,4888,6794,9129,
124990279935,30886,11977,3156,5057,7113,9037,
124991279935,31870,12650,3245,5020,7518,9198,
124991779935,36445,1456,2801,5456,6791,8762,
124992779935,41457,12418,3048,4966,7031,8902,
124993279935,50004,1698,3165,4919,7196,9100,
124993779935,43675,12203,2958,4833,6818,8790,
124994279935,40393,12060,2865,4924,6950,8961,
124995779935,34874,11900,2899,4969,6903,9449,
124997779935,43798,12275,3235,5013,6956,8956,
124998779935,29853,44903,3106,4728,6701,8868,
124999279935,27593,12754,13925,5044,6943,8944,
124999779935,58369,12172,2930,4838,18485,19779,
125000279935,22388,12219,2989,4849,6882,8998,
125001779935,235592,11897,2896,4897,6777,8785,
125004279935,29361,23255,14318,5123,17952,8960,
125004779935,25406,12343,2779,5105,6840,8820,
125005279935,25232,12455,2870,4993,7115,8918,
125006279935,43417,13732,3285,4717,6850,8821,
125007279935,34147,1306,2989,4893,6847,8945,
125007779935,42535,12391,3045,4942,6882,8949,
125008279935,52402,12291,3184,5025,6805,8914,
125008779935,34598,12181,3205,4900,6928,8777,
125009779935,29166,12290,3154,5041,7261,9135,
125011279935,39543,1317,2869,4788,6822,8797,
125011779935,95689,11800,2848,4788,6800,8731,
125012279935,46823,12215,3507,5182,7049,8965,
125012779935,32731,1429,3158,16234,17934,8802,
125014279935,46018,12340,24739,4868,7178,8734,
125015279935,32657,12061,13975,5011,6898,8903,
125015779935,36824,12820,13855,4966,6812,8858,
125016279935,28866,12232,13797,4866,6965,9064,
125016779935,16175,12218,13694,4858,17595,8766,
125017779935,10744,11592,3235,4857,6943,8943,
125018279935,66436,12354,13966,5555,6764,19752,
125022279935,60511,1473,2912,4889,6849,9126,
125022779935,29830,12447,2974,4881,6865,8870,
125024779935,18749,12226,3020,4786,6809,8712,
125025279935,21440,11997,2800,4852,6836,8756,
125025779935,54283,12946,13979,5029,6985,9184,
125026279935,39049,11822,2684,4837,6704,8885,
125027779935,55044,11859,2852,5176,7061,8953,
125028779935,45803,1272,14360,4807,6753,8783,
125031279935,10353,1576,13764,4756,6806,8907,
125031779935,25189,1542,2986,16734,6846,8717,
125032279935,166535,12310,2814,4857,7330,8808,
125032779935,19294,1460,2885,4792,6805,8784,
125033779935,77019,19656,19969,26672,28952,19783,
125034279935,22318,1467,3177,4756,6773,8775,
125034779935,102595,23214,2933,26828,7054,8962,
125038279935,41599,22893,2742,4810,7110,8932,
125038779935,33738,12518,2867,15700,17800,9107,
125039779935,23820,1800,13968,4759,17788,8868,
125042279935,13480,12040,2951,5260,6955,8938,
125042779935,45354,11906,3159,4965,6859,8874,
125044279935,39499,12175,13754,4744,6854,8857,
125045279935,12024,12008,2904,4977,6831,8844,
125045779935,32765,11801,3034,4864,7312,8910,
125046279935,13683,12376,2946,4975,6928,8825,
125047279935,32504,1362,13905,4782,6877,8931,
125048279935,29112,11688,2922,4842,6859,8744,
125049279935,62535,23167,2844,4904,6878,8704,
125050779935,22831,12222,2746,4730,6926,8917,
125051279935,38265,12032,2950,4873,6689,8869,
125052279935,17532,12212,2929,4956,6936,8967,
125052779935,26038,12263,5933,6361,6743,8793,
125053279935,62613,12226,3001,4998,6957,9145,
125053779935,38845,1478,13915,4780,6847,8830,
125054779935,11707,12609,3184,4987,6942,9224,
125055779935,18603,12218,2902,4866,6738,8802,
125056279935,28742,11996,2839,4849,7005,8907,
125056779935,50946,12246,2759,15553,17604,19691,
125057279935,35864,12440,3103,4904,6885,8771,
125059779935,46984,4916,13758,15998,6763,8807,
125060279935,16798,11811,2883,4751,6767,9032,
125062279935,11372,1394,13761,5053,6882,8885,
125062779935,58538,12419,2946,15944,6963,8941,
125063279935,239321,1783,3364,4798,6808,8804,
125064279935,45975,11979,2912,5017,6945,9010,
125064779935,78342,12833,2982,4877,7197,9161,
125068779935,11239,11984,2782,4842,6870,8967,
125069279935,9180,1445,2898,4981,7040,9049,
125070279935,300000,11996,2799,4783,6872,8872,
125072779935,30455,23050,2819,4923,6823,19766,
125073779935,35501,12227,2922,15786,17651,8815,
125074779935,46222,12514,14280,5029,6916,8913,
125076779935,287830,12389,2962,4997,6758,8766,
125077279935,300000,12430,3116,5180,7133,9233,
125077779935,188890,12589,3264,4955,6796,9195,
125078279935,135306,1478,2820,4827,6780,8945,
125079279935,115635,11990,2955,4997,6981,8916,
125079779935,29411,11639,2692,4689,6718,8755,
125080279935,10969,12284,2797,4868,7031,9203,
125081279935,40724,12182,3126,4953,6811,8818,
125081779935,21417,1315,2849,4809,6804,8776,
125082779935,17055,12214,24884,4994,7026,31005,
125083279935,237367,12180,2753,4695,6949,8722,
125083779935,35986,11865,2856,4835,6934,8832,
125085279935,44727,11890,13924,4951,7274,8784,
125086279935,195530,12237,2985,4901,6803,8823,
125088279935,44964,11956,2914,4871,6891,19650,
125088779935,20508,12015,2943,4920,6913,8817,
125089279935,24867,12029,13958,4707,7270,9004,
125089779935,29121,12020,13853,4759,6806,8773,
125090779935,51308,34910,13830,16013,18008,19514,
125091779935,30334,12191,13725,15552,6818,8939,
125092279935,11499,12122,2873,4843,6796,8757,
125093279935,25576,11750,2905,4755,6782,8745,
125093779935,105552,12118,2869,4744,6817,8870,
125094279935,223804,23171,2999,4870,18023,8970,
125094779935,19544,12158,2944,4922,7161,9216,
125095779935,300000,12217,2866,4773,6910,8966,
125096279935,20308,11952,13897,15736,17838,8987,
125097279935,47215,12698,2694,15574,6793,19673,
125097779935,56038,12577,3119,4888,6899,8790,
125098779935,46021,11935,2854,5107,7000,19773,
125099279935,21354,1451,3028,5280,6905,8859,
125100279935,62521,12112,14136,4879,6958,8960,
125100779935,31866,12042,2927,4748,6775,8813,
125103779935,9875,12203,2951,4898,6724,8791,
125105779935,48317,22848,2828,26385,6773,8800,
125106779935,44839,1325,3037,4708,6767,8784,
125107279935,9673,12182,2879,4697,7065,9153,
125107779935,53285,11657,2948,4874,6928,9016,
125108779935,43192,1230,2800,5164,6963,8892,
125109779935,33475,1410,13548,4862,6810,8745,
125110279935,31741,11892,2897,4715,17444,8765,
125110779935,41542,12201,2897,15818,6789,8845,
125111279935,34274,12906,3114,4813,6950,8950,
125111779935,26635,12141,2796,5010,6821,8871,
125113279935,41459,11858,2928,4753,6823,8799,
125114279935,48221,11904,13599,4793,6892,8834,
125114779935,23845,1411,2844,4810,6773,8831,
125117279935,18815,1285,2919,5308,6766,8723,
125118279935,26360,12146,2950,4834,6854,8980,
125119779935,45153,12374,14285,4862,17785,19899,
125120779935,51253,14011,14210,5046,6940,8716,
125121279935,16416,1442,13869,4858,6926,30633,
125122779935,33222,22848,2869,4806,6782,19706,
125125279935,300000,12257,3247,16114,7114,9046,
125125779935,19284,1476,2762,4733,6696,8805,
125126279935,80167,1452,14010,4809,6941,19739,
125127779935,32469,1362,2978,4835,6763,8851,
125128279935,189018,1463,2867,4708,6841,8806,
125130279935,47742,11675,2892,4787,6855,8775,
125130779935,46061,1642,2996,5054,6982,9017,
125131279935,26715,12385,3142,5110,6881,8872,
125132279935,28213,1391,2907,4771,6727,8756,
125133279935,24332,12463,2996,5153,6818,9020,
125133779935,10559,1912,2958,5388,6931,8799,
125134279935,48989,12506,3404,4730,6876,8932,
125134779935,35362,12022,2905,4974,6910,8881,
125135279935,164368,11942,2945,4935,6895,8947,
125135779935,89341,12178,3161,4863,6901,8943,
125136279935,21302,12393,2880,4842,18139,8962,
125137779935,16976,12259,2852,4794,6906,8974,
125139279935,32567,1419,2870,4755,6872,8832,
125141279935,30792,11806,2973,4806,6759,8801,
125142779935,34136,1412,3188,4821,6805,8907,
125143279935,48651,12158,2947,15890,6899,8887,
125144779935,7944,12100,2869,4770,6766,8753,
125145279935,23063,1580,3035,4774,6993,9012,
125147279935,26351,12442,14058,4833,7113,9250,
125148279935,38865,12018,2936,4885,6744,8721,
125149279935,41034,12183,3161,5015,6818,8922,
125149779935,33252,12239,2823,4867,6836,8871,
125150779935,68210,11923,2854,4909,6787,8870,
125151779935,27314,1393,3188,4752,6812,8734,
125152279935,33411,12239,24991,4952,40045,8812,
125152779935,17603,12247,3002,4804,6940,8945,
125155279935,44483,11991,2824,4804,6857,8761,
125158779935,23624,11978,3262,4747,6714,8785,
125159279935,33325,12457,2814,4858,6840,8937,
125159779935,18766,11991,2933,4777,6970,9030,
125160779935,14838,12467,3128,4819,6731,8962,
125161779935,22288,11893,13879,4769,7001,20156,
125162279935,48207,12059,2997,4782,39475,8931,
125163279935,34126,1437,2910,4794,6788,8700,
125163779935,66389,11744,24635,5392,6866,8978,
125164279935,14304,11850,2835,4797,6835,8776,
125164779935,20442,12369,2998,4859,7169,8948,
125166779935,28727,11936,2926,4911,6798,8993,
125167279935,17748,12195,2861,4816,9286,9001,
125168779935,27915,1452,2761,4891,6767,8774,
125169779935,35917,1545,2967,4872,6720,8769,
125175279935,51473,11833,2847,4930,7064,8795,
125177279935,27446,1417,2757,4738,6824,8999,
125178779935,10221,12024,2880,4950,6972,9055,
125181279935,24106,11772,3012,4823,6791,9327,
125183779935,44168,12113,13598,4804,6845,8739,
125184279935,40800,12044,24577,4785,17686,8719,
125184779935,17403,12264,2823,4789,6914,8847,
125185279935,27455,12249,3227,4857,6989,8863,
125186779935,16319,22880,46294,4829,6871,19872,
125187279935,35574,1449,13900,4874,6890,8864,
125187779935,33295,1459,2840,4738,6771,8822,
125188779935,NULL,NULL,NULL,NULL,NULL,NULL,
125189279935,119256,1209,3350,15650,7973,8877,
125189779935,53205,13798,3237,4796,6870,10684,
125190279935,27599,1413,2823,5021,6929,8834,
125191279935,25849,11615,3032,4773,6885,8818,
125191779935,28289,11616,2826,4725,6748,8744,
125192279935,15236,11714,2871,4922,6848,8814,
125192779935,30202,1320,2863,5052,7037,8999,
125193279935,34802,23414,35583,5560,6731,9049,
125193779935,49659,2377,13807,4750,6809,8725,
125195279935,208768,12587,3254,4905,6846,8993,
125195779935,35361,11632,3373,4812,6723,8839,
125197779935,16443,1458,2727,4868,6915,8814,
125198279935,8558,1376,2829,4743,6726,8831,
125199779935,12241,12512,2937,4925,6821,8896,
125200779935,36395,12110,13767,5022,6838,8843,
125203279935,20291,11864,2900,4812,6728,8899,
125203779935,7611,11966,2864,15924,6945,9119,
125204779935,55835,22464,13936,15952,17868,19750,
125206279935,35951,12030,2945,4946,6819,8882,
125207279935,26413,1423,13712,4878,6933,8738,
125209279935,29941,22828,2788,15747,6820,8826,
125209779935,34259,12128,3263,4721,6740,8778,
125210279935,8731,11970,2913,4864,6803,8869,
125210779935,12394,12477,3873,15859,6762,19915,
125211279935,32439,12199,3391,4899,6870,8918,
125212279935,22843,1584,2917,4798,7742,8871,
125213279935,24456,12555,2767,4822,6837,8984,
125213779935,50701,12534,14224,15908,6907,19565,
125214779935,46649,11842,2920,15600,6898,8828,
125215779935,111959,1446,2737,4820,6772,8904,
125216779935,9461,1661,2849,4867,6869,9057,
125217279935,24464,1585,3003,4829,6792,8963,
125219279935,15740,11940,2974,4887,6860,8870,
125219779935,79959,1757,24662,15719,17619,8899,
125220279935,48029,1403,2988,4927,6841,8941,
125220779935,268356,12285,3206,5164,6947,9133,
125222279935,32652,12228,3023,4785,6840,8922,
125222779935,25315,12355,2865,4889,7121,8877,
125224779935,121322,12359,3563,5616,18473,8937,
125225279935,272910,12023,2756,4955,6864,9283,
125227279935,6556,11697,2911,4845,6851,8787,
125228279935,48606,12304,2996,4779,7154,9133,
125228779935,17356,12196,3036,5159,7184,8866,
125229279935,37747,12142,2845,4795,6788,8753,
125229779935,41122,12166,2886,4771,6865,8855,
125230279935,27791,12785,2943,4864,7048,20167,
125231779935,27487,1481,2853,4822,6773,8685,
125233279935,15942,12240,2827,5175,6879,8896,
125233779935,30348,11787,2849,4757,6899,8854,
125234779935,38482,12183,3113,5020,6759,8707,
125235779935,45718,11904,13802,4799,6861,8728,
125236279935,20261,11968,3004,4792,17814,8778,
125238279935,11961,12310,2991,4918,6744,8926,
125238779935,10427,11926,14502,15764,18027,19962,
125239279935,24702,11811,2943,4791,7306,9306,
125239779935,50868,1377,2968,4840,6924,8936,
125240779935,29982,1373,2969,4808,6842,8759,
125242279935,46415,13018,2864,4743,6888,8922,
125243279935,7964,1873,3057,4817,6852,9231,
125243779935,29222,12241,2958,4867,6871,8731,
125244279935,17897,1333,3042,4770,6859,8854,
125244779935,13418,12114,3031,5036,6750,8703,
125245279935,33857,12286,3130,4816,6788,8858,
125246779935,38860,11965,13840,4863,6754,8857,
125247779935,45830,1816,3055,4976,7017,8871,
125248279935,29005,1669,3163,4958,6975,8955,
125249279935,24172,12115,2762,4695,6936,8705,
125249779935,50369,12010,13502,10127,9990,19491,
125250279935,300000,12592,24708,19325,19465,19678,
125251779935,20500,12171,3108,4815,6946,8869,
125252279935,36453,12017,3229,15582,17635,8810,
125253279935,51800,11978,2835,4843,6756,8770,
125254779935,34350,11909,2790,4785,6866,8880,
125255779935,29805,11763,2833,4899,6936,8670,
125256279935,69347,1399,2900,4919,6836,8863,
125256779935,34859,12020,2877,5141,7242,8840,
125258279935,191650,1559,13918,4800,6930,8795,
125258779935,51745,1439,2817,16140,6899,8778,
125260279935,61851,12058,13596,4813,6828,8852,
125261279935,11475,1587,2951,4920,6941,8731,
125261779935,29531,1904,3141,5027,6965,8890,
125262779935,31602,1461,2847,4910,6800,8846,
125263779935,23487,12179,13755,15891,6955,8885,
125264279935,28982,11945,13418,4875,6778,8760,
125264779935,31493,12295,13901,15624,6861,8739,
125266779935,30232,12255,2858,4855,6764,9148,
125267779935,27295,12427,3147,4975,6965,8960,
125268279935,48770,11959,2977,5037,6960,9062,
125268779935,35534,11760,13810,4835,6822,8871,
125269279935,29394,11840,2879,5002,6884,8863,
125270279935,37874,12126,2827,4801,6877,8864,
125270779935,35522,11804,2857,4806,6970,8849,
125271279935,15681,11936,2868,4911,6746,8781,
125271779935,31136,11907,2873,4752,6820,8719,
125272279935,29640,1388,2819,4794,6811,8690,
125272779935,33474,11996,2824,4816,6966,8841,
125273279935,9283,12116,13939,5236,7010,9246,
125273779935,41359,1335,13765,4815,6823,8846,
125274279935,228707,23183,2891,4799,6726,20026,
125274779935,26705,1517,13708,4754,6794,8840,
125275279935,56513,22936,13970,20814,10924,19916,
125276779935,49401,12127,3404,4794,6824,8929,
125278279935,17770,11955,3494,4952,7042,9130,
125278779935,22797,12055,13693,4906,6765,8893,
125279279935,48960,1676,2910,4803,6868,8741,
125279779935,50309,11953,2925,4791,6895,30486,
125280279935,22002,11991,2765,4747,6730,8773,
125281279935,42693,12974,3019,4899,7189,9043,
125281779935,29423,12807,13718,4842,6711,8748,
125285279935,43712,12225,2878,4770,6730,8739,
125285779935,36280,1523,2779,4727,6833,8929,
125286279935,144365,1789,14045,5552,8015,8878,
125286779935,26925,12191,2851,4926,6967,8993,
125287779935,23692,11998,3138,4882,6983,8890,
125288279935,20356,1450,2869,15822,6927,31309,
125288779935,27934,12390,14380,5246,6857,8748,
125290279935,46190,12038,13927,26966,6889,8788,
125293279935,44426,12024,14029,4765,6924,9151,
125295279935,51369,12382,2899,4743,6840,8759,
125297279935,12620,1532,2990,4949,6919,8936,
125297779935,20210,11873,2804,4724,6811,8676,
125298279935,29327,11940,2947,4964,6911,8945,
125299279935,14607,11908,13631,4770,6729,8722,
125299779935,86770,11930,13874,4800,6885,8906,
125301279935,33553,22866,13686,15620,17668,19460,
125302779935,16186,1399,3044,5292,7049,8848,
125303279935,14154,1300,2999,4789,6762,9126,
125304279935,27541,12559,2936,4959,6957,8948,
125305279935,50648,11993,2910,5048,7877,8879,
125305779935,21973,11727,2731,4717,6727,8816,
125306779935,21166,1707,3188,5014,7125,8770,
125308779935,23476,12878,3393,5175,6818,8848,
125309279935,111293,11916,3025,4752,6857,8843,
125309779935,30574,11828,2895,4912,7053,8870,
125310279935,49772,1581,3021,27241,17946,8828,
125311779935,108766,11989,14139,5043,6961,9604,
125313279935,29910,12190,3017,4845,6736,8811,
125313779935,22857,11764,2922,4923,6862,8801,
125314779935,30511,12600,14008,4809,7156,9381,
125315779935,25150,12169,3163,4857,6791,8852,
125316279935,29878,11892,2798,4982,6813,8765,
125316779935,72926,12504,13679,4800,6797,8723,
125317779935,47594,11737,2850,5266,6758,8748,
125318279935,300000,12150,13896,4956,6758,8886,
125318779935,146467,12402,2993,5019,7056,9648,
125319279935,51662,12212,2997,5684,8235,8959,
125319779935,36937,11959,2920,4812,6838,8788,
125320279935,35469,12230,2915,4968,6884,9003,
125321279935,300000,23833,3015,15755,6905,8934,
125321779935,182405,142765,145350,149509,141959,143003,
125322279935,20158,1609,3009,4873,7098,9059,
125322779935,41659,1668,3032,4882,6802,8848,
125324779935,68270,12204,2940,4787,7022,9035,
125325779935,23318,11818,2857,4670,6875,8770,
125326779935,53300,11770,13692,4727,6716,8865,
125328779935,10205,1600,2801,5044,6892,8811,
125331279935,43486,12700,3006,5286,6793,8767,
125332279935,12702,12499,2966,4927,6831,8904,
125332779935,44745,1313,14256,5134,7037,19999,
125333279935,14147,12243,2782,4825,6801,8883,
125334279935,32583,11999,2781,4735,6728,9287,
125335279935,34312,11956,2853,4740,6746,8704,
125335779935,26232,11937,13833,15939,6769,8774,
125336279935,46343,11987,2831,4752,7128,8921,
125336779935,50498,11984,13866,5028,17937,8829,
125337279935,19764,12285,2795,4887,6875,8788,
125338279935,55525,11700,2907,4845,17595,8925,
125338779935,41786,11799,2831,4775,6799,8872,
125340279935,105048,12200,2947,15855,7172,19766,
125341279935,77852,11866,35546,37843,6798,8757,
125345779935,70466,11685,8468,5432,6940,8787,
125346279935,39212,13776,2994,27367,7276,8834,
125347279935,30734,11875,2931,4910,17858,8747,
125347779935,35040,1333,2755,4743,6830,8735,
125348279935,27012,1276,2961,4979,6729,8725,
125349279935,54276,1278,24980,4783,6912,8739,
125350779935,29263,12106,13960,4943,6943,8763,
125351279935,27351,11926,2798,4886,6817,9028,
125352279935,34626,11830,13565,15518,6770,8772,
125352779935,21362,12436,13617,4889,6867,8854,
125353279935,12842,11816,2970,4851,17909,8832,
125353779935,114378,11949,2878,4726,6753,8739,
125354279935,31880,12218,14138,4863,6807,8967,
125355279935,45301,22500,13452,4682,28802,8790,
125355779935,25581,11896,13913,4725,7240,8773,
125356279935,18015,11976,2830,4800,6770,8800,
125356779935,49978,1478,2874,4818,6837,8819,
125357279935,31485,11711,13708,4658,6775,8762,
125357779935,17346,12218,2851,4724,6845,8767,
125360779935,26823,12214,2950,5253,6752,8656,
125361779935,46414,12704,2838,4731,6769,8799,
125362279935,16456,11644,2778,4678,6820,8909,
125362779935,30758,11864,2658,4801,6866,8810,
125364279935,116481,11968,2839,4705,6790,8927,
125364779935,39995,12304,2862,4787,6710,8759,
125367279935,37243,11852,2888,4654,6684,8690,
125369279935,108530,1403,2889,4856,6863,8795,
125370279935,35673,1329,13799,4702,6733,8850,
125370779935,34188,12113,2778,4902,6831,8940,
125371279935,42216,1400,2893,4704,6792,8741,
125372279935,32754,12134,2939,4662,6900,9112,
125372779935,55197,12819,2857,5098,17790,19666,
125374279935,18761,1390,3258,4749,6857,8768,
125375779935,300000,12158,2848,4737,6796,8710,
125376779935,78473,11918,2786,4688,17982,8970,
125377779935,43336,11985,2859,4925,6828,8720,
125379279935,158691,12611,2936,4846,7002,8875,
125381279935,204632,12384,3290,5170,7024,8973,
125382279935,293029,1804,3163,4991,7041,9212,
125383279935,41897,1305,13741,4803,6707,19812,
125383779935,11725,12221,2946,5034,6965,8777,
125389279935,45518,1472,3044,4778,6864,8798,
125390279935,32696,11924,13510,4782,6754,8725,
125390779935,53976,12143,19723,16376,19436,19599,
125391279935,71284,11793,2996,5183,6986,8794,
125392279935,12796,11880,2882,4715,6743,8786,
125392779935,22454,1675,2841,4845,6838,8996,
125393279935,49385,11603,2807,4737,6754,8733,
125393779935,13393,11734,2814,4683,6831,8765,
125395779935,29725,11913,2776,4731,6822,8770,
125397279935,11859,1397,15047,16244,6930,19593,
125397779935,32936,11822,3032,5064,18020,19799,
125399779935,44322,1630,2887,5001,6808,8736,
125401279935,84877,12302,2845,4912,6948,8771,
125401779935,31467,1388,13783,4833,6890,8963,
125402279935,52531,12234,3054,4940,6976,8849,
125402779935,22568,11620,13805,4874,17534,19690,
125403779935,18580,12292,2740,5110,6868,8730,
125404279935,33405,1346,2741,4828,6797,8686,
125405279935,36946,1342,13782,6418,6843,8784,
125406779935,,76834,78871,80399,81987,85332,

