,W-0,R-0,R-1,R-2,R-3,R-4,
129699199198,1,1,1,1,1,1,
129699699198,1,2,1,1,1,2,
129700699198,1,3,3,3,3,3,
129701699198,1,2,1,1,1,1,
129702699198,1,2,1,1,1,1,
129706199198,1,2,2,1,1,1,
129706699198,1,2,2,1,1,1,
129707699198,1,2,1,1,1,1,
129711699198,1,2,1,1,1,1,
129714199198,1,2,2,1,2,2,
129715199198,1,2,2,2,1,1,
129716699198,1,2,1,1,1,1,
129717199198,1,1,1,1,1,1,
129717699198,1,2,2,1,1,1,
129720699198,1,2,1,1,1,1,
129721199198,1,2,1,1,1,1,
129721699198,1,2,1,1,1,1,
129722199198,1,2,1,1,1,1,
129723199198,1,2,2,1,1,1,
129726199198,1,2,1,1,1,1,
129728199198,1,2,1,1,2,1,
129728699198,1,2,2,1,1,2,
129729199198,1,2,2,1,2,2,
129730699198,1,2,2,2,1,2,
129731199198,1,2,2,1,1,1,
129733699198,1,2,1,1,1,1,
129734699198,1,2,2,2,2,2,
129735199198,1,2,2,1,1,1,
129737199198,1,2,2,2,2,2,
129738199198,1,2,1,1,1,1,
129738699198,1,2,1,1,1,1,
129739699198,1,2,2,2,2,2,
129740699198,1,2,1,1,1,1,
129741199198,1,2,1,1,1,1,
129742699198,1,2,1,1,1,1,
129744199198,1,2,1,1,1,1,
129744699198,1,2,1,1,1,1,
129747199198,1,2,2,1,1,1,
129747699198,1,2,1,1,1,1,
129748199198,1,2,1,1,1,1,
129749199198,1,2,2,2,1,1,
129749699198,1,2,1,1,1,1,
129750199198,1,2,2,1,1,1,
129751699198,1,2,1,1,1,1,
129752199198,1,2,1,1,1,1,
129753199198,1,2,1,1,1,1,
129753699198,1,2,1,1,1,1,
129754699198,1,2,2,1,2,2,
129755199198,1,2,1,1,1,1,
129755699198,1,2,1,1,1,1,
129756199198,1,2,1,1,1,1,
129757699198,1,2,1,1,1,1,
129759699198,1,2,1,2,2,1,
129760699198,1,2,1,1,1,1,
129761199198,1,2,2,1,1,1,
129761699198,1,2,1,1,1,1,
129762199198,1,2,1,1,1,1,
129763699198,1,2,2,1,1,1,
129766199198,1,2,1,1,1,1,
129766699198,1,2,1,1,1,1,
129767199198,1,2,2,2,1,1,
129768199198,1,2,1,1,1,1,
129769199198,1,2,1,1,1,1,
129769699198,1,2,1,1,1,1,
129770199198,1,2,2,1,1,2,
129770699198,1,2,1,1,1,1,
129771699198,1,2,1,1,1,1,
129773199198,1,2,2,1,1,1,
129773699198,1,2,2,1,1,1,
129774199198,1,2,1,1,1,1,
129774699198,1,2,1,1,1,1,
129776199198,1,2,1,1,1,1,
129777199198,1,2,1,1,1,1,
129777699198,1,2,1,1,1,1,
129778199198,1,2,1,2,1,1,
129778699198,1,2,1,1,1,1,
129779699198,1,2,1,1,1,1,
129780199198,1,2,2,2,2,2,
129784199198,1,2,1,1,1,1,
129784699198,1,2,1,1,1,1,
129786699198,1,2,1,1,1,1,
129787199198,1,2,2,1,1,1,
129787699198,1,2,2,1,1,1,
129788199198,1,2,2,1,1,1,
129789699198,1,2,2,2,2,2,
129790699198,1,2,2,1,1,1,
129793199198,1,2,1,1,1,1,
129793699198,1,2,1,1,1,1,
129794199198,1,2,2,2,2,1,
129794699198,1,2,1,1,1,1,
129795699198,1,2,1,1,1,1,
129796199198,1,2,2,2,2,2,
129796699198,1,2,2,2,2,1,
129800199198,1,2,1,1,2,1,
129800699198,1,2,2,1,1,1,
129801699198,1,2,1,1,1,1,
129804199198,1,2,1,1,1,1,
129804699198,1,2,1,1,1,1,
129806199198,1,2,1,1,1,1,
129807199198,1,2,1,1,1,1,
129807699198,1,2,1,1,1,1,
129808199198,1,2,2,2,1,2,
129809199198,1,2,1,1,1,1,
129810199198,1,2,1,1,1,1,
129811199198,1,2,2,2,2,1,
129812699198,1,2,2,1,1,1,
129813199198,1,2,1,1,1,1,
129814199198,1,2,1,1,1,1,
129814699198,1,2,2,1,1,2,
129815199198,1,2,1,1,1,1,
129815699198,1,2,2,2,2,2,
129816699198,1,2,2,2,1,1,
129817699198,1,2,2,1,1,1,
129818199198,1,2,1,1,1,1,
129818699198,1,2,1,1,1,1,
129819199198,1,2,1,1,1,1,
129821699198,1,2,1,1,1,1,
129822199198,1,2,2,1,1,1,
129824199198,1,2,2,2,1,1,
129824699198,1,2,2,1,2,1,
129825199198,1,2,1,1,1,1,
129826199198,1,2,2,1,1,1,
129826699198,1,2,2,1,1,1,
129830699198,1,2,1,1,1,1,
129831199198,1,2,1,1,1,1,
129832199198,1,2,2,1,1,1,
129834699198,1,2,1,1,1,1,
129835699198,1,2,1,1,1,1,
129836699198,1,2,1,1,1,1,
129838699198,1,2,1,1,1,1,
129839199198,1,2,1,1,1,1,
129839699198,1,2,1,1,1,1,
129840199198,1,2,2,1,2,2,
129841199198,1,2,1,1,1,1,
129841699198,1,2,1,1,1,1,
129842199198,1,2,2,1,2,1,
129843199198,1,2,1,1,1,1,
129843699198,1,2,2,1,1,1,
129844699198,1,2,2,1,1,1,
129845199198,1,2,1,1,2,1,
129845699198,1,2,1,1,1,1,
129847199198,1,2,1,1,1,1,
129848199198,1,2,2,2,2,2,
129850199198,1,2,1,1,1,1,
129850699198,1,2,2,1,1,1,
129851199198,1,2,1,1,1,1,
129851699198,1,2,1,1,1,1,
129852699198,1,2,1,1,1,1,
129853699198,1,2,1,1,1,2,
129854199198,1,2,1,1,1,1,
129855199198,1,2,2,1,1,1,
129855699198,1,2,2,1,1,1,
129856199198,1,2,1,1,1,1,
129856699198,1,2,2,2,1,1,
129857699198,1,2,2,1,2,1,
129858199198,1,2,1,2,2,1,
129859199198,1,2,2,2,2,2,
129859699198,1,2,2,2,2,2,
129860699198,1,2,1,1,1,1,
129861199198,1,2,1,1,1,1,
129862199198,1,2,1,1,1,1,
129862699198,1,2,2,1,1,1,
129865699198,1,2,1,2,2,2,
129867699198,1,2,1,1,1,1,
129868699198,1,2,2,1,1,1,
129869199198,1,2,2,2,2,2,
129869699198,1,2,1,1,1,1,
129870699198,1,2,1,1,1,1,
129871699198,1,2,2,1,1,2,
129872199198,1,2,1,1,1,1,
129872699198,1,2,2,1,2,2,
129873199198,1,2,1,1,1,1,
129873699198,1,2,1,1,1,1,
129875199198,1,2,1,1,1,1,
129876199198,1,2,2,2,2,2,
129876699198,1,2,1,1,1,1,
129879199198,1,2,1,1,1,1,
129880199198,1,2,2,1,1,1,
129881699198,1,2,1,2,2,2,
129882699198,1,2,2,2,1,2,
129883199198,1,2,1,1,1,1,
129884699198,1,2,1,1,1,1,
129887199198,1,2,2,1,1,1,
129887699198,1,2,1,1,1,1,
129888199198,1,2,2,2,2,2,
129889699198,1,2,2,1,2,1,
129890199198,1,2,1,1,1,1,
129892199198,1,2,2,1,1,1,
129892699198,1,2,1,1,1,1,
129893199198,1,2,1,1,1,1,
129894199198,1,2,1,1,1,1,
129895199198,1,2,1,1,1,1,
129895699198,1,2,2,1,2,2,
129896199198,1,2,2,2,1,1,
129896699198,1,2,2,2,2,2,
129897199198,1,2,1,1,1,1,
129897699198,1,2,1,1,1,1,
129898199198,1,2,2,2,1,1,
129899699198,1,2,1,1,1,1,
129901199198,1,2,1,1,1,1,
129903199198,1,2,2,1,1,1,
129904699198,1,2,1,1,1,1,
129905199198,1,2,1,1,1,1,
129906699198,1,2,1,1,1,1,
129907199198,1,2,1,1,1,1,
129909199198,1,2,2,1,1,1,
129910199198,1,2,1,1,1,1,
129911199198,1,2,1,1,1,1,
129911699198,1,2,1,1,1,1,
129912699198,1,2,2,2,2,2,
129913699198,1,2,2,2,2,2,
129914199198,1,1,1,1,1,1,
129914699198,1,2,1,1,1,1,
129917199198,1,2,1,1,1,1,
129920699198,1,2,1,1,1,1,
129921199198,1,2,2,1,1,2,
129921699198,1,2,1,1,1,1,
129922699198,1,2,1,1,1,1,
129923699198,1,2,1,1,1,1,
129924199198,1,2,1,1,1,1,
129925199198,1,2,1,1,1,1,
129925699198,1,2,1,1,1,1,
129926199198,1,2,1,1,1,1,
129926699198,1,2,2,2,2,2,
129928699198,1,2,1,1,1,1,
129929199198,1,2,1,1,1,1,
129930699198,1,2,2,1,1,2,
129931699198,1,2,1,1,1,1,
129937199198,1,2,1,1,1,1,
129939199198,1,2,2,1,1,1,
129940699198,1,2,1,1,1,1,
129943199198,1,2,1,1,1,1,
129945699198,1,2,1,1,1,1,
129946199198,1,2,1,1,2,1,
129946699198,1,2,1,1,2,1,
129947199198,1,2,1,1,1,1,
129948699198,1,2,1,1,1,1,
129949199198,1,2,2,2,2,1,
129949699198,1,2,2,1,1,2,
129950699198,1,2,2,1,1,1,
129951199198,1,2,1,1,1,1,
129951699198,1,2,1,1,1,1,
129952199198,1,2,1,1,1,1,
129953199198,1,2,2,2,2,2,
129953699198,1,2,2,1,2,2,
129954199198,1,2,1,1,1,1,
129954699198,1,2,1,1,1,1,
129955199198,1,2,2,1,2,1,
129955699198,1,2,1,1,1,1,
129957199198,1,2,2,1,1,2,
129957699198,1,2,1,1,1,1,
129959699198,1,2,2,1,1,1,
129960199198,1,2,1,2,1,1,
129961699198,1,2,1,1,1,1,
129962699198,1,2,1,1,1,1,
129965199198,1,2,2,1,1,1,
129965699198,1,2,1,1,1,1,
129966699198,1,2,1,1,1,1,
129968199198,1,2,1,1,1,1,
129969199198,1,2,1,1,1,1,
129971199198,1,2,1,1,1,1,
129971699198,1,2,2,1,1,1,
129972199198,1,2,2,1,1,1,
129972699198,1,2,1,1,1,1,
129973199198,1,2,1,1,1,1,
129974199198,1,2,1,1,1,1,
129975199198,1,2,2,1,1,1,
129975699198,1,2,1,1,1,1,
129976699198,1,2,2,1,1,1,
129977699198,1,2,2,1,1,1,
129978699198,1,2,2,1,2,1,
129979199198,1,2,1,1,1,1,
129981199198,1,2,2,1,1,1,
129981699198,1,2,1,1,1,1,
129982199198,1,2,1,1,1,1,
129982699198,1,2,2,2,2,2,
129984199198,1,2,2,1,2,2,
129984699198,1,2,1,1,1,1,
129986699198,1,2,1,1,1,1,
129987199198,1,2,1,1,1,1,
129989199198,1,2,2,1,1,1,
129990199198,1,2,1,1,1,1,
129990699198,1,2,2,1,1,1,
129991199198,1,2,1,1,1,1,
129991699198,1,2,1,1,1,1,
129992199198,1,2,1,1,1,1,
129993699198,1,2,1,1,1,1,
129995199198,1,2,1,1,1,1,
129995699198,1,2,2,1,1,1,
129996699198,1,2,1,1,1,1,
129997699198,1,2,1,1,1,1,
129998199198,1,2,1,1,2,2,
130000199198,1,2,1,1,1,1,
130000699198,1,2,1,1,1,1,
130001199198,1,2,1,1,1,1,
130001699198,1,2,1,1,1,1,
130002699198,1,2,1,1,1,1,
130004199198,1,2,2,2,2,2,
130005199198,1,2,2,1,1,1,
130005699198,1,2,2,1,1,1,
130006199198,1,2,2,1,1,1,
130006699198,1,2,1,1,1,1,
130007199198,1,2,1,1,1,1,
130008699198,1,2,2,2,2,1,
130009699198,1,2,1,1,1,1,
130010199198,1,2,1,1,1,1,
130011199198,1,2,1,1,1,1,
130011699198,1,2,1,1,1,1,
130012199198,1,2,2,2,2,1,
130013699198,1,2,2,2,1,1,
130014199198,1,2,1,1,1,1,
130015199198,1,2,1,1,1,1,
130016699198,1,2,2,1,1,1,
130017699198,1,2,1,1,1,1,
130018199198,1,2,1,1,1,1,
130018699198,1,2,2,2,1,1,
130020199198,1,2,2,1,1,1,
130020699198,1,2,1,1,1,1,
130022199198,1,2,2,1,1,1,
130023199198,1,2,1,1,1,1,
130023699198,1,2,1,1,1,1,
130024699198,1,2,2,2,2,2,
130025699198,1,2,2,1,1,1,
130026199198,1,2,2,2,2,2,
130026699198,1,2,2,1,1,1,
130028699198,1,2,2,1,2,2,
130029699198,1,1,1,1,1,1,
130030199198,1,2,2,1,1,1,
130030699198,1,2,2,1,1,1,
130031199198,1,2,1,1,1,1,
130032199198,1,2,1,1,1,1,
130032699198,1,2,1,1,1,1,
130033199198,1,2,2,2,2,1,
130033699198,1,2,2,1,1,1,
130034199198,1,2,1,1,1,1,
130034699198,1,2,2,2,2,1,
130035199198,1,2,1,1,1,1,
130035699198,1,2,1,1,1,1,
130036199198,1,2,2,1,1,1,
130036699198,1,2,1,1,1,1,
130037199198,1,2,1,1,1,1,
130038699198,1,2,2,1,1,1,
130040199198,1,2,1,1,1,1,
130040699198,1,2,1,1,1,1,
130041199198,1,2,1,1,1,1,
130041699198,1,2,2,2,1,1,
130042199198,1,2,1,1,1,1,
130043199198,1,2,1,1,1,1,
130043699198,1,2,1,1,1,1,
130047199198,1,2,2,1,2,2,
130047699198,1,2,2,1,1,1,
130048199198,1,2,2,1,1,1,
130048699198,1,2,1,1,1,1,
130049699198,1,2,1,1,1,1,
130050199198,1,2,1,1,1,1,
130050699198,1,2,2,2,2,1,
130052199198,1,2,2,1,1,1,
130055199198,1,2,1,1,1,2,
130057199198,1,2,1,1,1,1,
130059199198,1,2,1,1,1,1,
130059699198,1,2,1,1,1,1,
130060199198,1,2,1,1,1,1,
130061199198,1,2,1,1,1,1,
130061699198,1,2,2,1,1,1,
130063199198,1,2,1,1,1,1,
130064699198,1,2,1,1,1,1,
130065199198,1,2,1,1,1,1,
130066199198,1,2,2,1,1,1,
130067199198,1,2,2,2,1,1,
130067699198,1,2,1,1,1,1,
130068699198,1,2,1,1,1,1,
130070699198,1,2,1,1,1,1,
130071199198,1,2,1,1,1,1,
130071699198,1,2,2,1,1,1,
130072199198,1,2,1,1,1,1,
130073699198,1,2,1,1,1,1,
130075199198,1,2,1,1,1,1,
130075699198,1,2,2,2,2,2,
130076699198,1,2,1,1,1,1,
130077699198,1,2,1,1,1,1,
130078199198,1,2,2,1,2,2,
130078699198,1,2,1,1,1,1,
130079699198,1,2,2,2,2,2,
130080199198,1,2,2,1,1,1,
130080699198,1,2,2,1,2,2,
130081199198,1,2,2,2,1,1,
130081699198,1,2,1,1,1,1,
130082199198,1,2,1,1,1,1,
130083199198,1,2,1,2,2,2,
130083699198,1,2,1,1,1,1,
130084199198,1,2,2,2,2,1,
130084699198,1,2,1,2,1,2,
130086699198,1,2,1,1,1,1,
130087699198,1,2,1,1,1,1,
130088699198,1,2,2,2,2,2,
130090699198,1,2,1,1,1,1,
130093199198,1,2,1,1,1,1,
130094199198,1,2,2,1,1,1,
130094699198,1,2,1,1,1,1,
130095199198,1,2,1,1,1,1,
130096199198,1,2,1,1,1,1,
130097199198,1,2,1,1,1,1,
130097699198,1,2,2,1,1,1,
130098199198,1,2,2,1,1,1,
130098699198,1,2,2,1,1,1,
130099199198,1,2,1,1,2,1,
130100199198,1,2,1,1,1,1,
130100699198,1,2,1,1,1,1,
130102199198,1,2,1,1,1,1,
130103199198,1,2,1,1,1,1,
130107699198,1,2,1,1,1,1,
130108199198,1,2,2,1,1,1,
130109199198,1,2,1,2,1,1,
130109699198,1,2,2,1,1,1,
130110199198,1,2,2,1,1,1,
130111199198,1,2,1,1,1,1,
130112699198,1,2,1,1,1,1,
130113199198,1,2,1,1,1,1,
130114199198,1,2,1,1,1,1,
130114699198,1,2,1,1,1,1,
130115199198,1,2,2,2,2,2,
130115699198,1,2,1,1,1,1,
130116199198,1,2,2,1,1,1,
130117199198,1,2,1,1,1,1,
130117699198,1,2,2,2,2,2,
130118199198,1,2,1,1,1,1,
130118699198,1,2,1,1,1,1,
130119199198,1,2,2,1,1,1,
130119699198,1,2,1,1,1,1,
130122699198,1,2,1,1,1,1,
130123699198,1,2,2,2,2,1,
130124199198,1,2,1,1,1,1,
130124699198,1,2,1,1,1,1,
130126199198,1,2,1,1,1,1,
130126699198,1,2,1,1,1,1,
130129199198,1,2,2,1,1,1,
130131199198,1,2,1,1,1,1,
130132199198,1,2,1,1,1,1,
130132699198,1,2,2,1,1,1,
130133199198,1,2,2,2,1,2,
130134199198,1,2,1,2,2,1,
130134699198,1,2,2,1,1,1,
130136199198,1,2,2,1,1,1,
130137699198,1,2,2,2,2,2,
130138699198,1,2,2,1,2,2,
130139699198,1,2,1,1,1,1,
130141199198,1,2,1,1,1,1,
130143199198,1,2,1,1,1,1,
130144199198,1,2,1,1,1,1,
130145199198,1,2,2,2,2,1,
130145699198,1,2,1,1,1,1,
130151199198,1,2,1,1,1,1,
130152199198,1,2,2,1,1,1,
130152699198,1,2,2,2,2,1,
130153199198,1,2,1,1,1,1,
130154199198,1,2,1,1,1,1,
130154699198,1,2,1,1,1,1,
130155199198,1,2,2,1,1,1,
130155699198,1,2,1,1,1,1,
130157699198,1,2,2,2,1,1,
130159199198,1,2,1,1,1,1,
130159699198,1,2,2,1,1,1,
130161699198,1,2,1,1,1,1,
130163199198,1,2,1,1,1,1,
130163699198,1,2,2,2,2,2,
130164199198,1,2,2,1,1,1,
130164699198,1,2,1,1,1,1,
130165699198,1,2,2,1,1,1,
130166199198,1,2,2,2,1,1,
130167199198,1,2,2,2,2,2,
130168699198,1,2,2,2,2,2,

