,W-0,R-0,R-1,R-2,R-3,R-4,
116602654829,1,1,1,1,1,1,
116603154829,1,2,2,2,2,2,
116604154829,1,2,1,1,1,1,
116605154829,1,2,2,2,2,2,
116606154829,1,2,1,1,1,1,
116609654829,1,2,1,1,1,1,
116610154829,1,2,1,1,1,1,
116611154829,1,2,1,1,1,1,
116615154829,1,2,2,2,2,2,
116617654829,1,2,1,1,1,1,
116618654829,1,2,2,1,1,1,
116620154829,1,2,1,1,1,1,
116620654829,1,2,2,1,1,1,
116621154829,1,2,2,1,1,1,
116624154829,1,2,1,1,1,1,
116624654829,1,2,1,1,1,1,
116625154829,1,2,1,1,1,1,
116625654829,1,2,2,2,2,2,
116626654829,1,2,1,1,1,1,
116629654829,1,2,1,1,1,1,
116631654829,1,2,2,1,1,1,
116632154829,1,2,1,1,1,1,
116632654829,1,2,1,1,1,1,
116634154829,1,2,1,1,1,1,
116634654829,1,2,2,2,1,1,
116637154829,1,2,2,1,1,1,
116638154829,1,2,1,1,1,1,
116638654829,1,2,2,1,1,1,
116640654829,1,2,1,1,1,1,
116641654829,1,2,1,1,1,1,
116642154829,1,2,1,1,1,1,
116643154829,1,2,1,1,1,1,
116644154829,1,2,1,1,1,1,
116644654829,1,2,1,1,1,1,
116646154829,1,2,2,1,1,1,
116647654829,1,2,1,1,1,1,
116648154829,1,2,2,1,1,1,
116650654829,1,2,1,1,1,1,
116651154829,1,2,1,1,1,1,
116651654829,1,2,2,1,1,1,
116652654829,1,2,1,1,1,1,
116653154829,1,2,1,1,1,1,
116653654829,1,2,2,2,2,1,
116655154829,1,2,2,1,1,1,
116655654829,1,2,1,1,1,1,
116656654829,1,2,1,1,1,1,
116657154829,1,2,2,2,2,2,
116658154829,1,2,1,1,2,2,
116658654829,1,2,1,2,2,2,
116659154829,1,2,2,2,2,2,
116659654829,1,2,1,2,1,2,
116661154829,1,2,1,1,1,1,
116663154829,1,2,2,1,1,1,
116664154829,1,2,2,1,1,1,
116664654829,1,2,1,1,1,1,
116665154829,1,2,2,2,1,2,
116665654829,1,2,2,2,2,2,
116667154829,1,2,1,1,2,1,
116669654829,1,2,1,2,2,1,
116670154829,1,2,2,2,2,2,
116670654829,1,2,2,2,1,2,
116671654829,1,2,1,2,1,1,
116672654829,1,2,1,1,1,1,
116673154829,1,2,1,1,1,1,
116673654829,1,2,1,1,1,1,
116674154829,1,2,2,2,2,2,
116675154829,1,2,2,1,2,1,
116676654829,1,2,1,1,1,1,
116677154829,1,2,2,1,1,1,
116677654829,1,2,2,1,1,1,
116678154829,1,2,2,1,1,1,
116679654829,1,2,1,1,1,2,
116680654829,1,2,1,2,2,1,
116681154829,1,2,1,1,1,1,
116681654829,1,2,1,1,1,1,
116682154829,1,2,1,1,1,1,
116683154829,1,2,1,1,1,1,
116683654829,1,2,2,2,1,1,
116687654829,1,2,1,1,1,1,
116688154829,1,2,2,2,2,1,
116690154829,1,2,1,1,1,1,
116690654829,1,2,2,1,1,1,
116691154829,1,2,1,1,1,1,
116691654829,1,2,2,1,1,1,
116693154829,1,2,1,2,1,2,
116694154829,1,2,1,1,1,1,
116696654829,1,2,2,2,2,1,
116697154829,1,2,1,1,1,1,
116697654829,1,2,1,1,1,1,
116698154829,1,2,1,2,1,1,
116699154829,1,2,1,2,2,2,
116699654829,1,2,2,1,1,1,
116700154829,1,2,1,1,1,1,
116703654829,1,2,2,2,1,1,
116704154829,1,2,1,1,1,1,
116705154829,1,2,1,1,1,1,
116707654829,1,2,1,1,1,1,
116708154829,1,2,1,1,1,1,
116709654829,1,2,1,1,1,1,
116710654829,1,2,1,1,2,1,
116711154829,1,2,1,1,1,1,
116711654829,1,2,1,1,1,1,
116712654829,1,2,1,1,1,1,
116713654829,1,2,1,1,1,1,
116714654829,1,2,1,1,1,1,
116716154829,1,2,1,1,1,1,
116716654829,1,2,1,2,1,2,
116717654829,1,2,1,1,1,1,
116718154829,1,2,2,1,1,1,
116718654829,1,2,2,1,1,1,
116719154829,1,2,2,2,2,2,
116720154829,1,2,1,1,1,1,
116721154829,1,2,1,1,1,1,
116721654829,1,2,2,1,1,1,
116722154829,1,2,1,1,1,1,
116722654829,1,2,1,1,1,1,
116725154829,1,2,1,1,1,1,
116725654829,1,2,1,1,1,1,
116727654829,1,2,1,1,1,1,
116728154829,1,2,1,2,1,1,
116728654829,1,2,1,1,1,1,
116729654829,1,2,1,1,1,1,
116730154829,1,2,1,1,1,1,
116734154829,1,2,1,1,1,1,
116734654829,1,2,2,1,2,1,
116735654829,1,2,2,2,2,2,
116738154829,1,2,2,1,1,1,
116739154829,1,2,2,1,2,1,
116740154829,1,2,2,1,1,1,
116742154829,1,2,1,1,1,1,
116742654829,1,2,1,1,1,1,
116743154829,1,2,2,2,2,2,
116743654829,1,2,1,1,1,1,
116744654829,1,2,2,1,1,1,
116745154829,1,2,1,1,1,1,
116745654829,1,2,1,1,1,1,
116746654829,1,2,1,1,1,1,
116747154829,1,2,1,1,1,1,
116748154829,1,2,2,2,2,2,
116748654829,1,2,1,1,1,1,
116749154829,1,2,2,1,1,1,
116750654829,1,2,1,1,1,1,
116751654829,1,2,2,1,1,1,
116753654829,1,2,1,1,1,1,
116754154829,1,2,1,1,1,1,
116754654829,1,2,1,1,1,1,
116755154829,1,2,1,1,1,1,
116756154829,1,2,2,2,1,2,
116757154829,1,2,1,1,1,1,
116757654829,1,2,2,1,1,1,
116758654829,1,2,2,1,1,1,
116759154829,1,2,1,1,1,1,
116759654829,1,2,1,1,1,1,
116760154829,1,2,1,1,1,1,
116761154829,1,2,2,2,2,2,
116761654829,1,2,1,1,1,1,
116762654829,1,2,2,1,1,1,
116763154829,1,2,1,1,1,1,
116764154829,1,2,2,2,1,1,
116764654829,1,2,2,1,1,1,
116765654829,1,2,1,1,1,1,
116766154829,1,2,2,1,2,1,
116769154829,1,2,2,2,2,2,
116771154829,1,2,1,1,1,1,
116772154829,1,2,1,1,1,1,
116772654829,1,2,1,1,1,1,
116773154829,1,2,1,1,1,1,
116774154829,1,2,2,1,1,1,
116775154829,1,2,2,1,2,1,
116775654829,1,2,1,1,1,1,
116776154829,1,2,1,1,1,1,
116776654829,1,2,1,1,1,1,
116777154829,1,2,1,1,1,1,
116778654829,1,2,2,1,1,1,
116779654829,1,2,1,1,1,1,
116780154829,1,2,1,1,1,1,
116782654829,1,2,2,1,1,2,
116783654829,1,2,1,1,1,1,
116785154829,1,2,1,2,1,1,
116786154829,1,2,1,2,1,1,
116786654829,1,2,1,1,1,1,
116788154829,1,2,1,1,1,1,
116790654829,1,2,1,1,1,1,
116791154829,1,2,2,1,2,1,
116791654829,1,2,1,1,1,1,
116793154829,1,2,2,2,1,1,
116793654829,1,2,2,1,1,1,
116795654829,1,2,1,1,1,1,
116796154829,1,2,1,1,1,1,
116796654829,1,2,2,1,2,1,
116797654829,1,2,1,1,1,1,
116798654829,1,2,1,1,1,1,
116799154829,1,2,2,1,1,1,
116799654829,1,2,1,1,1,1,
116800154829,1,2,1,1,1,1,
116800654829,1,2,1,1,1,1,
116801154829,1,2,2,1,1,1,
116801654829,1,2,1,1,1,1,
116803154829,1,2,2,1,1,1,
116804654829,1,2,1,1,1,1,
116806654829,1,2,1,1,1,1,
116808154829,1,2,1,1,1,1,
116808654829,1,2,1,1,1,1,
116810154829,1,2,2,2,1,1,
116810654829,1,2,1,1,1,1,
116812654829,1,2,1,1,1,1,
116813654829,1,2,1,1,1,1,
116814654829,1,2,2,1,1,1,
116815154829,1,2,1,1,1,1,
116816154829,1,2,1,1,1,1,
116817154829,1,2,1,1,1,1,
116817654829,1,2,1,1,1,1,
116818154829,1,2,2,1,1,1,
116820654829,1,2,1,1,1,1,
116824154829,1,2,1,1,1,2,
116824654829,1,2,1,1,1,1,
116825154829,1,2,1,2,1,2,
116826154829,1,2,2,1,2,1,
116827154829,1,2,2,1,1,1,
116827654829,1,2,1,1,1,1,
116828654829,1,2,1,1,1,1,
116829154829,1,2,1,1,1,1,
116829654829,1,2,1,1,1,1,
116830154829,1,2,1,1,1,1,
116832154829,1,2,2,1,1,1,
116832654829,1,2,2,1,1,1,
116834154829,1,2,2,1,1,1,
116835154829,1,2,1,1,1,1,
116840654829,1,2,2,1,1,1,
116842654829,1,2,2,2,1,2,
116844154829,1,2,1,1,1,1,
116846654829,1,2,1,1,1,1,
116849154829,1,2,1,1,1,1,
116849654829,1,2,1,1,1,1,
116850154829,1,2,1,1,1,1,
116850654829,1,2,1,1,1,1,
116852154829,1,2,2,2,2,2,
116852654829,1,2,1,1,1,1,
116853154829,1,2,1,1,1,1,
116854154829,1,2,1,1,1,1,
116854654829,1,2,1,1,1,1,
116855154829,1,2,2,2,2,2,
116855654829,1,2,1,1,1,1,
116856654829,1,2,1,1,1,1,
116857154829,1,2,2,1,1,1,
116857654829,1,2,1,1,1,1,
116858154829,1,2,1,1,1,1,
116858654829,1,2,2,1,2,2,
116859154829,1,2,1,1,1,1,
116860654829,1,2,2,1,1,1,
116861154829,1,2,1,1,1,1,
116863154829,1,2,2,1,1,1,
116863654829,1,2,2,1,1,1,
116865154829,1,2,1,1,1,1,
116866154829,1,2,2,1,1,1,
116868654829,1,2,1,2,1,2,
116869154829,1,2,1,1,1,1,
116870154829,1,2,2,1,1,1,
116871654829,1,2,2,1,1,1,
116872654829,1,2,1,1,1,1,
116874654829,1,2,2,1,1,1,
116875154829,1,2,2,1,1,1,
116875654829,1,2,2,1,1,1,
116876154829,1,2,2,1,1,1,
116876654829,1,2,2,1,1,1,
116877654829,1,2,2,1,1,1,
116878654829,1,2,1,1,1,1,
116879154829,1,2,2,1,1,1,
116880154829,1,2,2,2,2,1,
116881154829,1,2,2,1,1,1,
116882154829,1,2,2,1,1,1,
116882654829,1,2,2,2,2,2,
116884654829,1,2,1,1,1,1,
116885154829,1,2,1,1,1,1,
116885654829,1,2,1,1,1,1,
116886154829,1,2,1,2,2,1,
116887654829,1,2,2,2,2,2,
116888154829,1,2,2,2,1,1,
116890154829,1,2,2,2,2,2,
116890654829,1,2,2,2,1,1,
116892654829,1,2,1,1,1,1,
116893654829,1,2,1,1,1,1,
116894154829,1,2,1,1,1,1,
116894654829,1,2,2,1,1,1,
116895154829,1,2,2,2,1,1,
116895654829,1,2,2,1,1,1,
116897154829,1,2,1,1,1,1,
116898654829,1,2,2,1,1,1,
116899154829,1,2,1,1,1,1,
116900154829,1,2,2,1,1,1,
116901154829,1,2,1,1,1,1,
116901654829,1,2,1,1,1,1,
116903654829,1,2,2,1,1,1,
116904154829,1,2,1,1,1,1,
116904654829,1,2,2,1,2,1,
116905154829,1,2,1,1,1,1,
116906154829,1,2,2,1,1,1,
116907654829,1,2,1,1,1,1,
116908654829,1,2,1,1,1,1,
116909154829,1,2,2,1,2,2,
116909654829,1,2,1,1,1,1,
116910154829,1,2,1,1,1,1,
116910654829,1,2,1,1,1,1,
116912154829,1,2,1,1,1,1,
116913154829,1,2,1,1,1,1,
116913654829,1,2,2,2,2,1,
116914654829,1,2,1,1,1,1,
116915154829,1,2,2,1,1,1,
116915654829,1,2,2,2,2,1,
116917154829,1,2,1,1,1,1,
116917654829,1,2,1,1,1,1,
116918654829,1,2,1,1,2,1,
116920154829,1,2,2,1,1,1,
116921154829,1,2,1,1,1,1,
116921654829,1,2,2,1,1,1,
116922154829,1,2,1,1,1,1,
116923654829,1,2,1,1,2,2,
116924154829,1,2,1,1,1,1,
116925654829,1,2,1,1,1,1,
116926654829,1,2,2,1,1,1,
116927154829,1,2,2,1,1,1,
116928154829,1,2,1,1,1,1,
116929154829,1,2,2,1,1,1,
116929654829,1,2,1,1,1,1,
116930154829,1,2,1,1,1,1,
116932154829,1,2,2,1,1,1,
116933154829,1,2,1,2,2,1,
116933654829,1,2,1,1,1,1,
116934154829,1,2,1,1,1,1,
116934654829,1,2,1,2,2,1,
116935654829,1,2,1,1,1,1,
116936154829,1,2,1,1,1,1,
116936654829,1,2,1,1,1,1,
116937154829,1,2,1,1,1,1,
116937654829,1,2,1,1,1,1,
116938154829,1,2,1,1,1,1,
116938654829,1,2,1,1,1,1,
116939154829,1,2,1,1,1,1,
116939654829,1,2,1,1,1,1,
116940154829,1,2,2,1,1,1,
116940654829,1,2,1,1,1,1,
116942154829,1,2,1,1,1,1,
116943654829,1,2,1,1,1,1,
116944154829,1,2,1,1,1,1,
116944654829,1,2,1,1,1,1,
116945154829,1,2,1,1,1,1,
116945654829,1,2,1,1,1,1,
116946654829,1,2,1,1,1,1,
116947154829,1,2,2,1,1,1,
116950654829,1,2,1,1,1,1,
116951154829,1,2,2,1,1,1,
116951654829,1,2,2,1,1,1,
116952154829,1,2,1,1,1,1,
116953154829,1,2,1,1,1,1,
116953654829,1,2,2,2,2,2,
116954154829,1,2,2,1,1,1,
116955654829,1,2,2,1,1,1,
116958654829,1,2,2,2,2,1,
116960654829,1,2,2,1,1,1,
116962654829,1,2,1,1,1,1,
116963154829,1,2,2,1,1,1,
116963654829,1,2,1,1,1,1,
116964654829,1,2,1,1,1,1,
116965154829,1,2,2,1,1,1,
116966654829,1,2,1,1,1,1,
116968154829,1,2,2,1,1,1,
116968654829,1,2,1,2,1,1,
116969654829,1,2,1,1,1,1,
116970654829,1,2,2,1,1,1,
116971154829,1,2,2,1,1,1,
116972154829,1,2,1,1,1,1,
116974154829,1,2,1,1,1,1,
116974654829,1,2,2,2,2,2,
116975154829,1,2,2,2,1,1,
116975654829,1,2,1,1,1,1,
116977154829,1,2,1,1,1,1,
116978654829,1,2,2,1,1,1,
116979154829,1,2,1,1,2,2,
116980154829,1,2,1,2,1,1,
116981154829,1,2,2,2,2,2,
116981654829,1,2,2,2,2,2,
116982154829,1,2,2,2,2,2,
116983154829,1,2,1,1,1,1,
116983654829,1,2,1,1,1,1,
116984154829,1,2,2,2,2,2,
116984654829,1,2,2,2,2,2,
116985154829,1,2,2,2,2,2,
116985654829,1,2,2,1,1,1,
116986654829,1,2,1,1,1,1,
116987154829,1,2,2,1,1,1,
116987654829,1,2,1,2,1,2,
116988154829,1,2,1,1,1,1,
116990154829,1,2,1,1,1,1,
116991154829,1,2,1,1,1,1,
116992154829,1,2,1,1,1,1,
116994154829,1,2,1,1,1,1,
116996654829,1,2,2,1,1,2,
116997654829,1,2,1,1,1,1,
116998154829,1,2,2,1,1,1,
116998654829,1,2,1,1,1,1,
116999654829,1,2,1,1,1,1,
117000654829,1,2,1,1,1,1,
117001154829,1,2,1,2,2,2,
117001654829,1,2,1,1,1,1,
117002154829,1,2,1,1,1,1,
117002654829,1,2,2,1,1,1,
117003654829,1,2,1,1,1,1,
117004154829,1,2,1,1,1,1,
117005654829,1,2,1,1,1,1,
117006654829,1,2,1,1,1,1,
117011154829,1,2,1,1,1,1,
117011654829,1,2,1,1,1,1,
117012654829,1,2,2,1,1,1,
117013154829,1,2,2,2,1,2,
117013654829,1,2,1,2,2,2,
117014654829,1,2,2,1,1,1,
117016154829,1,2,1,2,1,1,
117016654829,1,2,1,1,1,1,
117017654829,1,2,1,1,1,1,
117018154829,1,2,2,2,1,1,
117018654829,1,2,2,1,1,1,
117019154829,1,2,1,1,1,1,
117019654829,1,2,1,1,1,1,
117020654829,1,2,2,1,1,1,
117021154829,1,2,1,1,1,1,
117021654829,1,2,2,1,1,1,
117022154829,1,2,1,1,1,1,
117022654829,1,2,1,1,1,1,
117023154829,1,2,1,1,1,1,
117026154829,1,2,1,1,1,1,
117027154829,1,2,1,1,1,1,
117027654829,1,2,1,1,1,1,
117028154829,1,2,2,1,1,1,
117029654829,1,2,2,2,1,2,
117030154829,1,2,1,1,1,1,
117032654829,1,2,1,1,1,1,
117034654829,1,2,1,1,1,1,
117035654829,1,2,2,2,2,2,
117036154829,1,2,1,1,1,1,
117036654829,1,2,1,1,1,1,
117037654829,1,2,1,1,1,1,
117038154829,1,2,1,1,1,1,
117039654829,1,2,1,1,1,1,
117041154829,1,2,1,1,1,1,
117042154829,1,2,1,1,1,1,
117043154829,1,2,1,1,1,1,
117044654829,1,2,1,1,1,1,
117046654829,1,2,1,1,1,1,
117047654829,1,2,1,1,1,1,
117048654829,1,2,1,1,1,1,
117049154829,1,2,1,1,1,1,
117054654829,1,2,1,1,1,1,
117055654829,1,2,2,1,1,1,
117056154829,1,2,1,1,1,1,
117056654829,1,2,2,1,1,1,
117057654829,1,2,1,1,1,1,
117058154829,1,2,1,1,1,1,
117058654829,1,2,1,1,1,1,
117059154829,1,2,2,1,1,1,
117061154829,1,2,2,2,1,1,
117062654829,1,2,1,1,1,1,
117063154829,1,2,1,2,2,1,
117065154829,1,2,1,1,1,1,
117066654829,1,2,2,1,1,1,
117067154829,1,2,1,1,1,1,
117067654829,1,2,1,1,1,1,
117068154829,1,2,1,1,1,1,
117069154829,1,2,1,1,1,1,
117069654829,1,2,2,2,2,2,
117070654829,1,2,1,1,1,1,
117072154829,1,2,1,1,1,1,

