,W-0,R-0,R-1,R-2,R-3,R-4,
121959673533,1,2,2,2,2,2,
121960173533,1,2,1,1,1,1,
121961173533,1,2,1,1,1,1,
121962173533,1,1,1,1,1,1,
121963173533,1,2,1,1,1,1,
121966673533,1,1,1,1,1,1,
121967173533,1,1,1,1,1,1,
121968173533,1,1,1,1,1,1,
121972173533,1,1,1,1,1,1,
121974673533,1,1,1,1,1,1,
121975673533,1,1,1,1,1,1,
121977173533,1,2,1,1,1,1,
121977673533,1,1,1,1,1,1,
121978173533,1,1,1,1,1,1,
121981173533,1,1,1,1,1,1,
121981673533,1,2,1,1,1,1,
121982173533,1,1,1,1,1,1,
121982673533,1,2,1,1,1,1,
121983673533,1,1,1,1,1,1,
121986673533,1,1,1,1,1,1,
121988673533,1,2,1,1,1,1,
121989173533,1,1,1,1,1,1,
121989673533,1,2,1,1,1,1,
121991173533,1,1,1,1,1,1,
121991673533,1,1,1,1,1,1,
121994173533,1,1,1,1,1,1,
121995173533,1,1,1,1,1,1,
121995673533,1,1,1,1,1,1,
121997673533,1,2,1,1,1,1,
121998673533,1,1,1,1,1,1,
121999173533,1,1,1,1,1,1,
122000173533,1,1,1,1,1,1,
122001173533,1,1,1,1,1,1,
122001673533,1,1,1,1,1,1,
122003173533,1,1,1,1,1,1,
122004673533,1,1,1,1,1,1,
122005173533,1,1,1,1,1,1,
122007673533,1,1,1,1,1,1,
122008173533,1,1,1,1,1,1,
122008673533,1,2,1,1,1,1,
122009673533,1,1,1,1,1,1,
122010173533,1,2,1,1,1,1,
122010673533,1,1,1,1,1,1,
122012173533,1,2,1,1,1,1,
122012673533,1,2,1,1,1,1,
122013673533,1,2,1,1,1,1,
122014173533,1,1,1,1,1,1,
122015173533,1,1,1,1,1,1,
122015673533,1,1,1,1,1,1,
122016173533,1,1,1,1,1,1,
122016673533,1,1,1,1,1,1,
122018173533,1,1,1,1,1,1,
122020173533,1,1,1,1,1,1,
122021173533,1,1,1,1,1,1,
122021673533,1,1,1,1,1,1,
122022173533,1,1,1,1,1,1,
122022673533,1,1,1,1,1,1,
122024173533,1,1,1,1,1,1,
122026673533,1,1,1,1,1,1,
122027173533,1,2,1,1,1,1,
122027673533,1,1,1,1,1,1,
122028673533,1,1,1,1,1,1,
122029673533,1,1,1,1,1,1,
122030173533,1,1,1,1,1,1,
122030673533,1,1,1,1,1,1,
122031173533,1,2,1,1,1,1,
122032173533,1,1,1,1,1,1,
122033673533,1,2,1,1,1,1,
122034173533,1,1,1,1,1,1,
122034673533,1,1,1,1,1,1,
122035173533,1,1,1,1,1,1,
122036673533,1,1,1,1,1,1,
122037673533,1,1,1,1,1,1,
122038173533,1,1,1,1,1,1,
122038673533,1,1,1,1,1,1,
122039173533,1,1,1,1,1,1,
122040173533,1,1,1,1,1,1,
122040673533,1,1,1,1,1,1,
122044673533,1,1,1,1,1,1,
122045173533,1,2,1,1,1,1,
122047173533,1,1,1,1,1,1,
122047673533,1,2,1,1,1,1,
122048173533,1,1,1,1,1,1,
122048673533,1,1,1,1,1,1,
122050173533,1,1,1,1,1,1,
122051173533,1,2,1,1,1,1,
122053673533,1,2,1,1,1,1,
122054173533,1,1,1,1,1,1,
122054673533,1,1,1,1,1,1,
122055173533,1,1,1,1,1,1,
122056173533,1,2,1,1,1,1,
122056673533,1,1,1,1,1,1,
122057173533,1,1,1,1,1,1,
122060673533,1,1,1,1,1,1,
122061173533,1,1,1,1,1,1,
122062173533,1,2,1,1,1,1,
122064673533,1,1,1,1,1,1,
122065173533,1,1,1,1,1,1,
122066673533,1,2,1,1,1,1,
122067673533,1,1,1,1,1,1,
122068173533,1,1,1,1,1,1,
122068673533,1,1,1,1,1,1,
122069673533,1,2,2,1,1,1,
122070673533,1,1,1,1,1,1,
122071673533,1,1,1,1,1,1,
122073173533,1,2,1,1,1,1,
122073673533,1,1,1,1,1,1,
122074673533,1,1,1,1,1,1,
122075173533,1,1,1,1,1,1,
122075673533,1,1,1,1,1,1,
122076173533,1,1,1,1,1,1,
122077173533,1,1,1,1,1,1,
122078173533,1,1,1,1,1,1,
122078673533,1,2,1,1,1,1,
122079173533,1,1,1,1,1,1,
122079673533,1,1,1,1,1,1,
122082173533,1,1,1,1,1,1,
122082673533,1,1,1,1,1,1,
122084673533,1,1,1,1,1,1,
122085173533,1,2,1,1,1,1,
122085673533,1,2,1,1,1,1,
122086673533,1,1,1,1,1,1,
122087173533,1,1,1,1,1,1,
122091173533,1,1,1,1,1,1,
122091673533,1,1,1,1,1,1,
122092673533,1,1,1,1,1,1,
122095173533,1,1,1,1,1,1,
122096173533,1,2,1,1,1,1,
122097173533,1,2,1,1,1,1,
122099173533,1,1,1,1,1,1,
122099673533,1,1,1,1,1,1,
122100173533,1,1,1,1,1,1,
122100673533,1,1,1,1,1,1,
122101673533,1,1,1,1,1,1,
122102173533,1,1,1,1,1,1,
122102673533,1,1,1,1,1,1,
122103673533,1,1,1,1,1,1,
122104173533,1,1,1,1,1,1,
122105173533,1,1,1,1,1,1,
122105673533,1,1,1,1,1,1,
122106173533,1,1,1,1,1,1,
122107673533,1,2,1,1,1,1,
122108673533,1,2,1,1,1,1,
122110673533,1,1,1,1,1,1,
122111173533,1,2,1,1,1,1,
122111673533,1,1,1,1,1,1,
122112173533,1,1,1,1,1,1,
122113173533,1,2,1,1,1,1,
122114173533,1,1,1,1,1,1,
122114673533,1,1,1,1,1,1,
122115673533,1,1,1,1,1,1,
122116173533,1,1,1,1,1,1,
122116673533,1,1,1,1,1,1,
122117173533,1,1,1,1,1,1,
122118173533,1,1,1,1,1,1,
122118673533,1,1,1,1,1,1,
122119673533,1,1,1,1,1,1,
122120173533,1,1,1,1,1,1,
122121173533,1,1,1,1,1,1,
122121673533,1,1,1,1,1,1,
122122673533,1,2,1,1,1,1,
122123173533,1,1,1,1,1,1,
122126173533,1,2,1,1,1,1,
122128173533,1,1,1,1,1,1,
122129173533,1,1,1,1,1,1,
122129673533,1,2,1,1,1,1,
122130173533,1,2,1,1,1,1,
122131173533,1,1,1,1,1,1,
122132173533,1,1,1,1,1,1,
122132673533,1,1,1,1,1,1,
122133173533,1,1,1,1,1,1,
122133673533,1,1,1,1,1,1,
122134173533,1,2,1,1,1,1,
122135673533,1,1,1,1,1,1,
122136673533,1,1,1,1,1,1,
122137173533,1,1,1,1,1,1,
122139673533,1,2,1,1,1,1,
122140673533,1,1,1,1,1,1,
122142173533,1,1,1,1,1,1,
122143173533,1,1,1,1,1,1,
122143673533,1,1,1,1,1,1,
122145173533,1,1,1,1,1,1,
122147673533,1,2,1,1,1,1,
122148173533,1,1,1,1,1,1,
122148673533,1,1,1,1,1,1,
122150173533,1,1,1,1,1,1,
122150673533,1,1,1,1,1,1,
122152673533,1,1,1,1,1,1,
122153173533,1,1,1,1,1,1,
122153673533,1,2,1,1,1,1,
122154673533,1,2,1,1,1,1,
122155673533,1,1,1,1,1,1,
122156173533,1,1,1,1,1,1,
122156673533,1,1,1,1,1,1,
122157173533,1,1,1,1,1,1,
122157673533,1,1,1,1,1,1,
122158173533,1,1,1,1,1,1,
122158673533,1,1,1,1,1,1,
122160173533,1,1,1,1,1,1,
122161673533,1,1,1,1,1,1,
122163673533,1,1,1,1,1,1,
122165173533,1,2,1,1,1,1,
122165673533,1,2,1,1,1,1,
122167173533,1,1,1,1,1,1,
122167673533,1,1,1,1,1,1,
122169673533,1,1,1,1,1,1,
122170673533,1,1,1,1,1,1,
122171673533,1,1,1,1,1,1,
122172173533,1,2,1,1,1,1,
122173173533,1,1,1,1,1,1,
122174173533,1,1,1,1,1,1,
122174673533,1,1,1,1,1,1,
122175173533,1,2,1,1,1,1,
122177673533,1,2,1,1,1,1,
122181173533,1,2,1,1,1,1,
122181673533,1,1,1,1,1,1,
122182173533,1,1,1,1,1,1,
122183173533,1,1,1,1,1,1,
122184173533,1,1,1,1,1,1,
122184673533,1,2,1,1,1,1,
122185673533,1,1,1,1,1,1,
122186173533,1,1,1,1,1,1,
122186673533,1,1,1,1,1,1,
122187173533,1,1,1,1,1,1,
122189173533,1,2,1,1,1,1,
122189673533,1,1,1,1,1,1,
122191173533,1,1,1,1,1,1,
122192173533,1,1,1,1,1,1,
122197673533,1,1,1,1,1,1,
122199673533,1,1,1,1,1,1,
122201173533,1,2,1,1,1,1,
122203673533,1,1,1,1,1,1,
122206173533,1,1,1,1,1,1,
122206673533,1,1,1,1,1,1,
122207173533,1,1,1,1,1,1,
122207673533,1,1,1,1,1,1,
122209173533,1,2,1,1,1,1,
122209673533,1,1,1,1,1,1,
122210173533,1,1,1,1,1,1,
122211173533,1,1,1,1,1,1,
122211673533,1,1,1,1,1,1,
122212173533,1,2,1,1,1,1,
122212673533,1,2,1,1,1,1,
122213673533,1,1,1,1,1,1,
122214173533,1,1,1,1,1,1,
122214673533,1,1,1,1,1,1,
122215173533,1,1,1,1,1,1,
122215673533,1,2,1,1,1,1,
122216173533,1,1,1,1,1,1,
122217673533,1,1,1,1,1,1,
122218173533,1,2,1,1,1,1,
122220173533,1,2,1,1,1,1,
122220673533,1,1,1,1,1,1,
122222173533,1,1,1,1,1,1,
122223173533,1,1,1,1,1,1,
122225673533,1,1,1,1,1,1,
122226173533,1,2,1,1,1,1,
122227173533,1,1,1,1,1,1,
122228673533,1,1,1,1,1,1,
122229673533,1,2,1,1,1,1,
122231673533,1,1,1,1,1,1,
122232173533,1,2,1,1,1,1,
122232673533,1,1,1,1,1,1,
122233173533,1,2,1,1,1,1,
122233673533,1,1,1,1,1,1,
122234673533,1,1,1,1,1,1,
122235673533,1,1,1,1,1,1,
122236173533,1,1,1,1,1,1,
122237173533,1,1,1,1,1,1,
122238173533,1,1,1,1,1,1,
122239173533,1,2,1,1,1,1,
122239673533,1,1,1,1,1,1,
122241673533,1,2,1,1,1,1,
122242173533,1,2,1,1,1,1,
122242673533,1,1,1,1,1,1,
122243173533,1,1,1,1,1,1,
122244673533,1,1,1,1,1,1,
122245173533,1,1,1,1,1,1,
122247173533,1,1,1,1,1,1,
122247673533,1,1,1,1,1,1,
122249673533,1,1,1,1,1,1,
122250673533,1,1,1,1,1,1,
122251173533,1,1,1,1,1,1,
122251673533,1,1,1,1,1,1,
122252173533,1,1,1,1,1,1,
122252673533,1,1,1,1,1,1,
122254173533,1,1,1,1,1,1,
122255673533,1,1,1,1,1,1,
122256173533,1,2,1,1,1,1,
122257173533,1,1,1,1,1,1,
122258173533,1,2,1,1,1,1,
122258673533,1,1,1,1,1,1,
122260673533,1,2,1,1,1,1,
122261173533,1,1,1,1,1,1,
122261673533,1,1,1,1,1,1,
122262173533,1,1,2,2,2,2,
122263173533,1,2,1,1,1,1,
122264673533,1,1,1,1,1,1,
122265673533,1,2,1,1,1,1,
122266173533,1,2,1,1,1,1,
122266673533,1,1,1,1,1,1,
122267173533,1,2,1,1,1,1,
122267673533,1,1,1,1,1,1,
122269173533,1,1,1,1,1,1,
122270173533,1,1,1,1,1,1,
122270673533,1,1,1,1,1,1,
122271673533,1,2,1,1,1,1,
122272173533,1,1,1,1,1,1,
122272673533,1,1,1,1,1,1,
122274173533,1,1,1,1,1,1,
122274673533,1,1,1,1,1,1,
122275673533,1,1,1,1,1,1,
122277173533,1,1,1,1,1,1,
122278173533,1,1,1,1,1,1,
122278673533,1,2,1,1,1,1,
122279173533,1,1,1,1,1,1,
122280673533,1,1,1,1,1,1,
122281173533,1,2,1,1,1,1,
122282673533,1,2,1,1,1,1,
122283673533,1,1,1,1,1,1,
122284173533,1,1,1,1,1,1,
122285173533,1,2,1,1,1,1,
122286173533,1,1,1,1,1,1,
122286673533,1,2,1,1,1,1,
122287173533,1,1,1,1,1,1,
122289173533,1,1,1,1,1,1,
122290173533,1,1,1,1,1,1,
122290673533,1,1,1,1,1,1,
122291173533,1,1,1,1,1,1,
122291673533,1,1,1,1,1,1,
122292673533,1,2,1,1,1,1,
122293173533,1,1,1,1,1,1,
122293673533,1,2,1,1,1,1,
122294173533,1,1,1,1,1,1,
122294673533,1,2,1,1,1,1,
122295173533,1,2,1,1,1,1,
122295673533,1,1,1,1,1,1,
122296173533,1,1,1,1,1,1,
122296673533,1,2,1,1,1,1,
122297173533,1,1,1,1,1,1,
122297673533,1,1,1,1,1,1,
122299173533,1,1,1,1,1,1,
122300673533,1,1,1,1,1,1,
122301173533,1,1,1,1,1,1,
122301673533,1,1,1,1,1,1,
122302173533,1,1,1,1,1,1,
122302673533,1,1,1,1,1,1,
122303673533,1,1,1,1,1,1,
122304173533,1,2,1,1,1,1,
122307673533,1,1,1,1,1,1,
122308173533,1,1,1,1,1,1,
122308673533,1,1,1,1,1,1,
122309173533,1,1,1,1,1,1,
122310173533,1,2,1,1,1,1,
122310673533,1,1,1,1,1,1,
122311173533,1,1,1,1,1,1,
122312673533,1,1,1,1,1,1,
122315673533,1,1,1,1,1,1,
122317673533,1,2,1,1,1,1,
122319673533,1,1,1,1,1,1,
122320173533,1,2,1,1,1,1,
122320673533,1,1,1,1,1,1,
122321673533,1,1,1,1,1,1,
122322173533,1,1,1,1,1,1,
122323673533,1,1,1,1,1,1,
122325173533,1,1,1,1,1,1,
122325673533,1,1,1,1,1,1,
122326673533,1,1,1,1,1,1,
122327673533,1,2,1,1,1,1,
122328173533,1,1,1,1,1,1,
122329173533,1,1,1,1,1,1,
122331173533,1,2,1,1,1,1,
122331673533,1,2,1,1,1,1,
122332173533,1,2,1,1,1,1,
122332673533,1,2,1,1,1,1,
122334173533,1,1,1,1,1,1,
122335673533,1,1,1,1,1,1,
122336173533,1,1,1,1,1,1,
122337173533,1,2,1,1,1,1,
122338173533,1,1,1,1,1,1,
122338673533,1,1,1,1,1,1,
122339173533,1,1,1,1,1,1,
122340173533,1,1,1,1,1,1,
122340673533,1,2,1,1,1,1,
122341173533,1,2,1,1,1,1,
122341673533,1,1,1,1,1,1,
122342173533,1,1,1,1,1,1,
122342673533,1,2,1,1,1,1,
122343673533,1,1,1,1,1,1,
122344173533,1,1,1,1,1,1,
122344673533,1,1,1,1,1,1,
122345173533,1,1,1,1,1,1,
122347173533,1,1,1,1,1,1,
122348173533,1,1,1,1,1,1,
122349173533,1,1,1,1,1,1,
122351173533,1,2,1,1,1,1,
122353673533,1,1,1,1,1,1,
122354673533,1,2,1,1,1,1,
122355173533,1,2,1,1,1,1,
122355673533,1,1,1,1,1,1,
122356673533,1,1,1,1,1,1,
122357673533,1,1,1,1,1,1,
122358173533,1,2,1,1,1,1,
122358673533,1,2,1,1,1,1,
122359173533,1,1,1,1,1,1,
122359673533,1,1,1,1,1,1,
122360673533,1,2,1,1,1,1,
122361173533,1,1,1,1,1,1,
122362673533,1,1,1,1,1,1,
122363673533,1,1,1,1,1,1,
122368173533,1,1,1,1,1,1,
122368673533,1,2,1,1,1,1,
122369673533,1,1,1,1,1,1,
122370173533,1,1,1,1,1,1,
122370673533,1,2,1,1,1,1,
122371673533,1,1,1,1,1,1,
122373173533,1,1,1,1,1,1,
122373673533,1,2,1,1,1,1,
122374673533,1,2,2,2,2,2,
122375173533,1,2,2,2,2,2,
122375673533,1,1,1,1,1,1,
122376173533,1,1,1,1,1,1,
122376673533,1,1,1,1,1,1,
122377673533,1,1,1,1,1,1,
122378173533,1,2,2,2,2,2,
122378673533,1,2,2,2,2,1,
122379173533,1,1,1,1,1,1,
122379673533,1,1,1,1,1,1,
122380173533,1,1,1,1,1,1,
122383173533,1,1,1,1,1,1,
122384173533,1,2,1,1,1,1,
122384673533,1,1,1,1,1,1,
122385173533,1,1,1,1,1,1,
122386673533,1,1,1,1,1,1,
122387173533,1,1,1,1,1,1,
122389673533,1,1,1,1,1,1,
122391673533,1,1,1,1,1,1,
122392673533,1,1,1,1,1,1,
122393173533,1,2,1,1,1,1,
122393673533,1,1,1,1,1,1,
122394673533,1,1,1,1,1,1,
122395173533,1,1,1,1,1,1,
122396673533,1,1,1,1,1,1,
122398173533,1,1,1,1,1,1,
122399173533,1,1,1,1,1,1,
122400173533,1,1,1,1,1,1,
122401673533,1,1,1,1,1,1,
122403673533,1,1,1,1,1,1,
122404673533,1,1,1,1,1,1,
122405673533,1,1,1,1,1,1,
122406173533,1,1,1,1,1,1,
122411673533,1,1,1,1,1,1,
122412673533,1,1,1,1,1,1,
122413173533,1,1,1,1,1,1,
122413673533,1,1,1,1,1,1,
122414673533,1,2,1,1,1,1,
122415173533,1,1,1,1,1,1,
122415673533,1,1,1,1,1,1,
122416173533,1,1,1,1,1,1,
122418173533,1,1,1,1,1,1,
122419673533,1,1,1,1,1,1,
122420173533,1,1,1,1,1,1,
122422173533,1,1,1,1,1,1,
122423673533,1,1,1,1,1,1,
122424173533,1,1,1,1,1,1,
122424673533,1,1,1,1,1,1,
122425173533,1,1,1,1,1,1,
122426173533,1,1,1,1,1,1,
122426673533,1,1,1,1,1,1,
122427673533,1,1,1,1,1,1,
122429173533,1,2,1,1,1,1,

