,W-0,R-0,R-1,R-2,R-3,R-4,
136854094986,4102,14259,5762,6091,9673,9417,
136854594986,3541,13361,14179,18294,7106,10610,
136855594986,31257,12357,4965,5303,7076,8898,
136856594986,4161,12636,3220,5114,9243,8945,
136857594986,4062,12115,13989,4906,7162,8917,
136861094986,2578,1239,14154,4931,7072,8842,
136861594986,3719,12365,3173,5141,7110,8963,
136862594986,5313,1600,3215,4972,6938,8780,
136866594986,3635,1548,3046,4876,6918,9094,
136869094986,3936,12266,3001,4823,6839,9107,
136870094986,3779,1627,3118,4959,6918,9124,
136871594986,2780,12154,13973,4811,6855,8870,
136872094986,3640,11850,13828,4949,17789,19988,
136872594986,3628,11776,2962,4875,6966,9055,
136875594986,4402,1915,3002,4796,6884,8933,
136876094986,4289,12793,3467,4915,6909,8993,
136876594986,5209,11938,3234,4901,6996,8779,
136877094986,4355,12719,3068,4801,6836,8910,
136878094986,3705,11725,3062,4836,6972,8902,
136881094986,5489,12054,2873,6365,6759,8870,
136883094986,3600,1559,3070,4970,6914,9105,
136883594986,2531,12184,14106,4828,6749,8857,
136884094986,3768,11879,2878,4746,6774,8897,
136885594986,5215,1677,14108,4917,7096,8955,
136886094986,80535,12180,2798,4860,7104,8915,
136888594986,3808,22812,2809,4934,6840,8910,
136889594986,3619,12173,2946,4915,6948,8934,
136890094986,5509,12466,13806,5806,7064,8885,
136892094986,4723,12406,13917,4945,17663,9099,
136893094986,16273,12535,3094,5111,7009,9664,
136893594986,3449,11969,13942,15831,6925,8941,
136894594986,10245,1577,14094,4886,6921,8794,
136895594986,3629,12110,3136,4787,6973,9429,
136896094986,6635,12152,14203,16312,7152,9068,
136897594986,60515,12355,2840,4781,6828,8764,
136899094986,4622,12376,3240,5227,6849,8853,
136899594986,4470,13726,3123,4887,6811,8841,
136902094986,3703,1642,3089,4976,7175,8944,
136902594986,3321,12144,3055,4966,6906,8951,
136903094986,3610,12118,2958,4981,6913,8845,
136904094986,4165,12062,2830,38168,6833,19966,
136904594986,3934,12220,3133,5336,6915,9374,
136905094986,4172,11817,2904,4933,6817,9092,
136906594986,5318,11864,13951,5165,6868,9074,
136907094986,3847,1481,3292,15945,7105,8888,
136908094986,3662,33674,2895,4711,6868,19772,
136908594986,3635,12342,13864,5857,6789,20166,
136909594986,4556,12261,2870,4939,6870,8826,
136910094986,3553,12250,13570,15678,18070,8933,
136910594986,3661,1517,3097,4861,6775,8740,
136911094986,3674,12216,2722,4891,6801,8708,
136912594986,5095,11871,13967,4710,7196,9097,
136914594986,2851,12233,3104,4959,7221,8907,
136915594986,5189,12654,14224,4822,6809,8921,
136916094986,27374,12103,2886,4696,6751,8757,
136916594986,76225,11868,25133,27103,17757,30887,
136917094986,5123,11924,13763,4862,6877,8733,
136918594986,3553,12170,2879,4880,6872,8891,
136921094986,3769,1735,3532,4861,6810,8958,
136921594986,5275,11916,14553,4984,7056,8967,
136922094986,3596,11711,2855,5140,6826,8745,
136923094986,3537,12339,2835,5080,6897,8983,
136924094986,3679,1372,3005,4812,6905,8845,
136924594986,4629,12343,13630,4806,6819,8707,
136925094986,3615,12176,3170,4961,6941,8866,
136925594986,3684,1570,2898,4817,18081,8884,
136926594986,3576,11969,2944,4842,6810,9011,
136928094986,3772,1459,3109,4773,6954,8898,
136928594986,4484,13655,13562,4944,6934,8897,
136929094986,4431,11885,2840,4915,6886,8693,
136929594986,3109,11708,2829,4899,6781,8867,
136931094986,3656,1338,2844,4933,6906,9005,
136932094986,3676,12279,3001,4880,6926,8840,
136932594986,9561,11874,3059,4743,8328,9733,
136933094986,3596,1305,3007,4882,6787,8914,
136933594986,3574,12095,14290,4790,6859,8898,
136934594986,3859,1490,3254,5013,6914,9071,
136935094986,3703,1338,13890,4787,6807,8736,
136939094986,3903,12076,2892,4786,6833,8864,
136939594986,5160,12278,2985,15897,6817,8865,
136941594986,22187,12127,2859,4942,6856,8799,
136942094986,3593,12159,3003,4891,6838,8661,
136942594986,3788,11779,2995,5152,6914,8783,
136943094986,4142,11667,13560,4891,6809,8874,
136944594986,3698,12271,2959,4886,6845,9072,
136945594986,3493,12164,2730,27006,6752,19723,
136948094986,4121,12512,3083,5067,7002,8786,
136948594986,4495,12158,14237,6105,6969,8822,
136949094986,12245,11789,13561,8831,17752,9437,
136949594986,3686,11930,3100,4971,6789,8888,
136950594986,3705,1519,2948,4739,6892,8962,
136951094986,14469,12251,14192,5181,6828,8931,
136951594986,4731,12137,13832,4901,6851,19808,
136955094986,5299,12247,3386,4892,6764,8984,
136955594986,3942,11732,2953,4836,6814,8729,
136956594986,4543,11970,13807,4855,6735,8965,
136959094986,3491,12243,3002,5578,6857,8898,
136959594986,3516,12244,2813,4746,7139,8857,
136961094986,6407,1288,13695,4860,6846,8946,
136962094986,3914,11862,3054,4849,6932,9056,
136962594986,3568,12383,3124,27119,7060,19906,
136963094986,71885,13398,13864,4856,6906,8842,
136964094986,11514,9274,24429,26586,17585,63430,
136965094986,2632,12060,2808,4782,6748,8881,
136966094986,3645,12049,2973,4898,6690,8882,
136967594986,7774,12249,14175,15826,7059,8803,
136968094986,3156,11945,2930,4744,6791,8713,
136969094986,3570,12333,3343,5091,7074,8885,
136969594986,3685,12186,2980,4984,7313,9223,
136970094986,3491,12286,2799,4731,6967,19684,
136970594986,3137,11980,3480,4815,6827,8895,
136971594986,24698,12114,13675,4778,6837,8739,
136972594986,2567,12201,2757,4999,6928,8825,
136973094986,3915,12734,2948,4838,6951,8866,
136973594986,3591,11700,3012,4772,6781,8969,
136974094986,3551,12154,2965,4956,6791,8940,
136976594986,3843,1812,13679,4951,6857,8873,
136977094986,3634,11634,13695,4909,6822,8799,
136979094986,6417,11812,3262,4830,11415,11140,
136979594986,3446,11705,2901,5159,6891,8806,
136980094986,3598,1388,13625,4703,6766,8823,
136981094986,4428,12424,3469,4931,6877,8886,
136981594986,12954,12595,13813,15723,6908,19836,
136985594986,3878,1395,14202,4993,6842,8906,
136986094986,3668,11718,3269,5001,7071,9050,
136987094986,3731,1240,3145,5207,6874,8751,
136989594986,3502,1378,3104,4904,6879,8801,
136990594986,3626,11927,2824,4738,6714,8734,
136991594986,8438,12159,3063,5116,6804,8891,
136993594986,5439,12717,14154,5003,8700,8952,
136994094986,103653,1531,2946,4995,6968,9313,
136994594986,4676,12222,13720,4877,6856,9079,
136995094986,3474,11933,2903,4800,6806,8870,
136996094986,4869,11879,13878,4985,6769,8738,
136996594986,3668,12141,3785,4889,6941,8956,
136997094986,2474,11887,2898,4841,6792,9936,
136998094986,3558,12168,2996,15660,17697,8997,
136998594986,3992,12206,2944,4837,6829,8958,
136999594986,3840,12122,2981,15655,17918,8812,
137000094986,3551,1467,3156,4752,6789,8855,
137000594986,15323,11871,4286,5357,6771,8763,
137002094986,3499,1400,3077,4779,17831,8791,
137003094986,4122,1795,13980,4876,6745,8759,
137005094986,3763,12193,2925,4887,6853,8801,
137005594986,3939,12241,3354,15771,6881,8795,
137006094986,4806,12400,3058,4964,6820,8887,
137006594986,3911,12527,15085,4813,6992,9137,
137007594986,3610,12190,2842,4810,7343,9047,
137008594986,5149,12394,2841,15887,6967,19670,
137009094986,16801,22958,13712,16391,17868,19499,
137010094986,5281,12159,13915,5082,6863,9097,
137010594986,3538,11807,13705,4784,17725,8855,
137011094986,3927,12192,3057,4813,6916,8841,
137011594986,6638,14543,14614,15763,6912,8857,
137012594986,3844,12161,2877,4932,6905,9089,
137013094986,3782,12141,2897,5192,7593,8783,
137014094986,3409,1367,3229,4953,6975,8939,
137014594986,3744,12393,2998,4977,7149,9240,
137015594986,93533,11922,2852,4768,6837,8904,
137016094986,5913,12004,2980,4828,6984,12641,
137017094986,3518,1357,2960,4958,7251,8995,
137017594986,3824,1816,3100,4971,6950,8825,
137020594986,3470,12137,3133,4954,6868,8858,
137022594986,3728,12094,13501,4848,6976,8740,
137023594986,3868,12352,3242,4894,6824,8706,
137024094986,8635,1561,13635,4812,6796,8865,
137024594986,3930,12430,3165,4941,7216,8935,
137025594986,3145,1299,2795,4913,28729,8861,
137026594986,3936,12176,14303,5008,6911,9205,
137027094986,7625,1433,3185,5079,6920,8698,
137027594986,3480,1292,2783,4759,6866,8829,
137028094986,3720,12497,3157,4934,6984,9214,
137028594986,3381,11814,2779,4725,7643,9246,
137030094986,3147,11726,2845,4788,6792,8818,
137031094986,2657,12076,7355,7876,7751,19527,
137031594986,3853,11887,3128,4927,6875,9790,
137034094986,4319,13071,13717,5145,17591,8748,
137035094986,4754,1272,13680,4932,6882,8864,
137036594986,3688,1471,2933,4724,17704,8825,
137037594986,3509,11897,2858,5076,6772,8671,
137038094986,3772,11761,2881,5130,6883,8666,
137039594986,4434,12328,13923,4953,6972,8985,
137042094986,3585,12115,2961,4896,7049,8855,
137042594986,6479,11761,13705,15825,6976,8974,
137043094986,4953,12103,2905,4849,6832,8898,
137044594986,2504,12126,2987,4961,6890,8769,
137045094986,4380,12116,13820,5122,6826,8805,
137047094986,4470,11907,3434,4874,6733,19717,
137047594986,4918,12882,14153,5082,6865,9067,
137048094986,3617,12162,2827,4770,6802,9287,
137049094986,3752,11927,3241,4867,6951,9147,
137050094986,3926,12113,2841,4961,6787,8832,
137050594986,4525,12452,3114,5011,6923,8993,
137051094986,3856,12220,3517,4798,6844,8759,
137051594986,3480,12361,3214,5087,7498,9149,
137052094986,6172,1406,13666,4785,6851,8805,
137052594986,4131,12597,2926,4984,6858,9123,
137053094986,4190,1748,3111,4929,6799,8933,
137054594986,24911,12008,3013,5234,6903,8684,
137056094986,4357,12191,2998,4812,6834,8895,
137058094986,4716,11613,2843,4666,6766,8724,
137059594986,3956,12391,2940,4776,6784,9009,
137060094986,3865,12101,2992,4742,6770,9056,
137061594986,3995,11923,2983,4862,6787,8850,
137062094986,5062,12946,2938,6373,6829,8780,
137064094986,5110,12191,14215,15899,17619,8876,
137065094986,3971,12129,13770,4772,6868,8945,
137066094986,3712,1525,2937,4819,6764,8836,
137066594986,5164,1595,14163,4913,6917,9324,
137067594986,3809,12273,2934,4805,6884,8982,
137068594986,4759,12333,13947,5052,6779,19949,
137069094986,3692,1419,2840,4802,6900,20177,
137069594986,4062,1666,3390,4855,6835,8863,
137072094986,3501,12233,13689,26674,17614,8817,
137075594986,4656,12208,2793,4907,6768,9091,
137076094986,117289,24267,14523,5165,7253,9299,
137076594986,4181,12793,2925,5327,7135,19727,
137077594986,13978,12147,3565,4768,6925,9097,
137078594986,24878,27001,28494,26650,28684,30373,
137079094986,4729,11834,14234,5216,6708,8865,
137080094986,4895,13146,25159,5923,18158,8792,
137080594986,3420,22775,13908,4814,6824,8828,
137081094986,3646,1273,2873,4698,6810,8736,
137081594986,3547,12082,3200,4825,6803,8818,
137083594986,3747,12252,2950,4694,6753,8840,
137084094986,3895,1786,3153,4764,6895,8827,
137085594986,3654,11982,3136,4988,6888,8844,
137086594986,207606,12266,3087,15757,7157,20231,
137092094986,3668,12313,3180,4948,7236,8793,
137094094986,3633,11698,2920,4711,6812,8790,
137095594986,3699,11975,3000,4803,6808,8752,
137098094986,3824,11892,2953,4798,6772,8708,
137100594986,3524,11994,13991,4873,6787,8696,
137101094986,4435,12403,3225,4870,6909,8988,
137101594986,5182,1309,13892,4926,17671,8724,
137102094986,3668,1409,3065,4750,6754,8969,
137103594986,5002,1301,3273,4872,17692,19779,
137104094986,10109,11738,13903,7885,8097,19607,
137104594986,3433,12201,3182,5074,6832,8912,
137105594986,3746,1451,3181,4707,6822,19680,
137106094986,3160,12137,2907,4797,6999,8754,
137106594986,3632,12233,3249,4819,6913,8874,
137107094986,4454,11969,13907,4840,6775,8803,
137108094986,3850,12327,3055,4837,6869,8929,
137108594986,4592,1250,2956,16165,39529,8793,
137109094986,3475,11976,2958,4910,6774,8742,
137109594986,4849,33453,13951,4751,17681,8855,
137110094986,3834,1656,3154,4757,6948,8924,
137110594986,5147,12150,13822,15664,7006,9395,
137112094986,9768,11815,3271,4888,6764,8692,
137112594986,3539,12360,3146,4965,7065,9537,
137114594986,3992,1734,3457,4804,6796,8799,
137115094986,5173,11729,13887,5013,6812,8776,
137116594986,3861,12231,3154,15758,6980,8896,
137117594986,3390,11936,3141,5055,7051,8975,
137120094986,3640,1798,2970,27284,7060,9074,
137120594986,3202,12001,2781,4915,17827,8849,
137121594986,3636,12044,2701,4900,6779,8884,
137123094986,3604,11929,3142,4786,6810,9307,
137124094986,4393,11764,2745,4937,6805,9163,
137126094986,3181,1290,2890,5009,6895,8780,
137126594986,4003,1390,3249,5171,7000,8883,
137127094986,4660,1385,14607,16158,6857,8982,
137127594986,3914,12057,2938,4820,6718,8896,
137128094986,3934,1507,2776,4836,8435,8840,
137129094986,17119,13773,24819,26504,17897,19694,
137130094986,3168,12184,2810,4806,6827,8872,
137130594986,4334,12142,2918,5089,6892,8824,
137131594986,3990,1651,2745,4956,6745,8934,
137132594986,2954,12287,2823,4848,6812,8861,
137133594986,3757,12858,3079,5065,6853,10773,
137134094986,3591,11748,2868,5100,6736,8788,
137136094986,3542,12164,3253,4948,7183,8818,
137136594986,4755,22760,2911,4910,17770,19692,
137137094986,3926,11940,3185,4959,6912,8840,
137137594986,4012,11921,2950,5558,6864,8822,
137139094986,3649,22848,2981,15827,7056,19677,
137139594986,3191,11744,2929,5139,6806,9288,
137141594986,3736,12480,2919,4991,6880,8849,
137142094986,20283,11754,24727,26539,29007,19986,
137144094986,3581,11965,14006,26556,17606,8849,
137145094986,4875,11996,3076,5141,6814,8837,
137145594986,3548,1274,2783,4951,6886,8917,
137146094986,4645,2376,13939,4978,6822,8969,
137146594986,3772,11972,3099,4941,6867,8847,
137147094986,3578,12057,3194,4912,6879,8860,
137148594986,3718,12367,3013,4894,6883,9186,
137150094986,2709,11918,2884,4917,6742,8729,
137150594986,3734,12112,2824,5123,7050,8950,
137151594986,3596,1297,3060,5145,6955,9131,
137152594986,3549,11943,2945,4924,6843,8803,
137153094986,3591,12156,2966,4888,6898,8767,
137155094986,3569,12013,2989,4953,6992,8877,
137155594986,4805,1460,13950,4936,6830,8787,
137156094986,14708,12130,3157,4979,6835,8860,
137156594986,3810,2001,2901,5138,6779,8909,
137157594986,3612,12145,3098,5091,6884,9058,
137159094986,3731,1260,3084,4925,6707,8807,
137160094986,3823,11804,3117,4936,6805,8710,
137160594986,3717,12168,3165,5184,6886,8852,
137161094986,4616,13862,4570,5288,6851,19731,
137161594986,3676,11851,2858,5927,6727,8748,
137162094986,4971,11991,3439,5308,6831,9007,
137163594986,3668,11927,2919,4730,7011,8815,
137164594986,9394,12069,13544,4980,17733,20290,
137165094986,3184,12348,2934,4802,6893,8715,
137166094986,2568,11924,2900,4792,6806,8730,
137166594986,5155,11863,13954,4868,7530,8662,
137167094986,70216,23102,2762,27080,6839,8778,
137168594986,4465,1748,3105,5182,6802,8901,
137169094986,5194,1412,14124,4904,6899,8852,
137170094986,13942,22940,13753,15688,17769,19826,
137171594986,3780,12192,13784,4871,6832,8801,
137172594986,6003,1546,3471,4799,6829,9273,
137173094986,4431,22989,3012,4897,6901,8748,
137173594986,5181,12337,2900,4863,6737,8797,
137175094986,6469,11938,3139,4872,6969,8735,
137175594986,3881,11968,13660,4939,7283,8869,
137177094986,3823,12418,3110,4814,6793,8955,
137178094986,4377,12193,13935,5003,7263,9260,
137178594986,3283,12155,3004,4851,6913,9195,
137179594986,2639,12120,2776,4766,6871,8919,
137180594986,31523,12001,24414,4832,6779,8915,
137181094986,5178,55460,2914,16311,28594,19808,
137181594986,3708,1412,2915,4773,6820,8735,
137183594986,4797,11915,13734,4768,6925,8850,
137184594986,3784,12325,3067,4887,7213,9046,
137185094986,2465,12134,2906,4737,6831,8694,
137185594986,3633,1404,2869,4897,6798,8915,
137186094986,11108,8858,13630,9270,17633,19943,
137187094986,5092,11889,13534,4870,6964,8851,
137187594986,3721,1297,3356,4849,6828,8799,
137188094986,5593,12512,2989,5251,7245,31169,
137188594986,3246,12051,14146,4876,6955,8762,
137189094986,3552,12302,3308,4829,6864,8851,
137189594986,4875,1228,2784,4795,17866,8890,
137190094986,3778,11964,2962,4923,6804,8813,
137190594986,3781,12345,13644,4836,6967,8897,
137191094986,18136,12165,2979,4797,6840,8939,
137191594986,5176,1380,2798,4915,6875,8774,
137192094986,2497,11952,3056,4857,6885,8737,
137193594986,4614,12679,3217,15785,18283,8941,
137195094986,5077,12217,3189,4823,6929,8750,
137195594986,3617,12343,3308,4939,7072,8724,
137196094986,3934,12194,2737,4869,6997,8804,
137196594986,3779,12185,2916,4945,6947,8782,
137197094986,32090,13176,3198,37918,7108,31291,
137198094986,3547,12141,14073,4802,6829,19674,
137198594986,3518,12116,2929,4982,6923,8769,
137202094986,6574,12056,2812,4850,6933,8780,
137202594986,3668,11809,2739,4809,17787,8783,
137203094986,13096,1341,3165,4819,6969,8792,
137203594986,3534,12084,2952,4844,7123,8750,
137204594986,3296,1533,3193,4851,7523,8897,
137205094986,5323,12089,2796,4939,6949,9157,
137205594986,3962,12199,2854,4938,7186,8933,
137207094986,2612,1260,2916,4712,28841,8806,
137210094986,4399,12932,3145,5067,6973,8910,
137212094986,3551,12095,2820,5091,6759,8701,
137214094986,5218,1651,2763,5063,6816,8730,
137214594986,3096,11946,2928,4888,6818,8892,
137215094986,9873,1274,13728,5295,6737,8871,
137216094986,3744,12170,2915,4873,7269,8834,
137216594986,3588,11964,3201,5054,6923,9112,
137218094986,4572,1825,14158,5357,6911,9178,
137219594986,3602,1526,2901,4979,29126,8903,
137220094986,3576,11830,2978,4959,6892,9572,
137221094986,3461,11957,2924,4805,6778,8797,
137222094986,3753,12099,2865,4788,6788,8926,
137222594986,150751,1512,2919,4883,6916,8859,
137223594986,3754,11908,2832,4728,17700,8824,
137225594986,4952,12125,3268,4765,6972,8809,
137226094986,3009,12089,2787,4948,6965,8961,
137226594986,3642,11932,3192,4868,6761,8929,
137227094986,3665,12351,2959,4790,6946,9091,
137228594986,4310,11695,3474,4831,6858,8804,
137230094986,3272,11989,2986,4841,6817,8911,
137230594986,3545,12072,2983,4845,6882,8852,
137231594986,8618,1405,2978,4882,6972,9266,
137232594986,3926,12389,3058,4790,6842,9062,
137233094986,5988,11795,14074,15671,6781,9580,
137233594986,3712,12169,13908,15692,6879,9322,
137234594986,6471,12242,14117,4848,6937,8926,
137235094986,3597,12006,2865,4745,6713,8921,
137235594986,24986,1662,3235,4942,6969,9851,
137236094986,3941,34366,3159,4827,17668,19757,
137236594986,3448,12184,2942,5157,6800,9388,
137237094986,18714,12115,3131,4716,6821,8766,
137238094986,3619,12223,2893,5095,6983,9095,
137238594986,3531,12142,2869,4839,6869,8797,
137239094986,3656,12059,2915,4738,6684,8960,
137239594986,3711,12212,3069,5097,7117,8974,
137241594986,3611,12341,2948,4847,6918,8985,
137242594986,3621,12055,2861,4686,6872,8863,
137243594986,4484,12307,14180,4966,6829,8844,
137245594986,4818,12089,13778,4716,6922,9057,
137248094986,3715,1721,2830,5077,6968,9003,
137249094986,3642,1329,3082,4858,6822,9054,
137249594986,3800,11909,2817,4927,7284,9049,
137250094986,19918,12098,3127,5069,6950,9144,
137251094986,4581,12224,3131,4944,7104,9180,
137252094986,3598,12062,2990,4925,6884,8901,
137252594986,3179,12070,2928,4886,6865,8952,
137253094986,2781,12134,3177,4748,6762,9352,
137253594986,3553,1307,2927,4861,6837,9062,
137254094986,3166,11833,2979,4786,7013,9003,
137255094986,3511,12197,3009,4821,6738,8966,
137255594986,135670,139073,138269,139461,139384,139213,
137257094986,3778,11884,13619,4821,6711,8872,
137258094986,3654,12155,2963,4895,6887,8975,
137262594986,3178,12064,2872,4773,6841,8804,
137263094986,3674,1486,13834,4843,6787,8994,
137264094986,3522,12087,2994,4827,6832,8818,
137264594986,5224,12211,2919,4827,6916,8844,
137265094986,2629,12180,3045,5293,6844,8793,
137266094986,2960,12199,3105,5072,6864,9181,
137267594986,3871,11876,3623,4761,6900,8717,
137268094986,3536,11882,3013,4883,6823,8804,
137269094986,3712,12233,2952,5069,6950,8755,
137269594986,32485,1392,13846,5138,7248,20078,
137270094986,3780,1490,3048,4855,6736,8919,
137270594986,3613,12178,2858,4881,6795,8832,
137271094986,4766,11890,2859,4688,6943,8873,
137272094986,3710,11917,2898,4856,6766,8745,
137272594986,3505,12207,14082,4841,6880,9051,
137273094986,3244,12160,3293,4921,6942,8838,
137273594986,5485,1644,13681,5160,6939,8724,
137274094986,3937,11804,13664,4663,6823,8799,
137274594986,3582,12283,2997,4904,6908,8931,
137277594986,3513,11991,2854,4805,6829,8894,
137278594986,3729,12313,3103,4880,7059,8942,
137279094986,4728,12194,13586,5125,6841,8766,
137279594986,3495,11982,3054,4882,6768,8774,
137281094986,3259,12282,2998,4898,6966,8985,
137281594986,4382,12093,2865,4855,6916,8929,
137284094986,3473,12200,3056,4810,6824,8811,
137286094986,3409,11746,3083,4731,6920,8829,
137287094986,3570,12212,2820,4940,6942,8798,
137287594986,3646,11989,2924,4978,6747,8757,
137288094986,3152,12173,2978,4816,6676,8688,
137289094986,4865,12172,13662,4765,6943,8787,
137289594986,2615,12145,13808,4856,17869,19917,
137291094986,3534,12001,2955,4818,6719,8798,
137292594986,4122,12982,3068,4938,6999,8759,
137293594986,15858,12083,2914,5132,6794,9056,
137294594986,4456,11845,3287,4984,6815,9003,
137296094986,3573,1298,2935,4927,6945,8974,
137298094986,4888,12123,13797,4970,6903,8796,
137299094986,131963,11811,2862,4755,6747,8859,
137300094986,3400,12299,2956,4749,6734,8837,
137300594986,3814,12188,3085,4832,6981,8891,
137306094986,3580,11986,3183,4856,6967,8804,
137307094986,164002,12156,3124,4967,7077,9082,
137307594986,30782,35657,35132,35475,35859,30965,
137308094986,4547,22900,2957,5132,18109,9077,
137309094986,4379,12005,2902,4748,6888,8830,
137309594986,65207,11877,13742,4816,6990,9074,
137310094986,41172,11783,2783,4898,6909,8817,
137310594986,3889,12263,2814,4900,6999,9088,
137312594986,3612,12486,3128,4939,7434,8806,
137314094986,3654,11764,3192,5902,6922,8739,
137314594986,3469,11974,2919,4795,7127,8854,
137316594986,4812,11976,13763,5011,6781,19857,
137318094986,3505,1312,2957,4788,17720,19713,
137318594986,5117,12159,14380,4794,6974,8785,
137319094986,3746,1555,2967,4919,6835,8919,
137319594986,5769,14080,14236,4902,6905,8799,
137320594986,3909,12347,2897,4797,6935,8966,
137321094986,3918,11650,13515,4888,6790,9007,
137322094986,16150,22966,24538,15788,17632,19627,
137323594986,41334,12220,2855,4771,6867,8844,

