,W-0,R-0,R-1,R-2,R-3,R-4,
127913385541,84450,12638,3036,5148,7014,9012,
127913885541,48255,12569,3166,5124,7368,9068,
127914885541,39355,1630,3435,4867,6833,8925,
127915885541,27640,1571,3063,5082,7284,8962,
127916885541,34378,12199,3914,4900,6916,8956,
127920385541,60967,1398,3004,5050,7109,10187,
127920885541,41847,1373,3032,5029,6995,9224,
127921885541,38578,12925,3224,5082,7033,9010,
127925885541,38408,1552,2967,4915,6904,8993,
127928385541,28027,1785,3038,5000,7071,8843,
127929385541,17650,1930,3160,4987,6990,9064,
127930885541,79952,12079,2956,4872,6928,8958,
127931385541,26760,1620,2859,4898,6930,8815,
127931885541,7140,1301,2886,4921,6879,8934,
127934885541,23118,1851,3083,4799,6885,8893,
127935385541,31784,1669,3079,4945,6820,8857,
127935885541,18656,1682,3030,4997,6953,8855,
127936385541,28619,1426,2951,4894,6811,8890,
127937385541,64314,1566,3054,5023,6859,8947,
127940385541,17658,1867,2988,4935,6929,8900,
127942385541,54763,1799,3088,4816,6822,9012,
127942885541,17798,1693,2945,5009,6821,8784,
127943385541,27821,1535,2963,5161,6852,8896,
127944885541,50042,9118,9606,8802,9458,9297,
127945385541,23203,1615,3110,5050,7104,8965,
127947885541,300000,12567,3204,5044,6883,8990,
127948885541,97092,12289,3145,5156,7057,9096,
127949385541,54510,11993,3030,4906,6807,8797,
127951385541,62966,1538,3104,5062,6989,9242,
127952385541,24540,1557,3023,4951,6868,8943,
127952885541,52784,1529,2988,4950,6922,8889,
127953885541,48159,1433,2915,5159,7029,8850,
127954885541,28623,12329,2953,5162,6747,8859,
127955385541,102273,57364,56777,56912,57137,57447,
127956885541,44378,1552,2823,4873,6881,8879,
127958385541,14710,12110,2831,4804,6847,9610,
127958885541,46825,7730,7607,7436,7179,8888,
127961385541,99937,1798,3108,5171,7034,9185,
127961885541,79013,1246,3039,5074,7023,8806,
127962385541,21643,1402,2959,4914,6830,8910,
127963385541,30835,1419,2833,5020,6909,8895,
127963885541,15439,2031,3457,5006,7399,8949,
127964385541,36142,1539,2786,5121,6754,8786,
127965885541,34867,1455,3038,4953,6860,8814,
127966385541,66600,32822,32705,32629,33185,33046,
127967385541,45822,1531,2975,5078,7085,9041,
127967885541,49810,11998,3225,4972,6846,8870,
127968885541,40825,1745,2956,4787,6836,8885,
127969385541,16371,12781,3160,4990,7046,8823,
127969885541,35827,1394,3000,4963,6917,8986,
127970385541,52787,1970,3278,5060,7054,9127,
127971885541,26971,1579,2763,4940,6907,8976,
127973885541,30686,12160,2993,4988,6930,8812,
127974885541,48726,4822,4547,5040,7216,8714,
127975385541,35941,1789,2978,4882,6865,8857,
127975885541,56235,1340,3018,4813,6877,8830,
127976385541,31540,1746,3097,5022,6860,8788,
127977885541,50093,1646,2947,4998,6776,8931,
127980385541,100555,1337,2884,4814,6860,8752,
127980885541,45600,1534,2855,5073,7053,8899,
127981385541,36988,1238,2811,4847,6798,8907,
127982385541,44555,1320,2939,4757,6931,8908,
127983385541,149958,1443,2864,4826,7004,8835,
127983885541,93217,1891,2849,4749,6936,8980,
127984385541,40726,1719,2931,4845,6819,8890,
127984885541,124965,11986,2936,4822,6920,8865,
127985885541,30908,1321,2896,4810,6769,8836,
127987385541,59074,1508,2960,4892,6792,8915,
127987885541,33105,1440,2905,4931,7242,8833,
127988385541,19687,1541,3058,4974,7025,8874,
127988885541,46649,1704,3198,4986,6933,8874,
127990385541,41790,1443,2851,4927,6820,8837,
127991385541,29995,1726,2991,5047,7260,8886,
127991885541,19273,1449,2874,4815,6777,8840,
127992385541,12090,1703,3186,5154,6963,8816,
127992885541,50421,4867,3232,4993,7292,8859,
127993885541,36095,1633,3052,4989,6870,8761,
127994385541,33774,1869,2744,4805,6870,8968,
127998385541,51146,1279,2945,5039,7337,8870,
127998885541,22799,1707,3126,5157,10074,10326,
128000885541,17575,1641,2925,5551,7336,9118,
128001385541,44141,1234,2883,4782,6859,8741,
128001885541,25026,1359,2778,4852,6797,8766,
128002385541,27813,2026,2782,4655,6689,8735,
128003885541,24215,1292,2862,5005,6881,8844,
128004885541,12257,1848,3515,4875,6868,8933,
128007385541,10803,1668,3023,4998,7010,8802,
128007885541,48272,5695,5828,15968,6877,9124,
128008385541,91096,2212,3575,4867,7024,8861,
128008885541,80255,1424,3031,4894,7075,9001,
128009885541,22365,11942,2905,4900,7252,9220,
128010385541,37427,1305,3039,4824,6946,8930,
128010885541,29847,11670,2882,4843,6739,8802,
128014385541,228819,1627,3019,4925,6838,11034,
128014885541,81611,1617,3091,4955,6903,9544,
128015885541,20725,12605,3000,4928,6766,8754,
128018385541,77342,1683,3375,4959,6964,8783,
128018885541,34579,1515,2860,4894,6726,8823,
128020385541,21799,1370,2996,4738,6851,8859,
128021385541,23333,12627,2661,4975,6830,8999,
128021885541,18498,11942,2881,4823,6793,8855,
128022385541,300000,1961,3243,5177,6971,8960,
128023385541,NULL,NULL,NULL,NULL,NULL,NULL,
128024385541,135203,78457,77941,78253,79018,79269,
128025385541,300000,1679,2963,4992,6757,8769,
128026885541,288501,5446,5316,5625,6838,8820,
128027385541,252557,1831,3116,5052,7115,8914,
128028385541,41622,2406,3036,5044,6941,8912,
128028885541,50994,12394,3282,5075,6948,9210,
128029385541,19677,1660,2931,4846,6938,8900,
128029885541,11992,12631,2950,5515,7961,8695,
128030885541,42376,1209,3078,4981,7008,8836,
128031885541,90207,1427,2851,4873,6872,8896,
128032385541,24541,1510,3107,4886,6765,8647,
128032885541,21634,1422,2777,4681,6898,8779,
128033385541,19843,1696,3006,5024,6944,8846,
128035885541,52794,14388,3084,4981,6798,10564,
128036385541,20150,1616,3053,4686,6756,8895,
128038385541,16115,11812,3092,4952,6916,8711,
128038885541,37140,1388,2916,4964,7028,8971,
128039385541,46627,11973,3012,4966,7017,8840,
128040385541,17395,12063,3208,5167,6902,8866,
128040885541,32880,1651,2992,4831,6905,8860,
128044885541,15942,12839,3113,4856,7030,8847,
128045385541,117660,1867,2908,4858,6969,8985,
128046385541,15434,1435,2663,4716,6923,8818,
128048885541,44378,12149,3438,4883,6872,8875,
128049885541,7756,1392,3019,4836,6940,9027,
128050885541,33499,1382,2907,4674,6722,8897,
128052885541,12146,1403,2935,4785,6769,9005,
128053385541,27726,1260,2778,4977,7200,8772,
128053885541,162416,1524,2871,5030,6874,8924,
128054385541,11737,1640,2831,4734,6965,8763,
128055385541,48087,1313,3040,4762,6926,8771,
128055885541,28194,1317,2951,4721,6778,8867,
128056385541,26269,2525,3006,4833,6730,8820,
128057385541,44843,11845,2715,4730,6712,8722,
128057885541,48133,1615,2971,4818,6810,8782,
128058885541,15026,1781,2882,4865,7015,8930,
128059385541,31274,1498,2827,4971,6982,9007,
128059885541,45260,1728,2871,5051,7497,8825,
128061385541,29542,1578,3071,4888,6771,8787,
128062385541,19001,1876,2904,4848,6738,8960,
128064385541,28927,11801,2877,4762,6803,8722,
128064885541,27226,1772,3084,5170,7039,8946,
128065385541,117431,77606,78129,78924,78412,78315,
128065885541,300000,11980,3067,4999,6981,8842,
128066885541,42740,3168,2975,5001,6842,8909,
128067885541,29740,1793,2813,4792,6752,8880,
128068385541,22767,1411,2788,4982,6724,8763,
128069385541,36708,1412,2897,4700,6755,8789,
128069885541,23773,1988,2962,4944,6829,8747,
128070385541,50979,1503,2856,4829,6800,8790,
128070885541,175873,1372,3351,4822,6796,8821,
128071885541,14732,12033,2860,4662,6824,8845,
128072385541,89102,1513,2841,4872,6936,8739,
128073385541,42716,1718,3019,5015,7609,9077,
128073885541,300000,1532,2875,4754,6897,8780,
128074885541,300000,23332,17662,17566,18155,20202,
128075385541,300000,12173,2935,5044,7069,9060,
128076385541,300000,1744,3364,4978,6775,8959,
128076885541,300000,2136,3374,4843,6893,8723,
128079885541,23109,1515,2984,4936,6999,9052,
128081885541,38430,11782,2930,4755,7295,8911,
128082885541,36736,1667,3015,4993,6816,8790,
128083385541,22173,1623,2926,4825,6732,8756,
128083885541,53728,1435,2896,4829,6826,8791,
128084885541,157104,1935,3127,5099,6952,9133,
128085885541,52413,9257,10375,10317,10251,10155,
128086385541,29514,1525,2785,4730,6793,8840,
128086885541,44078,1446,2872,4988,6865,8871,
128087385541,30996,1441,3061,5062,6877,8927,
128087885541,109248,46363,46639,47058,46828,46926,
128089385541,23304,1442,2928,4821,6856,8844,
128090385541,8004,1689,3104,5040,6847,8770,
128090885541,46646,1457,2924,4911,6998,8879,
128093385541,26175,1608,2819,4716,6807,8902,
128094385541,59036,1510,2924,4808,7016,8936,
128095885541,58275,1452,3109,4851,7841,8855,
128096885541,41806,2033,2897,4866,6832,8729,
128097385541,43387,1600,2885,4792,6803,8732,
128098885541,7641,1565,2803,4979,7555,8728,
128101385541,51850,1615,2854,4852,6930,8869,
128101885541,14582,1694,2902,4783,6861,8958,
128102385541,12642,1640,2765,5147,6795,8754,
128103885541,42197,11842,2879,4756,6877,8875,
128104385541,39999,1502,2851,4775,6747,8855,
128106385541,14427,11746,2983,4763,6768,8884,
128106885541,29221,12268,2778,4761,6788,8802,
128107385541,49769,1282,2797,4751,6723,8713,
128108385541,61885,1574,2898,4802,6757,8729,
128109385541,12795,1782,2772,5022,6966,8873,
128109885541,16837,1341,3047,4873,7010,8769,
128110385541,8866,11808,2958,4727,6699,8978,
128110885541,35197,1577,2846,4861,6748,8699,
128111385541,219445,1570,2997,4765,6776,8772,
128111885541,33209,1513,2801,4768,6845,8747,
128112385541,48380,1597,2836,4851,6856,8871,
128113885541,58962,1307,2821,4793,6820,8709,
128115385541,28389,1657,2878,4757,6823,8791,
128117385541,16653,1905,3078,4856,6877,8789,
128118885541,290605,1440,3143,5095,7063,9008,
128119385541,40044,1419,2766,4820,6843,8769,
128120885541,12438,1520,2905,4933,6855,9007,
128121385541,83132,11709,3187,4736,6899,8816,
128123385541,24780,1634,3014,4693,6944,9013,
128124385541,31626,1430,2832,4793,6771,8761,
128125385541,50135,1342,2808,4719,6703,8842,
128125885541,23109,12619,2992,5452,6934,8821,
128126885541,47560,3580,3706,5009,6875,9060,
128127885541,31956,1716,2879,4839,6897,8956,
128128385541,138889,1249,2943,4772,6749,8772,
128128885541,22064,1605,2843,5104,7065,8958,
128131385541,28255,1426,3171,4811,6819,8817,
128134885541,56500,1816,3134,5174,7393,9131,
128135385541,273942,12314,2980,4894,6861,8845,
128135885541,13909,1375,2723,4709,6862,8707,
128136885541,33517,1368,3312,5111,6903,9005,
128137885541,40552,1282,2762,4674,6692,8675,
128138385541,11193,11539,2804,4726,6833,8922,
128139385541,50792,1705,3095,4894,6860,8831,
128139885541,18739,1599,3007,4814,6774,8890,
128140385541,96185,1675,3024,4903,6747,8929,
128140885541,15163,11705,2894,4799,6891,8871,
128142885541,20914,1157,2675,4658,6734,8854,
128143385541,42444,1407,2898,4965,6881,8757,
128144885541,15026,1546,2815,4789,6814,8818,
128145885541,88283,1865,3182,5126,7109,9033,
128151385541,24740,11877,3001,4900,6791,8897,
128153385541,41951,1685,2841,4807,6861,8782,
128154885541,13862,11996,3160,4953,6887,8965,
128157385541,43948,12049,3091,4816,6805,8807,
128159885541,30930,1637,2851,5071,6799,8834,
128160385541,22844,1702,2881,4845,6823,8656,
128160885541,37914,12161,2804,4866,6812,8846,
128161385541,99393,11937,2756,4722,6759,8733,
128162885541,93753,1866,3029,4986,6815,8931,
128163385541,26392,1601,2780,4798,6779,8965,
128163885541,29896,11844,3118,4927,6826,8916,
128164885541,23705,1494,3037,4905,6760,8810,
128165385541,24727,1212,2641,4760,6887,8755,
128165885541,23645,1404,2822,4742,6728,8718,
128166385541,15677,1723,2877,4864,6805,8798,
128167385541,12533,1508,3082,5038,6880,8807,
128167885541,10907,1346,2902,4866,6983,8903,
128168385541,32544,1599,2907,4747,6704,8746,
128168885541,53642,8398,9135,9560,9348,9699,
128169385541,25671,1455,2945,4735,6715,8808,
128169885541,54934,1553,2799,4838,6855,8786,
128171385541,33894,1536,2892,4735,6652,8680,
128171885541,14214,1422,2934,4877,6905,8778,
128173885541,20773,11866,2953,5096,6869,8790,
128174385541,49319,1738,2673,4689,6678,8963,
128175885541,49707,1262,2886,4703,6705,8768,
128176885541,28874,1415,2848,4744,7003,8793,
128179385541,26384,12226,2918,4866,6858,8806,
128179885541,24826,1371,2936,4979,6908,8793,
128180885541,15042,1436,2841,4769,6680,8833,
128182385541,74991,1412,2844,4727,6954,8739,
128183385541,15200,11899,3132,4828,7095,8840,
128185385541,35525,11868,2881,4771,6949,9531,
128185885541,45609,1213,2731,4890,6825,8908,
128186385541,48762,15750,15907,16243,7614,9046,
128186885541,9941,1365,3021,4754,6905,8829,
128187385541,30806,1382,3017,4741,6691,8651,
128188385541,25207,1683,2973,4973,6971,8919,
128189385541,47793,1398,3098,4735,6719,8735,
128189885541,37082,1369,3000,4926,6861,8940,
128190885541,41573,1621,2756,4997,7021,9043,
128191885541,41600,1605,2899,4701,6679,8740,
128192885541,45102,1316,2708,4908,6724,8837,
128193385541,19220,1794,2938,4900,6806,8943,
128195385541,300000,1598,3632,4963,7163,8859,
128195885541,57065,11686,2761,4796,6801,8900,
128196385541,52655,1310,2770,4737,6708,8661,
128196885541,10027,1639,2900,4932,6770,8892,
128198385541,9577,1367,3052,5375,7033,9057,
128198885541,24241,1439,3035,4867,6913,10282,
128200885541,16121,1805,2892,4907,7087,8925,
128201385541,19097,11593,2753,4892,6683,8678,
128203385541,44242,1370,2734,4701,6748,8718,
128204385541,39929,1502,3171,4781,6741,8846,
128204885541,56409,2016,2989,4729,6823,8812,
128205385541,36968,1593,2940,4815,6786,8697,
128205885541,28351,12112,2837,5083,6892,8759,
128206385541,58828,11804,2967,4818,6779,8856,
128207885541,56141,1375,2732,4760,6736,8942,
128209385541,45415,11855,5726,5972,6714,8983,
128209885541,140348,11707,2940,4744,6738,8732,
128210885541,32214,11688,2832,4794,6848,8838,
128211885541,46765,13191,3029,5233,6809,8866,
128212385541,50556,1346,2871,4903,6871,8802,
128214385541,39516,1584,2908,5088,7000,8749,
128214885541,126495,71634,71064,71155,71231,70911,
128215385541,31517,1567,2935,4858,6908,8799,
128215885541,44231,1541,4272,5170,6880,8764,
128216885541,16746,1395,2882,5534,7650,8622,
128218385541,26712,1520,2708,4745,6702,8700,
128219385541,45016,1520,2828,4818,6708,8627,
128219885541,40144,NULL,NULL,NULL,NULL,NULL,
128220385541,21031,1831,2682,5419,6632,8606,
128220885541,27311,1135,3034,4841,6744,8739,
128221385541,34521,1451,3186,6752,6768,9380,
128222885541,24193,1579,4016,4637,6748,8599,
128223885541,13518,12293,2938,5106,6949,8803,
128224385541,12642,11915,2905,4775,6830,8822,
128225385541,18868,1532,2955,4737,6705,8696,
128225885541,68639,1800,2785,4843,6848,9103,
128226385541,26249,1350,2809,4776,6754,8720,
128227885541,12591,1502,2808,5047,6810,8840,
128228385541,19857,1567,3201,4800,6864,8880,
128229385541,12330,1776,3039,4764,6796,8779,
128230885541,40666,11832,2669,4719,6716,8836,
128231885541,22696,1381,3008,4867,6837,8834,
128232385541,45092,11969,2842,5048,7005,8836,
128232885541,48187,2112,3004,4789,6721,8659,
128234385541,43297,11723,2870,4843,6820,8808,
128234885541,14220,1573,3222,4907,7433,8799,
128236385541,54778,1521,2702,4738,6810,8881,
128237385541,9771,1593,2781,4869,6817,8848,
128237885541,50732,1567,2904,4784,6683,8912,
128238885541,25424,1315,2931,4799,6816,8807,
128239885541,27958,11682,2701,4792,6729,8850,
128240385541,26652,11692,2731,4739,6855,8799,
128240885541,156315,1396,2763,4888,6880,8877,
128242885541,14793,12137,2721,4899,6792,8862,
128243885541,39544,1343,2859,4919,6739,8829,
128244385541,14576,1238,2692,4668,7396,8678,
128244885541,30989,1567,2986,4782,6948,8904,
128245385541,28813,1566,2714,4687,6851,8787,
128246385541,54424,1608,2940,4799,7037,9048,
128246885541,17652,1374,2699,4696,6837,8654,
128247385541,34917,1281,2964,4865,7556,8737,
128247885541,14289,1434,2767,6668,7128,8734,
128248385541,39334,1600,3043,4851,6847,8841,
128248885541,46725,1383,2938,4690,6752,8833,
128249385541,22814,12246,3120,4736,6834,8802,
128249885541,43997,11832,4380,5150,6765,8837,
128250385541,13002,1640,2780,4873,6948,8975,
128250885541,38098,1298,2826,4957,6837,8734,
128251385541,26831,1236,2821,4712,6657,8607,
128252885541,21767,1553,2958,4770,6861,9023,
128254385541,11751,1826,2713,4899,6872,8851,
128254885541,20870,11739,2994,4869,6814,8854,
128255385541,189788,12340,3108,5030,7110,8841,
128255885541,20214,12655,2931,4937,6943,8990,
128256385541,45694,1419,2937,4802,6685,8704,
128257385541,38751,1456,2936,5071,6800,8909,
128257885541,22675,1497,2793,4691,6766,8829,
128261385541,13007,1408,2801,4694,6759,8751,
128261885541,28267,1703,3100,4784,6804,9152,
128262385541,20355,1328,2907,4737,7054,8717,
128262885541,13101,1534,3011,4962,6909,8897,
128263885541,45651,1518,2988,4966,6945,8732,
128264385541,60835,11827,2798,4827,7099,8899,
128264885541,50532,5534,5393,5671,6910,8743,
128266385541,135741,84587,84027,84180,84517,84359,
128269385541,26387,11772,2964,4879,6732,8744,
128271385541,39347,1510,2866,5002,6904,9072,
128273385541,20319,1533,2873,5003,6829,8896,
128273885541,35068,11914,2868,4860,6912,8851,
128274385541,50444,1443,2965,4896,6761,8720,
128275385541,38670,1848,3062,5107,7167,8907,
128275885541,31646,1351,2819,4850,7185,8806,
128277385541,13889,1350,2825,5041,6737,8713,
128278885541,19106,12568,2848,4768,6754,8803,
128279385541,28958,1636,2924,4703,6764,8856,
128280385541,62830,11624,2647,4674,6845,8696,
128281385541,98049,53059,52982,42241,42449,42571,
128281885541,22147,1518,2855,4803,6750,8709,
128282885541,NULL,NULL,NULL,NULL,NULL,NULL,
128284885541,12110,1666,2891,4708,6698,8745,
128285385541,118527,2153,3169,5054,7023,8990,
128285885541,110573,1976,3158,5602,6840,9019,
128286385541,109679,1616,3073,4926,6821,8799,
128287885541,NULL,NULL,NULL,NULL,NULL,NULL,
128289385541,295775,1847,2810,4960,6738,8764,
128289885541,205298,1979,2844,4969,7197,8916,
128290885541,56400,1826,3074,5440,6792,8823,
128291885541,46224,1322,2838,4718,7694,8830,
128292385541,44611,1458,3340,5079,7717,8700,
128292885541,46235,1731,3006,4922,6836,8810,
128293885541,31976,1232,2841,4787,6785,8797,
128294385541,30605,1350,2904,4802,6757,8754,
128294885541,31649,1736,2870,4826,6827,8832,
128295385541,141605,5883,6006,5618,7003,8902,
128295885541,51596,1559,3613,4728,6860,8645,
128296385541,42346,1331,2898,4717,6687,8712,
128297385541,43709,1680,2839,5187,6760,8654,
128297885541,47315,1739,2818,4668,6941,8788,
128298385541,10070,1366,2871,4754,7022,8725,
128298885541,36995,1301,2939,4826,6696,8793,
128300885541,14730,1231,2828,4819,6794,8723,
128301885541,28167,1204,3095,4769,6706,8619,
128302885541,29598,NULL,NULL,NULL,NULL,NULL,
128304885541,26349,2577,2896,4817,6638,8706,
128307385541,45103,1318,2824,4843,7095,8980,
128308385541,50637,1352,2751,5001,6802,8816,
128308885541,47764,1290,2769,4989,7015,8942,
128309385541,11675,12007,2815,4883,6845,8813,
128310385541,35899,12030,2830,4750,6898,8817,
128311385541,12948,1710,2884,4751,6708,8708,
128311885541,52674,11135,11278,11921,11977,11804,
128312385541,21527,11627,2873,4744,6628,8699,
128312885541,42163,12375,2839,4766,6931,8857,
128313385541,17270,12103,3193,5145,6918,8852,
128314385541,34553,1626,2691,4782,6794,8905,
128314885541,14705,2648,3249,4891,6639,8786,
128316385541,127334,1616,2979,4851,6964,9012,
128317385541,46782,1640,3051,4853,6837,8750,
128321885541,23546,1729,2831,4660,6864,8694,
128322385541,23118,1503,2870,4705,6758,8787,
128323385541,35057,1523,2844,4836,6801,8749,
128323885541,59258,7611,7803,16621,7390,8796,
128324385541,41563,1611,2667,4694,6772,8666,
128325385541,37699,15752,3065,4825,6717,9608,
128326885541,102919,1222,2833,4714,6686,8691,
128327385541,29564,1414,2853,4842,6756,8906,
128328385541,24266,1394,2814,4902,6986,8810,
128328885541,33740,1240,2761,4741,6621,8689,
128329385541,24666,1671,2965,4778,6736,10036,
128329885541,38429,1601,2712,4732,6703,8725,
128330385541,27370,1380,3003,4931,6794,8806,
128331385541,28809,1343,2861,4698,6763,8736,
128331885541,45237,13294,3087,4831,6913,8678,
128332385541,29669,1361,2925,4768,6823,8761,
128332885541,28108,1736,3231,4728,7399,8925,
128333385541,25931,1421,2930,4742,6715,8855,
128333885541,40800,1321,2711,4685,6852,9241,
128336885541,45987,1321,3045,4826,6776,8716,
128337885541,29008,1367,2844,5277,6821,8755,
128338385541,51713,12643,2934,4831,7397,8725,
128338885541,36871,2698,3044,4827,7565,9135,
128340385541,36736,1363,2832,4815,6846,9007,
128340885541,46709,12082,2928,4930,6807,9247,
128343385541,52976,1599,3049,4883,6896,8827,
128345385541,39314,12210,2861,4857,6700,9124,
128346385541,43101,12155,2984,5020,6854,8836,
128346885541,17931,1572,2891,5369,6799,8675,
128347385541,30383,1566,3341,4764,6783,9216,
128348385541,14847,1530,3155,4771,6800,8749,
128348885541,23995,1737,2951,4962,6870,8863,
128350385541,146729,1280,2802,4791,6781,8858,
128351885541,37315,1540,2783,4759,6920,9287,
128352885541,27793,1565,3032,5085,6989,8912,
128353885541,11599,1408,2842,4932,6764,9208,
128355385541,8342,1750,2848,4777,6841,8698,
128357385541,191260,146862,147044,148415,147365,147281,
128358385541,12001,12213,3147,4735,6784,8802,
128359385541,15940,1366,2785,4871,6738,8786,
128359885541,23165,11853,2981,4872,6772,8790,
128365385541,9027,1651,2831,4897,7094,8823,
128366385541,31834,1398,3122,4929,6755,8916,
128366885541,14658,1563,3001,4767,6836,8800,
128367385541,30186,1388,2956,4819,6740,8957,
128368385541,30754,1336,2723,4691,6758,8663,
128368885541,23314,12195,3031,5106,6887,8790,
128369385541,253969,1339,2828,4718,6750,8804,
128369885541,52689,1421,2810,4715,9366,9592,
128371885541,26318,1406,2833,4900,6723,8718,
128373385541,14628,1691,2936,4794,6736,9101,
128373885541,40843,1764,2742,5222,6743,8807,
128375885541,NULL,NULL,NULL,NULL,NULL,NULL,
128377385541,24991,11496,2629,4716,6661,8659,
128377885541,34345,1739,3131,4659,6841,8956,
128378385541,49716,7409,6650,6336,9038,8893,
128378885541,31723,1518,2969,8383,10524,9010,
128379885541,16120,11663,2951,4837,6781,9054,
128380385541,37630,1593,2938,4986,6908,8867,
128381385541,24762,1874,2823,4878,6859,8780,
128382885541,12699,1436,2994,4775,6858,8945,

