,W-0,R-0,R-1,R-2,R-3,R-4,
133872309984,4455,1887,3177,5046,7139,9800,
133872809984,5868,2577,3356,5103,7160,9072,
133873809984,3551,13262,3224,4918,6865,8889,
133874809984,3820,1650,2840,4940,6856,8978,
133875809984,NULL,NULL,NULL,NULL,NULL,NULL,
133879309984,1301,NULL,NULL,NULL,NULL,NULL,
133879809984,3659,1373,2833,5241,7084,9837,
133880809984,12398,1265,4103,4804,6730,8770,
133884809984,3572,1450,2721,4921,6993,8812,
133887309984,3722,1445,2853,4869,6725,8701,
133888309984,1465,NULL,NULL,NULL,NULL,NULL,
133889809984,3892,2233,3121,4958,6716,8765,
133890309984,3943,1612,4197,5705,6689,8743,
133890809984,1061,NULL,NULL,NULL,NULL,NULL,
133893809984,3589,1250,3187,4754,7074,9118,
133894309984,4943,1542,4286,5048,6728,8760,
133894809984,5083,1286,3288,4815,6862,8645,
133895309984,3617,1581,2671,4652,6841,8850,
133896309984,17926,13547,13800,14089,14197,15141,
133899309984,1439,NULL,NULL,NULL,NULL,NULL,
133901309984,3773,1310,2943,4794,6626,8656,
133901809984,3680,1331,2650,4644,6677,8605,
133902309984,10661,8590,10964,11708,11404,12079,
133903809984,3831,1440,2829,4592,6694,8811,
133904309984,5369,1844,2754,4942,7164,8874,
133906809984,3634,1276,2881,4718,6706,8836,
133907809984,6283,1484,3537,4857,6944,8753,
133908309984,3464,1315,2984,4711,6636,8767,
133910309984,3548,1250,3061,4805,6759,8686,
133911309984,9104,1450,2987,4975,6815,8900,
133911809984,3674,1397,2934,4825,6857,8652,
133912809984,3735,1444,2588,4808,6902,8747,
133913809984,13454,11899,2797,4701,6795,8874,
133914309984,6373,3002,3184,4605,6691,8920,
133915809984,5071,11763,2823,4812,6917,8799,
133917309984,4833,2171,3130,5280,6746,8947,
133917809984,3222,1415,2807,4801,6788,8696,
133920309984,1258,NULL,NULL,NULL,NULL,NULL,
133920809984,3775,1308,3882,4699,6728,8571,
133921309984,2996,1257,2802,4735,6694,8722,
133922309984,9843,1620,2859,4840,7818,8671,
133922809984,3835,1549,2709,4706,6738,8870,
133923309984,4629,2454,3667,4973,6919,8861,
133924809984,3501,1296,3113,4731,6701,8721,
133925309984,3337,1422,2943,4733,6691,9205,
133926309984,3585,1321,2941,4829,6762,8717,
133926809984,3644,1437,2701,4662,6797,8612,
133927809984,3891,1323,2881,4732,6975,8647,
133928309984,3716,1521,2964,4793,6674,8943,
133928809984,3582,1495,2819,4692,6736,9109,
133929309984,4404,11996,2814,4772,6810,8620,
133930809984,11532,1495,2887,5143,7125,8708,
133932809984,3694,1819,3072,4676,6746,8836,
133933809984,3525,1315,2756,4718,6666,8655,
133934309984,3195,1348,2855,4978,6773,8763,
133934809984,3814,1791,2806,4620,6705,8744,
133935309984,3524,1458,2790,4773,6832,8842,
133936809984,3746,1809,3136,4935,6885,8828,
133939309984,21407,11733,2743,4625,6744,8733,
133939809984,159703,2245,2662,4666,6860,8990,
133940309984,3790,11819,2743,4706,6814,8963,
133941309984,5092,11645,2834,4857,6748,8729,
133942309984,4410,11783,2913,4875,6929,8730,
133942809984,9574,1364,2740,4665,6690,8881,
133943309984,3794,1657,2987,4703,6736,8636,
133943809984,3827,1342,2645,4797,6755,8665,
133944809984,5910,11533,2913,4743,7192,8659,
133946309984,3167,1350,2717,4688,6671,8651,
133946809984,3746,1514,2721,5361,7122,9372,
133947309984,3334,1253,2666,4543,6605,8700,
133947809984,3826,1451,3010,4908,6712,8652,
133949309984,5162,1264,2938,4918,6739,8721,
133950309984,39650,11889,3870,4727,6722,8831,
133950809984,3668,1417,2964,4663,6713,8694,
133951309984,3742,1696,2867,4757,7127,8618,
133951809984,3590,1397,2751,4771,6633,8689,
133952809984,3711,1345,2715,4785,6832,9077,
133953309984,4748,1579,3364,4917,6826,8863,
133957309984,4680,1533,2920,4808,6722,8776,
133957809984,4978,11732,2942,4887,6876,8834,
133959809984,7523,1306,2787,4677,6835,8839,
133960309984,3669,1486,2804,4885,7139,8658,
133960809984,3387,1241,2819,4795,6735,8710,
133961309984,17295,1254,3211,4622,6665,8728,
133962809984,8361,1429,2762,4733,6889,8894,
133963809984,6415,11669,3327,4962,6705,8781,
133966309984,25875,1393,2814,4693,6829,8773,
133966809984,4434,1741,3071,5125,6846,8617,
133967309984,3607,1186,2768,4775,6716,8752,
133967809984,2961,1471,2777,4796,6771,8884,
133968809984,3961,1742,2732,4633,6736,8922,
133969309984,3490,1334,2763,4747,6772,8740,
133969809984,3711,1557,2778,4799,6735,8959,
133973309984,5241,1563,2851,5006,6805,8783,
133973809984,3551,11606,2793,4759,6789,9425,
133974809984,4933,1397,3281,4782,6735,8674,
133977309984,4640,1551,3572,4570,6670,8832,
133977809984,3509,1235,3112,4686,6676,8736,
133979309984,5083,1295,2679,4781,6860,8704,
133980309984,3529,1250,2879,4754,6689,8732,
133980809984,3464,1263,2682,4693,7133,8783,
133981309984,4948,1326,2789,4787,7130,8725,
133982309984,3708,1460,3293,4771,6710,8827,
133983309984,3647,1304,2897,4808,6867,8783,
133984309984,3153,11549,2876,4651,6736,8762,
133985809984,3117,1269,2863,4813,7396,8689,
133986309984,3997,1449,3213,4673,6719,8723,
133987309984,48284,1282,2847,4832,6655,8780,
133987809984,3680,11719,2867,4764,6634,8849,
133988309984,3851,1471,3258,4693,6890,8894,
133988809984,3691,1576,2724,4850,6681,8654,
133989809984,3965,1724,2799,4709,7165,8781,
133990809984,3389,1777,2738,4827,6737,8734,
133991309984,3826,1569,2897,4867,6760,8785,
133991809984,3641,1399,2794,4721,7133,8805,
133992309984,13134,11679,2805,4639,6685,8732,
133994809984,3344,1266,2716,4740,6627,8755,
133995309984,4401,1230,2836,4859,6759,8802,
133997309984,3273,1350,2889,4667,6629,8593,
133997809984,5002,1193,2958,4778,6760,8837,
133998309984,4318,12208,3142,4702,6933,8781,
133999309984,3566,1415,2932,4711,6820,8733,
133999809984,4384,11634,2848,4849,6850,8656,
134003809984,3800,11593,2722,4853,6797,8666,
134004309984,4932,11898,3505,5232,6884,8812,
134005309984,3606,13540,2927,4861,7052,13076,
134007809984,3629,1417,2733,4715,6725,8727,
134008809984,4075,1293,2835,4814,6731,8719,
134009809984,4254,1468,2729,4625,6846,9101,
134011809984,3824,12156,2864,4702,6802,8650,
134012309984,4412,12467,2688,4873,6705,8880,
134012809984,29437,1219,2719,4693,6871,8644,
134013309984,109276,1380,3124,4740,6895,8727,
134014309984,3600,1435,2926,4796,6827,8777,
134014809984,3404,1275,2932,4691,6692,8804,
134015309984,3088,1335,2884,4779,6812,8622,
134016309984,4118,1937,2800,4781,6818,9264,
134016809984,3516,1299,2801,4728,6875,8814,
134017809984,8777,12086,2893,9266,9512,9557,
134018309984,4303,1329,3007,4678,6951,8885,
134018809984,4900,1510,2702,4749,6657,8783,
134020309984,2957,1330,2757,4687,6547,8637,
134021309984,3431,1247,2823,4713,6741,8619,
134023309984,3411,1294,2809,4708,6781,8763,
134023809984,5280,11328,2750,4715,6780,8789,
134024309984,4202,1373,3390,5991,6752,8763,
134024809984,3665,1518,2851,4929,6948,8817,
134025809984,4384,1516,2781,4806,6732,8768,
134026809984,4433,1394,3086,5122,6984,8713,
134027309984,3762,1675,2905,4611,7011,8704,
134028309984,3623,1365,2741,4702,6746,8717,
134028809984,3531,1401,2891,4723,6624,8613,
134029309984,4889,1309,2894,4745,6642,8685,
134029809984,11660,11782,3096,4763,6741,8848,
134030809984,3386,1324,2673,4667,6703,8739,
134031309984,4606,1542,2876,4982,6873,8678,
134032309984,3383,1298,2768,4629,6631,8691,
134032809984,3601,1337,2824,4772,6982,8743,
134033809984,3522,1482,2780,4642,6979,9076,
134034309984,76811,11571,2838,4822,6729,8639,
134035309984,4222,1553,2603,5125,6817,9273,
134035809984,4169,12323,2709,4978,6774,8738,
134038809984,2978,2228,2781,4791,6800,8656,
134040809984,1376,NULL,NULL,NULL,NULL,NULL,
134041809984,3586,1182,2632,5004,6563,8686,
134042309984,3691,1391,2831,4725,7061,8631,
134042809984,3604,1282,3180,4550,6613,8741,
134043809984,3615,1789,3053,4717,6944,8729,
134044809984,70924,1765,3152,4801,7286,8735,
134045309984,3685,1590,2875,4757,6679,8737,
134045809984,3486,1371,2732,4595,6809,8704,
134046309984,3065,1246,2836,4840,6944,9194,
134046809984,3608,11788,3000,4910,6866,8768,
134048309984,5193,1332,2807,4910,7414,8820,
134049309984,4267,12178,2758,5178,6877,8731,
134049809984,2920,11613,2734,4760,6809,8806,
134052309984,4555,1353,2994,4889,6599,8931,
134053309984,4611,1276,2757,4956,6872,8664,
134054809984,3770,1394,2854,5089,9926,9991,
134055809984,3744,1331,3106,4748,6757,8887,
134056309984,34264,1365,2742,4817,6741,8759,
134057809984,3584,1252,2790,4678,6648,8578,
134060309984,36643,1407,2806,4629,6622,8631,
134060809984,2939,1375,2789,5480,6778,8768,
134061309984,3470,1267,2616,4580,6672,8811,
134062809984,112474,1280,3284,4723,6810,8894,
134063309984,4156,11669,2858,4676,6723,8756,
134065309984,3500,1318,2679,4858,6758,8901,
134065809984,3876,11953,2762,4660,6639,8685,
134066309984,6404,1247,2730,4655,6754,8807,
134067309984,3936,1497,3106,4693,6981,8760,
134068309984,36224,1505,2875,4870,6800,8864,
134068809984,3373,1253,2711,4671,6692,8959,
134069309984,3574,1443,2661,4730,6753,8680,
134069809984,3693,11595,2957,4939,6834,8965,
134070309984,3615,1504,2941,4681,6657,8808,
134070809984,3947,11681,2796,4693,6757,8631,
134071309984,3777,1391,2710,4770,7155,8861,
134072809984,13952,1345,2844,4837,6804,8758,
134074309984,3517,1314,2807,4622,6701,8652,
134076309984,2891,1338,2702,4665,6786,8711,
134077809984,3511,1402,2930,4998,6734,8603,
134078309984,4899,1390,2617,4759,6755,8661,
134079809984,3585,1439,2827,4981,7009,8921,
134080309984,3869,3544,3808,4762,6693,8618,
134082309984,3499,1350,2790,4777,6663,8688,
134083309984,3469,1327,2810,4641,6599,8735,
134084309984,43151,1347,2660,4670,6966,8831,
134084809984,36856,12054,2932,4794,6759,8770,
134085809984,1397,NULL,NULL,NULL,NULL,NULL,
134086809984,63476,1182,2719,4824,6560,8765,
134087309984,3659,1215,3118,4625,6730,8669,
134087809984,3652,1376,3239,4657,6618,8689,
134090309984,3410,1376,2813,4666,6704,8593,
134093809984,NULL,NULL,NULL,NULL,NULL,NULL,
134094309984,NULL,NULL,NULL,NULL,NULL,NULL,
134094809984,6233,3311,16141,8159,19596,28916,
134095809984,NULL,NULL,NULL,NULL,NULL,NULL,
134096809984,294204,294353,295576,295187,300738,297964,
134097309984,10612,15817,16082,6203,6483,8603,
134098309984,4394,1109,2540,4730,6593,9097,
134098809984,3174,1299,3235,4646,6733,8722,
134099309984,4320,1284,4404,4840,6581,8557,
134099809984,3608,11502,2686,4568,6731,8664,
134101809984,3802,1351,2882,4599,6572,8628,
134102309984,1305,NULL,NULL,NULL,NULL,NULL,
134103809984,3609,1426,3274,4692,6613,8627,
134104809984,4540,1219,2706,4896,6615,8866,
134110309984,3581,1415,2754,4688,6685,8738,
134112309984,3767,1601,3067,4642,6768,8830,
134113809984,3677,1312,2953,4800,6748,8748,
134116309984,3909,11576,2772,4953,6781,8712,
134118809984,3641,1623,3181,4842,6754,8677,
134119309984,3567,1228,2858,4621,6678,8682,
134119809984,3753,2571,3004,4707,6760,8766,
134120309984,4893,1589,2762,4747,6720,8968,
134121809984,3541,1330,2903,4742,6698,8731,
134122309984,3589,1315,2810,4666,6936,8722,
134122809984,3645,1370,2708,4641,6759,8692,
134123809984,3653,1346,3194,4737,6581,8749,
134124309984,4006,1586,2739,4735,6699,9008,
134124809984,18205,25604,25655,25538,25777,25975,
134125309984,4908,1346,2653,4766,6748,8732,
134126309984,3297,1302,2867,4776,6761,8829,
134126809984,4322,1798,3138,5130,7391,9564,
134127309984,3642,1293,2738,4754,6826,8871,
134127809984,3767,1414,3923,4788,6663,8678,
134128309984,4897,1400,2695,4720,7002,8791,
134128809984,3645,1472,3055,4653,6654,8580,
134130309984,4935,2054,3221,5013,7111,8655,
134130809984,3664,1566,2824,4590,6753,8605,
134132809984,5565,1490,2936,4843,6654,8645,
134133309984,4538,1866,2767,5308,6929,8808,
134134809984,4276,12001,2705,4708,6858,8712,
134135809984,3614,1409,2647,4726,6697,8679,
134138309984,4817,1611,3849,4675,6696,8769,
134138809984,3223,11689,2964,4736,6669,8852,
134139809984,3749,1413,3136,4746,6695,9053,
134141309984,3473,1227,2839,4807,6634,8601,
134142309984,3588,1300,2967,4838,6818,8728,
134144309984,3525,1294,2673,4752,6563,8675,
134144809984,4828,1350,2777,4657,6902,8557,
134145309984,10331,11361,2737,4721,6745,8721,
134145809984,3666,11803,2818,4622,6688,8626,
134146309984,3180,1233,2764,4751,6711,8723,
134147309984,3815,11660,2871,4669,6668,8806,
134148309984,4308,1866,2864,4655,7089,8698,
134148809984,3758,1525,3064,4806,6883,8838,
134149809984,3696,11582,2752,4730,6704,8689,
134150809984,3317,1161,3112,5166,6694,8624,
134151809984,4161,12177,2772,4715,6775,8687,
134152309984,13397,1537,3004,4996,7118,8846,
134154309984,3572,11547,2996,4794,6714,8660,
134154809984,3696,1542,2714,4674,6774,8657,
134155309984,3609,1280,2727,4610,6765,8601,
134155809984,4357,1693,3048,4953,6802,8744,
134157309984,3103,1411,2733,4666,6738,8700,
134157809984,3744,1426,2821,4758,6805,8728,
134159809984,3528,1347,2854,4769,6615,8683,
134160309984,1010,NULL,NULL,NULL,NULL,NULL,
134162309984,2864,1471,2978,4753,6524,8655,
134163309984,4444,1189,2617,4581,6691,9109,
134163809984,4666,1382,3001,4600,6723,9094,
134164309984,3634,1392,2872,4584,6609,8677,
134164809984,3585,1428,2648,4759,6737,8745,
134165309984,3547,1195,2802,4819,6816,8881,
134166809984,21121,1255,2904,4665,6626,8654,
134168309984,4900,1344,2781,4752,6749,8729,
134168809984,3157,1369,2919,4806,6628,8626,
134169809984,3634,1404,2705,4675,6771,8688,
134170809984,4419,11779,2937,4931,6840,8771,
134171309984,3931,11971,3549,4866,6733,8832,
134173309984,2577,2099,2951,5303,6988,8745,
134173809984,4214,1573,2709,4707,6828,8794,
134174309984,3669,2351,2976,4656,6684,8746,
134174809984,52936,56357,58219,57957,56605,56570,
134175809984,3160,11609,2789,4806,6788,8584,
134177309984,3551,1286,2721,4673,6734,8745,
134178309984,3591,1323,2827,4680,6738,9504,
134178809984,5098,1700,2908,4898,6714,8734,
134179309984,3492,1301,2698,4754,6651,8671,
134179809984,4283,11550,2836,4779,6746,8781,
134180309984,3427,1731,3275,4791,6840,8708,
134181809984,4366,1453,3254,4823,6642,8798,
134182809984,4495,12177,3059,4768,6676,8861,
134183309984,3561,11484,3089,4706,6646,8750,
134184309984,6342,1661,7262,6895,7015,8727,
134184809984,3999,1592,2800,5433,6807,8958,
134185309984,3663,1318,2888,4887,6739,8713,
134186809984,3535,1456,2830,4643,6731,8717,
134187309984,6440,11747,2961,5384,6794,8629,
134188309984,300000,11647,2612,4808,6717,8764,
134189809984,3131,11564,2831,4746,6755,8716,
134190809984,2952,11803,2738,4623,6735,8811,
134191309984,3567,1464,2800,4848,6842,8753,
134191809984,3203,11877,2931,4972,6765,8821,
134193309984,3863,1477,2768,4714,6920,8896,
134193809984,4313,12144,2856,4794,6638,8947,
134195309984,3707,1523,2937,4729,6720,8669,
134196309984,6444,1554,2889,4734,6700,8695,
134196809984,3645,11758,3290,4624,6846,8697,
134197809984,4936,1366,3224,4770,6714,8727,
134198809984,4933,1391,2737,4781,6606,8735,
134199309984,4287,11997,2773,4972,6673,8598,
134199809984,5115,1267,2807,4722,6690,8801,
134201809984,3557,11333,2657,4664,6678,8628,
134202809984,3596,1570,2781,4648,6758,9090,
134203309984,41386,1285,3108,4721,7222,8631,
134203809984,3661,1318,2920,4826,6918,8803,
134204309984,3251,11505,2813,4720,6689,8666,
134205309984,5163,1640,2950,4985,6696,8767,
134205809984,3423,1121,2683,4626,6676,8823,
134206309984,4320,1363,2802,4839,6635,9095,
134206809984,4988,11833,2814,4696,6697,8936,
134207309984,3586,1336,2839,4774,6783,8742,
134207809984,5845,11850,2741,4842,7217,8759,
134208309984,3675,1420,3090,4726,6735,8730,
134208809984,3309,1230,2760,4612,6741,8566,
134209309984,3427,1314,2755,4752,6739,8599,
134209809984,6477,1697,2953,4808,6832,8667,
134210309984,33520,30004,28707,28819,29893,29736,
134211809984,967,NULL,NULL,NULL,NULL,NULL,
134213309984,14066,1175,2821,4736,6719,8695,
134213809984,3652,1309,4139,4713,8015,8933,
134214309984,4242,1419,2785,4780,6749,8741,
134214809984,4253,2370,2634,4667,6701,8574,
134215309984,3513,1490,3134,4678,6717,8758,
134216309984,3960,1335,2869,4764,6845,8996,
134216809984,3647,11706,2662,5337,7071,8850,
134220309984,3637,1672,2817,4724,6850,8803,
134220809984,3575,1257,2858,4756,6735,8760,
134221309984,4535,1256,2726,4722,6656,8623,
134221809984,3534,1364,2838,4644,6644,8695,
134222809984,4966,1828,2979,5071,6663,8732,
134223309984,36977,1358,2810,4712,6656,8640,
134223809984,5778,1277,2592,4953,6844,8643,
134225309984,4005,1521,3114,4790,6827,8908,
134228309984,5807,11714,2903,4987,6858,8753,
134230309984,3513,1250,2874,4916,6645,8584,
134232309984,3265,1541,2841,4784,6912,8845,
134232809984,2881,1407,2740,5162,6756,17066,
134233309984,4878,1305,2690,4733,6758,8757,
134234309984,2466,1377,2618,4669,6628,8767,
134234809984,12448,11579,2838,4675,6861,8774,
134236309984,6098,12362,2948,4923,6828,8786,
134237809984,3553,1370,2974,4733,7002,8819,
134238309984,4338,1615,3051,4646,6650,8822,
134239309984,3548,1362,2836,4645,6771,8696,
134240309984,4966,1323,3178,4787,6756,8790,
134240809984,3551,1347,2683,4668,6745,8719,
134241809984,3885,11784,2726,4667,7138,8831,
134243809984,3497,1398,2806,4577,6653,8969,
134244309984,3555,1412,2649,4614,6897,8646,
134244809984,3902,1458,3365,4621,6687,8710,
134245309984,3596,1443,2678,4769,6792,8738,
134246809984,3587,11615,2691,4804,6743,8805,
134248309984,3505,1367,2556,4678,6675,8716,
134248809984,3472,1411,2613,4671,6561,8537,
134249809984,2878,1350,2682,4724,6643,8659,
134250809984,4345,12498,2759,4728,6643,8749,
134251309984,7731,11612,5510,5431,6817,8683,
134251809984,4190,1701,3317,5012,7132,8732,
134252809984,7403,1269,2722,4672,6818,8704,
134253309984,3434,1467,2764,4669,6668,8747,
134253809984,4275,1533,2969,4813,7157,8792,
134254309984,3647,1452,2865,4655,6648,8714,
134254809984,3472,1288,2824,4641,6653,8566,
134255309984,3904,11787,2704,4691,6923,8778,
134256309984,12747,1628,3509,5096,6900,8760,
134256809984,16948,2076,2722,4694,6651,8607,
134257309984,3613,1262,2874,4599,7257,9160,
134257809984,4502,1241,2639,4801,6648,9094,
134259809984,3785,1239,2902,4664,6745,8726,
134260809984,3997,1670,2683,4626,6896,8851,
134261809984,3412,1340,2816,4700,6732,8595,
134263809984,6768,11677,2817,4798,7608,8657,
134266309984,3463,1374,2888,4612,6696,8743,
134267309984,3601,1415,2787,4777,6646,8668,
134267809984,3569,1568,2971,4644,6643,8629,
134268309984,3322,1392,2923,4657,6778,8781,
134269309984,3452,1250,2628,4668,6689,8890,
134270309984,3575,1334,2813,4710,6656,8646,
134270809984,3720,1550,2796,4724,7257,8891,
134271309984,3802,11555,3076,4891,6889,8589,
134271809984,3621,1324,2707,4726,6701,8624,
134272309984,3887,11581,2633,4575,6788,8715,
134273309984,3567,1465,2636,4548,6567,8777,
134273809984,3971,1436,2752,4811,6741,9122,
134275309984,5591,3514,3360,4876,7078,8876,
134276309984,5127,1373,2850,4666,6643,8706,
134280809984,207877,204138,204252,204835,208288,208305,
134281309984,3716,11707,2989,4867,6732,8697,
134282309984,14063,1416,2894,4841,6781,9166,
134282809984,4091,11780,2661,4646,6702,9068,
134283309984,3303,1360,2983,4736,6805,8768,
134284309984,2964,1428,2769,4730,6844,8672,
134285809984,2857,1533,2680,4603,6690,8649,
134286309984,5969,1741,2746,4822,6696,8764,
134287309984,18874,1466,3007,4740,6706,8809,
134287809984,6310,1278,3187,4939,6751,8796,
134288309984,3630,11650,3490,4549,6645,8662,
134288809984,3423,1245,2923,4668,6798,8877,
134289309984,3825,11716,2826,4700,6745,8621,
134290309984,3336,11611,2959,4651,6764,8764,
134290809984,4076,1324,3872,4888,6866,9193,
134291309984,9707,1245,2986,4682,6619,8712,
134291809984,3710,1380,2914,4876,6824,8901,
134292309984,2571,1510,3155,4743,6821,8838,
134292809984,3658,1380,2825,4596,6669,8729,
134295809984,5076,1716,2555,4704,6667,8697,
134296809984,8154,1312,2799,4573,6729,8853,
134297309984,3235,1363,3137,4881,6679,8653,
134297809984,3577,1338,2755,4675,6638,14555,
134299309984,3071,1359,2868,4853,6639,8736,
134299809984,5255,11859,2756,4834,6775,9166,
134302309984,5981,1416,2913,4784,6632,8876,
134304309984,9172,1545,2799,5082,6649,8739,
134305309984,3567,1232,2743,4767,6691,8608,
134305809984,4307,1409,3593,4757,6752,8622,
134306309984,3613,1472,2898,4657,6648,8700,
134307309984,4478,1370,2705,4793,6716,8777,
134307809984,4818,1384,2747,4826,6829,9244,
134309309984,3785,2084,2803,4722,6871,8611,
134310809984,3584,1379,2825,4741,6715,8744,
134311809984,4526,1273,2586,4654,6551,8652,
134312809984,6132,1302,7131,6959,6677,8662,
134314309984,3598,1236,2851,4775,6850,8672,
134316309984,3660,1789,2868,4708,6970,8747,
134317309984,2573,1324,2737,4689,6739,8711,
134318309984,3526,11512,2805,4744,6706,8715,
134318809984,3597,1255,2969,4743,6591,8735,
134324309984,11889,1385,2967,4869,6845,8796,
134325309984,1000,NULL,NULL,NULL,NULL,NULL,
134325809984,3336,1401,3575,4539,6560,8537,
134326309984,3726,1569,3591,4852,6809,8802,
134327309984,3664,11592,2842,4736,6661,8646,
134327809984,3479,1282,2927,5332,7416,8686,
134328309984,4297,2119,4375,4569,6543,8571,
134328809984,3585,1526,2773,4663,6622,8582,
134330809984,4470,1322,2749,4748,6673,8708,
134332309984,3528,1456,2872,4751,6930,9055,
134332809984,52208,11786,3217,7971,8599,8859,
134334809984,3603,1463,2678,4690,6698,8793,
134336309984,8361,11530,3532,4771,6661,8658,
134336809984,3642,11887,3367,4715,6821,8862,
134337309984,6300,11679,4991,5137,7230,9241,
134337809984,3534,11783,2845,4774,6669,8764,
134338809984,5161,11646,2767,4962,6726,8696,
134339309984,5252,12302,2933,4664,6583,8777,
134340309984,3301,1269,2841,4794,6864,8771,
134341809984,4782,1491,3882,4595,6663,8747,

