,W-0,R-0,R-1,R-2,R-3,R-4,
132083732513,10718,12557,3138,5109,7115,9145,
132084232513,95222,12323,2938,5188,7095,8999,
132085232513,5347,12335,3063,5033,6871,9181,
132086232513,4115,12223,3241,5061,7356,8906,
132087232513,3178,12315,2985,4887,6908,8883,
132090732513,4148,11916,2841,5008,7018,9037,
132091232513,4593,12161,2921,4847,7032,9008,
132092232513,5142,1534,3076,4889,7670,9222,
132096232513,53047,1585,2944,5102,7141,9163,
132098732513,3881,1463,2907,4944,6976,8994,
132099732513,4772,1449,3327,5209,6851,8867,
132101232513,9328,17483,17012,17907,6887,9009,
132101732513,78597,11818,2954,4858,6773,8841,
132102232513,4188,12401,2932,4945,6884,8989,
132105232513,3748,1482,2902,5111,7077,9106,
132105732513,5237,1636,2879,4901,6917,8879,
132106232513,3815,1864,3271,5043,6879,8783,
132106732513,4122,1518,3216,5006,6829,8948,
132107732513,3793,1668,2778,4769,6748,8937,
132110732513,4874,1834,2895,5266,6937,9110,
132112732513,3603,1590,2858,4838,6761,8856,
132113232513,4077,1622,2760,4881,6906,8815,
132113732513,10673,11845,2900,4999,6819,8759,
132115232513,49187,1620,2935,4895,6906,8957,
132115732513,3729,1528,3091,5043,7452,9098,
132118232513,4191,2563,3408,5816,6845,8832,
132119232513,5298,12127,3223,5054,7098,9089,
132119732513,5184,1424,2926,4927,6840,8746,
132121732513,3699,11961,2837,4703,6909,8850,
132122732513,3686,1646,2952,4801,6945,8843,
132123232513,3733,1591,3155,5023,6870,9076,
132124232513,3677,1615,2768,5410,6874,9382,
132125232513,3703,1302,2861,5067,6857,8905,
132125732513,3879,1572,2865,4816,6868,8875,
132127232513,3694,11878,2903,4764,6704,8755,
132128732513,4001,12127,2796,4794,6903,8860,
132129232513,4139,12108,3274,5075,6936,8792,
132131732513,5211,1579,2832,4941,6913,8865,
132132232513,3779,1655,3084,4983,6813,8855,
132132732513,3690,1374,2824,4994,6775,8750,
132133732513,3684,1667,2779,4793,6792,8851,
132134232513,5136,1640,2933,4933,6846,8854,
132134732513,5922,1669,3089,5150,6842,8781,
132136232513,3411,1737,2790,4822,7027,9001,
132136732513,4127,12011,2958,4935,6816,8763,
132137732513,3754,1570,2767,4977,7058,9069,
132138232513,3990,11911,3312,4850,6882,8938,
132139232513,3704,11965,3035,4980,6841,8764,
132139732513,3829,1723,2791,4777,6780,8709,
132140232513,3630,1448,2868,4875,6775,8743,
132140732513,4169,1799,2879,4969,6767,8844,
132142232513,4054,11992,2792,4784,6698,8746,
132144232513,3731,1716,2993,4894,6842,8797,
132145232513,3684,11709,3000,4792,6883,8835,
132145732513,206421,1334,2837,4693,6755,8843,
132146232513,5355,1858,2840,5039,6873,8742,
132146732513,3662,1432,2820,4836,6948,8798,
132148232513,4937,1667,2910,4829,7046,8812,
132150732513,5186,1965,2961,4776,6810,8755,
132151232513,3693,1624,2903,4800,6710,8754,
132151732513,3946,11798,3131,4815,8032,8842,
132152732513,4004,12244,2756,4862,6748,8787,
132153732513,3661,1334,2880,4805,6831,8737,
132154232513,5750,1947,2926,4890,6808,8758,
132154732513,10745,1972,2994,4899,6740,8760,
132155232513,6074,2696,3277,5169,6895,8960,
132156232513,14945,1787,2878,4743,6777,8805,
132157732513,6608,1372,3036,5130,6979,8791,
132158232513,3816,1675,2826,4968,6837,8899,
132158732513,3737,1336,2798,5141,6858,8936,
132159232513,3628,1453,2813,4805,6891,8818,
132160732513,9735,2010,3042,4826,6912,8740,
132161732513,3486,1824,3053,6442,7001,9290,
132162232513,3649,1396,2828,4983,6761,8824,
132162732513,4585,1652,3014,5045,6934,8932,
132163232513,4630,1696,2853,4880,6774,8841,
132164232513,3635,1593,2822,4933,6801,8835,
132164732513,11951,1297,3045,5115,7004,9110,
132168732513,3194,11734,2865,4794,6810,9043,
132169232513,3214,11727,2865,4717,6773,8881,
132171232513,3609,1413,2844,4771,6717,8793,
132171732513,12478,1650,2997,4841,6905,8952,
132172232513,5122,1751,2753,4797,6808,8755,
132172732513,3738,1613,2711,4722,6874,8777,
132174232513,3229,1393,2815,4867,7151,9072,
132175232513,3706,1594,2971,4881,6779,8783,
132177732513,5056,1799,2913,5468,6965,9472,
132178232513,3685,1569,2938,4873,6764,8693,
132178732513,3389,12121,3096,5130,6840,8837,
132179232513,3569,1403,3039,4892,6742,8819,
132180232513,4474,12432,2976,5048,7034,8742,
132180732513,3464,1404,2876,4971,6830,8680,
132181232513,3721,1434,2861,4967,6774,8891,
132184732513,4422,1767,3027,4838,6852,8999,
132185232513,4033,11750,2851,4705,6712,8705,
132186232513,3758,11778,2854,4795,6862,8803,
132188732513,3637,1715,2986,4984,6735,8727,
132189232513,3611,1483,3015,4865,6824,8793,
132190732513,3757,1731,3087,4857,6761,8757,
132191732513,85381,1675,2901,4854,6825,8887,
132192232513,3163,1472,2949,4791,6905,9102,
132192732513,4568,12410,2944,4970,6873,8752,
132193732513,11719,1738,2856,5076,7099,8792,
132194732513,5427,12198,2889,4971,6767,9059,
132195732513,4421,11892,2789,4987,6872,8709,
132197232513,11915,1349,3173,4863,6778,8815,
132197732513,3891,1452,2950,4841,6871,8836,
132198732513,5126,1706,2768,4814,6817,8866,
132199232513,4078,1447,2979,5036,6756,9009,
132199732513,4163,1999,3141,5006,7023,8761,
132200232513,3646,1340,2998,4946,6848,8729,
132201232513,3663,11838,3169,4855,6740,8839,
132202232513,3786,1669,3051,4936,6767,8688,
132202732513,3040,11644,2772,4734,6663,8672,
132203232513,3654,1622,3177,4725,6837,8711,
132203732513,5227,1754,2902,5008,6937,8778,
132206232513,5085,1615,2808,4842,6760,8772,
132206732513,3615,1418,2879,4789,6737,8757,
132208732513,3767,1578,2836,4782,6907,8937,
132209232513,3598,1267,2812,4795,6676,8648,
132209732513,6543,13701,3321,4776,6809,8946,
132210732513,4129,1758,3051,4869,6832,8731,
132211232513,5083,1637,2702,4703,6831,8785,
132215232513,6150,12247,3122,4996,6854,8704,
132215732513,3811,12699,2942,4855,6875,8862,
132216732513,3613,1562,2754,4849,6838,8888,
132219232513,3661,1593,2845,4755,8979,9374,
132220232513,3540,1393,3060,4939,7196,9723,
132221232513,3750,1676,2927,4827,6694,9143,
132223232513,5132,11959,2918,4946,6937,8874,
132223732513,3738,1481,2951,4801,6797,8844,
132224232513,4692,1464,2752,4855,6844,8776,
132224732513,4165,12027,2836,4785,6937,8879,
132225732513,3624,1638,2867,4820,6789,8673,
132226232513,3579,1379,2760,4880,6807,8826,
132226732513,96294,1486,2918,4850,6699,8790,
132227732513,3623,1379,2986,5209,6710,8728,
132228232513,3748,1662,3188,4964,6830,8733,
132229232513,13327,12805,3320,4858,6912,8883,
132229732513,6021,1648,3022,5874,7718,9808,
132230232513,3267,11727,3067,4798,6777,9074,
132231732513,4980,11657,2756,4784,6757,8833,
132232732513,3592,1563,2853,4811,6776,8835,
132234732513,3668,1572,3028,4706,6812,8847,
132235232513,5195,11859,2789,4978,6784,8708,
132235732513,3670,11851,2874,4932,7633,8724,
132236232513,3818,1714,2766,4756,6777,8878,
132237232513,3793,1638,3285,4903,6861,8811,
132238232513,4436,12219,3000,4903,6796,8757,
132238732513,5109,1423,2831,4891,6898,8856,
132239732513,5238,1569,2813,5028,6676,8775,
132240232513,3652,1387,2881,5072,6924,8806,
132240732513,11979,12735,8656,9077,9257,9420,
132241232513,5191,12751,2863,5475,6844,8736,
132242232513,3609,1482,2726,4958,6765,8857,
132242732513,3606,1612,2721,4812,7018,8968,
132243732513,3748,1632,3145,4671,6685,8894,
132244232513,5813,1618,2837,5080,6787,8808,
132245232513,3702,1733,3012,4849,6816,8963,
132245732513,300000,2063,3167,5188,6971,9037,
132246732513,4758,1355,3080,4868,6702,8664,
132247232513,3892,2277,3661,4845,6641,8789,
132250232513,3875,1798,3086,4898,7022,8860,
132252232513,3956,1430,3057,4963,7162,8835,
132253232513,4038,12151,2835,4779,6695,8771,
132253732513,3792,1643,2909,5021,6758,8811,
132254232513,3660,1465,3066,5032,6904,9009,
132255232513,3132,11879,2970,4938,6978,8935,
132256232513,4258,12289,2880,4974,6877,8749,
132256732513,3137,1675,2904,4883,6820,8901,
132257232513,4154,1692,3276,4848,6843,8740,
132257732513,3684,11608,2801,4805,6767,8747,
132258232513,3555,1362,2931,4781,6750,8955,
132259732513,3844,11692,3587,4847,7054,8749,
132260732513,3868,11827,3001,4825,6744,9175,
132261232513,3528,1424,2861,4822,6770,8717,
132263732513,3571,1400,2795,4666,7251,8827,
132264732513,4583,1918,2967,5250,6883,8831,
132266232513,3577,1602,2879,4770,6707,9097,
132267232513,4210,2783,2944,5018,6764,8817,
132267732513,5398,2771,3124,5177,6849,8830,
132269232513,15961,1402,3050,4799,7009,8873,
132271732513,155944,11803,2985,4785,6719,8859,
132272232513,6546,14072,13971,5027,7151,8842,
132272732513,4667,1913,2954,5066,6756,8759,
132274232513,3616,1482,2760,4856,7010,8888,
132274732513,3658,1704,2872,4772,7090,9119,
132276732513,NULL,NULL,NULL,NULL,NULL,NULL,
132277232513,99350,94476,93942,94879,88650,90795,
132277732513,3352,1662,3024,4974,6851,9048,
132278732513,3722,1798,3201,4939,7023,8756,
132279732513,3630,1604,3015,4756,6767,8748,
132280232513,10188,7599,7168,7387,7468,8897,
132280732513,14566,1697,2973,5595,6817,8975,
132281232513,4635,1409,2735,4822,6747,8725,
132281732513,4370,1970,2883,4822,6712,8786,
132282232513,104904,2064,3019,4849,6849,9039,
132282732513,3622,1561,2862,4960,6809,8841,
132284232513,3615,1552,2937,4833,6858,8832,
132285732513,4021,11914,2772,4745,6763,8863,
132287732513,3648,1365,2938,4829,6815,8754,
132289232513,36530,1667,3115,5322,6767,8734,
132289732513,3872,11671,3344,4761,6690,8730,
132291232513,3953,1756,3550,4700,6747,8653,
132291732513,86063,1298,2828,4938,6845,8750,
132293732513,3401,11779,3130,4774,6738,8734,
132294732513,5131,1561,2765,4953,6892,8715,
132295732513,3315,1434,2788,4941,6988,8998,
132296232513,5178,1837,2849,4978,6808,8827,
132297232513,15838,1434,2896,4837,6832,8851,
132298232513,3745,1388,2886,5031,6812,8812,
132298732513,4653,1696,3072,4983,8353,8759,
132299232513,6578,1584,3671,4890,6886,9305,
132301732513,4840,1335,2782,4718,6823,8890,
132305232513,3228,12226,3027,5281,6823,8688,
132305732513,3601,1378,2845,4841,6902,9054,
132306232513,5012,1716,2730,4816,7052,8853,
132307232513,3292,12474,2968,5071,6663,8766,
132308232513,4658,1486,2653,4829,6663,8726,
132308732513,38394,1455,2826,4817,6860,8828,
132309732513,3635,1702,2975,5054,6752,8720,
132310232513,6479,1441,3028,4889,6835,8766,
132310732513,3764,11860,2964,4745,6688,8693,
132311232513,7276,1641,2859,4889,7050,8802,
132313232513,6348,17574,5674,5366,7486,8772,
132313732513,7748,1605,2919,4810,6949,9027,
132315232513,3317,12336,2708,5311,6688,8782,
132316232513,2470,1297,2779,4753,6762,8671,
132321732513,7085,1312,2737,4757,6818,8670,
132323732513,4816,1226,2976,4736,6713,8873,
132325232513,3585,1416,2919,5023,6788,8704,
132327732513,5273,1379,2791,5087,6725,8812,
132330232513,3642,1710,2885,4831,6839,8815,
132330732513,4347,1607,2811,4692,6858,8870,
132331232513,4997,1679,2814,4800,6918,8752,
132331732513,3277,1882,2870,5004,6941,9088,
132333232513,20866,18246,18466,18386,18122,18573,
132333732513,3833,1866,2919,4875,6786,8661,
132334232513,3447,1340,2778,5024,6721,8937,
132335232513,3663,11900,3221,4826,6800,8723,
132335732513,3860,1420,2854,4717,6750,8820,
132336232513,4439,12266,2778,5001,6778,8843,
132336732513,2634,11724,2915,4945,6910,8835,
132337732513,4003,1833,2800,4772,6776,8751,
132338232513,3568,1411,2910,4931,6947,8797,
132338732513,6469,1379,2786,5066,6798,8772,
132339232513,3847,1910,3080,4883,7004,8844,
132339732513,5260,1465,3185,5052,6924,8985,
132340232513,4046,1649,2839,4737,6674,8697,
132341732513,5013,12999,2798,4808,6818,8757,
132342232513,3612,1631,3021,4962,6833,8774,
132344232513,6538,1836,2930,5212,6915,8870,
132344732513,4040,1680,2737,4805,6773,8855,
132346232513,5048,12617,3012,4838,6855,8938,
132347232513,3812,1586,3120,5082,6740,9078,
132349732513,3915,1747,3182,5107,6798,8883,
132350232513,3563,1412,2837,4832,6795,8768,
132351232513,3695,1741,2882,4749,6766,8893,
132352732513,3680,1374,3023,4730,6812,8794,
132353732513,4865,1556,2794,4754,6770,8711,
132355732513,3612,1376,2821,4881,6742,8890,
132356232513,4638,1574,2895,4990,6752,8677,
132356732513,5163,12242,2791,4756,7293,9066,
132357232513,3602,1396,2779,4720,6805,8969,
132357732513,17629,1727,2887,4813,6785,8898,
132358732513,2989,1451,2755,4866,6955,8881,
132359732513,7005,11958,3409,4854,6703,8984,
132360232513,7717,1555,2927,5105,6871,8845,
132361232513,4018,11887,2748,4832,6643,8868,
132362232513,4388,11948,2987,4884,6779,8695,
132363232513,3663,1635,2956,4967,7127,13884,
132363732513,4117,11899,2731,4881,6751,8665,
132365732513,3444,1458,2845,4723,6746,8955,
132366232513,3147,11840,2967,4869,6815,8820,
132366732513,5149,1608,2756,4828,6937,8745,
132367232513,3705,1765,2904,4845,6892,8945,
132368732513,4580,12082,2993,5081,6857,8812,
132369232513,5119,1647,2874,4992,6742,8892,
132371232513,3666,1380,3303,4688,6687,8811,
132371732513,3601,1459,3011,4829,6850,8723,
132373732513,3535,1365,2865,4957,6756,8713,
132374732513,5453,1726,3015,4831,6839,8797,
132375232513,3629,1470,2830,4930,6734,8730,
132375732513,4474,1730,3144,5042,6768,8906,
132376232513,3568,1486,2695,4792,6761,8846,
132376732513,7242,4630,4793,5137,7038,8721,
132378232513,3398,1294,2927,4737,6758,8694,
132379732513,3619,1625,2789,4711,6830,8730,
132380232513,3758,11632,2778,4790,6662,8727,
132381232513,3173,1542,3027,4748,6845,8853,
132382232513,5227,1650,2951,4894,6726,8934,
132382732513,4880,1738,2787,4709,6946,8884,
132384732513,5114,1671,3073,4969,6947,8926,
132385232513,3714,11727,2911,4687,6673,8697,
132385732513,8477,14398,14575,4781,6896,8741,
132386232513,4481,11737,2935,4798,6672,8686,
132387232513,3674,1416,2962,4885,6768,8733,
132388732513,4398,2566,2867,4800,6841,8856,
132389732513,4464,1195,2667,4732,6780,8716,
132390232513,1995,NULL,NULL,NULL,NULL,NULL,
132390732513,134413,2267,2974,6122,6853,8790,
132391232513,3654,1629,3638,4749,7064,8971,
132391732513,3571,1701,3676,4699,6922,8780,
132393232513,6892,4884,5194,7055,6688,8835,
132394232513,5062,1577,2721,4798,6779,8702,
132394732513,89418,1299,3067,4798,6804,8770,
132395732513,3480,1359,2892,4925,6979,9056,
132396232513,5018,1522,2677,4794,7013,8776,
132396732513,3625,1526,2758,4790,6677,8678,
132398232513,5470,1468,2786,4847,6768,8766,
132398732513,5070,1546,2872,4863,7001,8845,
132399732513,5007,1120,2867,4815,6805,8736,
132401232513,5204,1700,2684,4898,6676,8716,
132402232513,7104,1290,2813,4764,6878,8786,
132402732513,4901,11596,2834,4794,6694,8639,
132403232513,3265,1155,2756,4664,6672,8677,
132404732513,3704,1536,2726,4811,6710,8807,
132405232513,3182,1637,2749,4758,6684,8652,
132406732513,3731,1406,2898,4824,7842,8993,
132407732513,3481,1304,2878,4702,6760,8809,
132408232513,3656,1442,3150,4791,7085,8709,
132409232513,95947,92338,92829,92589,93116,93009,
132410232513,3629,1422,3117,4871,6847,8808,
132410732513,5075,1401,2773,4784,6758,8678,
132411232513,3860,1542,3011,4823,6867,8966,
132413232513,5399,1343,2863,4823,6964,8735,
132414232513,3573,11748,2705,4702,6732,8781,
132414732513,3474,1374,2802,5242,6689,8950,
132415232513,5146,1746,2776,4896,6874,8930,
132415732513,3594,1410,2906,4843,7002,8904,
132416732513,4765,1404,2936,4636,6718,9442,
132417232513,3674,1551,2909,4903,6895,8693,
132417732513,3600,1609,2966,4937,6811,8752,
132418232513,5081,1700,2780,4771,6792,8707,
132418732513,3571,1448,2709,4788,6777,8722,
132419232513,3469,1432,2815,4715,6751,9038,
132419732513,3667,1621,2754,5279,6703,8849,
132420232513,3611,1374,3173,4805,7012,8942,
132420732513,3969,11931,2795,4851,6745,8856,
132421232513,3624,1422,2805,4877,6792,8839,
132421732513,3623,1528,2883,4872,6867,8704,
132423232513,3546,1290,2754,4792,6793,8778,
132424732513,3685,1596,2778,4771,7839,9046,
132425232513,93166,1398,2661,4808,6699,8740,
132425732513,4996,1549,2893,4799,6833,8796,
132426232513,3774,11859,2937,4785,6803,8769,
132426732513,3613,1434,2770,4764,6735,8790,
132427732513,3403,1298,2849,4662,6957,8684,
132428232513,3755,1877,2776,4815,6978,8801,
132431732513,3670,1402,2697,4703,6663,8970,
132432232513,3575,11621,2797,4830,6708,8860,
132432732513,11258,1874,2909,4825,6802,8869,
132433232513,5168,1376,2706,4945,6835,8940,
132434232513,3703,2572,3206,4810,6744,8754,
132434732513,4115,1664,2783,4834,6848,8678,
132435232513,3664,1361,3236,4763,6833,8669,
132436732513,3693,1262,2758,4736,6669,8820,
132439732513,4843,1834,2939,4780,6809,9005,
132441732513,9837,1416,3412,10783,10683,10259,
132443732513,4875,1466,2751,4716,6802,8804,
132444232513,3663,1264,3182,4817,6686,8649,
132444732513,5146,11877,2755,4889,6843,8701,
132445732513,3703,11714,2715,4782,6943,8939,
132446232513,3643,1436,2821,4795,6894,8733,
132447732513,5090,1858,2798,4854,6695,8680,
132449232513,5086,11744,2786,4751,6746,8717,
132449732513,5792,12810,2855,5167,6886,8768,
132450732513,4788,12445,2832,4682,6767,8797,
132451732513,3530,1433,2772,4764,6740,8699,
132452232513,5944,1425,2709,4866,6959,8782,
132453232513,4348,1771,2931,4844,6915,8985,
132455232513,3630,1617,2829,4734,6975,8762,
132455732513,9269,14455,13687,4972,6913,9076,
132456232513,19239,1399,2844,4699,7007,8636,
132456732513,4660,1364,2760,4797,6698,8734,
132458232513,4116,1870,2887,4810,6739,8742,
132459732513,4476,1697,2970,4994,6815,8673,
132460232513,4677,1257,2969,4840,6718,8834,
132461232513,5026,1681,2793,4862,6727,8750,
132462232513,3970,1633,2851,4851,6836,8958,
132462732513,5224,12029,2927,4846,6690,8680,
132463232513,3405,1183,2764,4709,6646,8678,
132464232513,3712,11802,2803,4716,6751,8734,
132464732513,3978,11862,2778,4756,6796,8862,
132465232513,17592,14889,14435,14579,14694,14799,
132465732513,3818,1354,2865,5030,6994,8855,
132466232513,3710,1743,3003,4847,6799,8956,
132466732513,3796,12291,2863,4791,6769,9073,
132467732513,3744,1690,2852,4775,6882,8879,
132468232513,3631,1410,2770,4626,6788,8796,
132468732513,3736,11717,3010,4712,6788,8682,
132469232513,3431,1606,2859,4680,6867,8805,
132471232513,28379,1479,2956,4837,6780,8873,
132472232513,5876,1471,2770,4678,6686,8660,
132473232513,1202,NULL,NULL,NULL,NULL,NULL,
132475232513,3583,1775,2937,4761,6985,8704,
132477732513,4719,1888,2930,5135,6778,8684,
132478732513,3701,1405,2933,4771,6821,8774,
132479232513,6456,1296,2807,4946,6913,9003,
132479732513,3760,1623,2861,4755,6779,8822,
132480732513,3664,1385,2897,4834,6834,8771,
132481732513,3531,1320,2836,4757,6794,8757,
132482232513,3713,1459,2984,4966,6767,8697,
132482732513,6368,12424,2885,4957,6875,8768,
132483232513,4129,1797,3026,4983,6851,8903,
132483732513,3975,1820,2948,4893,6901,8739,
132484732513,3595,1598,3047,4846,6822,9197,
132485232513,3684,11616,2784,4710,6637,8702,
132486732513,3988,1796,2739,4698,6738,8729,
132487732513,3705,1476,2849,4751,6762,8799,
132492232513,3703,1596,2768,4841,7839,8707,
132492732513,5814,11619,2781,4962,6743,8898,
132493732513,3543,11873,3104,4808,7875,8720,
132494232513,4545,2000,2745,4950,7262,8717,
132494732513,3589,1468,2791,4727,7230,8870,
132495732513,5266,1713,2820,5083,6813,8940,
132497232513,3943,1742,2737,4968,6743,8827,
132497732513,1987,803,2482,4462,6444,8443,
132498732513,3781,2800,3361,4644,6661,8673,
132499232513,3689,1729,2834,4828,6832,8974,
132499732513,21947,11857,2776,4674,6793,8789,
132500232513,3651,1428,2913,4656,6723,8869,
132500732513,3570,1580,2918,4757,6820,8834,
132501732513,3807,1387,2738,4890,6865,8666,
132502232513,5109,1998,2792,4897,6758,8736,
132502732513,3555,1418,3007,4823,6733,8852,
132503232513,3717,1261,2897,4685,6913,8689,
132503732513,3385,1327,2778,4793,6821,8864,
132504232513,3442,1332,2851,4785,8818,8732,
132507232513,3781,11684,3107,4701,6744,8729,
132508232513,4326,11626,3063,4718,6732,8820,
132508732513,6696,1410,2904,4707,6997,8773,
132509232513,4966,1367,2883,4828,6712,8891,
132510732513,3602,1448,3016,4746,6777,8716,
132511232513,16674,1407,2743,4718,6758,8699,
132513732513,3730,1723,2957,4671,6861,8860,
132515732513,3588,1220,2997,4867,6801,8969,
132516732513,3397,1284,2839,4745,6692,8647,
132517232513,3614,1417,2879,4718,6735,8857,
132517732513,10031,1266,2865,4749,6635,8670,
132518732513,4553,1698,2910,5020,6835,8799,
132519232513,5026,2911,3124,4847,6669,8714,
132520732513,3680,1783,3048,4710,6661,8833,
132522232513,2956,11665,2779,4772,6707,8690,
132523232513,4716,2129,2780,5072,6665,8619,
132524232513,3670,1643,3026,4742,7159,8862,
132525732513,5283,11743,2911,4803,6879,8719,
132527732513,5875,1392,2993,5708,6718,8793,
132528732513,5240,2869,3207,5128,6693,8749,
132529732513,3803,1281,2982,4810,6714,8643,
132530232513,3687,1710,2792,5605,6773,8783,
132535732513,7677,4476,13605,5078,7307,8649,
132536732513,4649,1435,2950,4787,6716,8837,
132537232513,3472,1535,2842,4714,6781,8840,
132537732513,4032,1595,2702,4835,6724,8750,
132538732513,3752,1178,2722,4763,6748,8766,
132539232513,3564,1352,2841,4869,6677,8711,
132539732513,3648,1437,2819,4654,6722,9326,
132540232513,4396,2369,2779,4679,6820,8700,
132542232513,3614,1603,2750,4976,6705,8872,
132543732513,5378,1574,2846,4995,6782,8892,
132544232513,7275,13923,13767,4751,6720,8688,
132546232513,7258,1256,2820,4859,6850,8708,
132547732513,3697,12819,3146,4787,7153,9028,
132548232513,9714,1445,2734,4789,6653,8782,
132548732513,19380,12617,2765,4846,6805,8811,
132549232513,4124,2003,2754,4813,6757,8689,
132550232513,3754,1643,2840,4801,6934,8956,
132550732513,3254,1828,2890,4968,6810,8741,
132551732513,4891,1577,2690,4729,6673,8764,
132553232513,6451,1357,2780,4778,6803,9554,

