,W-0,R-0,R-1,R-2,R-3,R-4,
116008260623,1,2,1,1,1,1,
116008760623,1,2,1,1,1,1,
116009760623,1,1,1,1,1,1,
116010760623,1,2,1,1,1,1,
116011760623,1,2,2,2,2,2,
116015260623,1,1,1,1,1,1,
116015760623,1,1,1,1,1,1,
116016760623,1,1,1,1,1,1,
116020760623,1,2,1,1,1,1,
116023260623,1,1,1,1,1,1,
116024260623,1,1,1,1,1,1,
116025760623,1,1,1,1,1,1,
116026260623,1,1,1,1,1,1,
116026760623,1,1,1,1,1,1,
116029760623,1,1,1,1,1,1,
116030260623,1,2,1,1,1,1,
116030760623,1,1,1,1,1,1,
116031260623,1,1,1,1,1,1,
116032260623,1,2,1,1,1,1,
116035260623,1,1,1,1,1,1,
116037260623,1,1,1,1,1,1,
116037760623,1,1,1,1,1,1,
116038260623,1,1,1,1,1,1,
116039760623,1,1,1,1,1,1,
116040260623,1,1,1,1,1,1,
116042760623,1,2,1,1,1,1,
116043760623,1,1,1,1,1,1,
116044260623,1,1,1,1,1,1,
116046260623,1,1,1,1,1,1,
116047260623,1,1,1,1,1,1,
116047760623,1,1,1,1,1,1,
116048760623,1,1,1,1,1,1,
116049760623,1,1,1,1,1,1,
116050260623,1,1,1,1,1,1,
116051760623,1,1,1,1,1,1,
116053260623,1,1,1,1,1,1,
116053760623,1,2,1,1,1,1,
116056260623,1,1,1,1,1,1,
116056760623,1,2,1,1,1,1,
116057260623,1,1,1,1,1,1,
116058260623,1,1,1,1,1,1,
116058760623,1,1,1,1,1,1,
116059260623,1,1,1,1,1,1,
116060760623,1,1,1,1,1,1,
116061260623,1,1,1,1,1,1,
116062260623,1,1,1,1,1,1,
116062760623,1,1,1,1,1,1,
116063760623,1,1,1,1,1,1,
116064260623,1,2,1,1,1,1,
116064760623,1,1,1,1,1,1,
116065260623,1,2,1,1,1,1,
116066760623,1,1,1,1,1,1,
116068760623,1,1,1,1,1,1,
116069760623,1,2,1,1,1,1,
116070260623,1,1,1,1,1,1,
116070760623,1,2,1,1,1,1,
116071260623,1,1,1,1,1,1,
116072760623,1,2,1,1,1,1,
116075260623,1,1,1,1,1,1,
116075760623,1,1,1,1,1,1,
116076260623,1,2,1,1,1,1,
116077260623,1,1,1,1,1,1,
116078260623,1,2,1,1,1,1,
116078760623,1,1,1,1,1,1,
116079260623,1,1,1,1,1,1,
116079760623,1,2,1,1,1,1,
116080760623,1,2,1,1,1,1,
116082260623,1,1,1,1,1,1,
116082760623,1,1,1,1,1,1,
116083260623,1,2,1,1,1,1,
116083760623,1,1,1,1,1,1,
116085260623,1,1,1,1,1,1,
116086260623,1,1,1,1,1,1,
116086760623,1,1,1,1,1,1,
116087260623,1,1,1,1,1,1,
116087760623,1,1,1,1,1,1,
116088760623,1,1,1,1,1,1,
116089260623,1,1,1,1,1,1,
116093260623,1,2,1,1,1,1,
116093760623,1,1,1,1,1,1,
116095760623,1,1,1,1,1,1,
116096260623,1,1,1,1,1,1,
116096760623,1,2,1,1,1,1,
116097260623,1,1,1,1,1,1,
116098760623,1,1,1,1,1,1,
116099760623,1,1,1,1,1,1,
116102260623,1,1,1,1,1,1,
116102760623,1,1,1,1,1,1,
116103260623,1,1,1,1,1,1,
116103760623,1,1,1,1,1,1,
116104760623,1,1,1,1,1,1,
116105260623,1,1,1,1,1,1,
116105760623,1,2,1,1,1,1,
116109260623,1,2,1,1,1,1,
116109760623,1,2,1,1,1,1,
116110760623,1,1,1,1,1,1,
116113260623,1,1,1,1,1,1,
116113760623,1,1,1,1,1,1,
116115260623,1,1,1,1,1,1,
116116260623,1,1,1,1,1,1,
116116760623,1,1,1,1,1,1,
116117260623,1,1,1,1,1,1,
116118260623,1,1,1,1,1,1,
116119260623,1,1,1,1,1,1,
116120260623,1,1,1,1,1,1,
116121760623,1,1,1,1,1,1,
116122260623,1,1,1,1,1,1,
116123260623,1,2,1,1,1,1,
116123760623,1,2,1,1,1,1,
116124260623,1,1,1,1,1,1,
116124760623,1,1,1,1,1,1,
116125760623,1,1,1,1,1,1,
116126760623,1,1,1,1,1,1,
116127260623,1,1,1,1,1,1,
116127760623,1,1,1,1,1,1,
116128260623,1,1,1,1,1,1,
116130760623,1,1,1,1,1,1,
116131260623,1,1,1,1,1,1,
116133260623,1,2,1,1,1,1,
116133760623,1,2,1,1,1,1,
116134260623,1,1,1,1,1,1,
116135260623,1,2,1,1,1,1,
116135760623,1,2,1,1,1,1,
116139760623,1,1,1,1,1,1,
116140260623,1,1,1,1,1,1,
116141260623,1,2,1,1,1,1,
116143760623,1,1,1,1,1,1,
116144760623,1,1,1,1,1,1,
116145760623,1,2,1,1,1,1,
116147760623,1,1,1,1,1,1,
116148260623,1,1,1,1,1,1,
116148760623,1,1,1,1,1,1,
116149260623,1,2,1,1,1,1,
116150260623,1,2,1,1,1,1,
116150760623,1,1,1,1,1,1,
116151260623,1,1,1,1,1,1,
116152260623,1,2,1,1,1,1,
116152760623,1,1,1,1,1,1,
116153760623,1,1,1,1,1,1,
116154260623,1,1,1,1,1,1,
116154760623,1,1,1,1,1,1,
116156260623,1,1,1,1,1,1,
116157260623,1,1,1,1,1,1,
116159260623,1,1,1,1,1,1,
116159760623,1,2,1,1,1,1,
116160260623,1,1,1,1,1,1,
116160760623,1,2,1,1,1,1,
116161760623,1,1,1,1,1,1,
116162760623,1,1,1,1,1,1,
116163260623,1,1,1,1,1,1,
116164260623,1,1,1,1,1,1,
116164760623,1,1,1,1,1,1,
116165260623,1,1,1,1,1,1,
116165760623,1,1,1,1,1,1,
116166760623,1,1,1,1,1,1,
116167260623,1,2,1,1,1,1,
116168260623,1,2,1,1,1,1,
116168760623,1,1,1,1,1,1,
116169760623,1,1,1,1,1,1,
116170260623,1,2,1,1,1,1,
116171260623,1,2,2,2,2,2,
116171760623,1,1,1,1,1,1,
116174760623,1,1,1,1,1,1,
116176760623,1,1,1,1,1,1,
116177760623,1,2,1,1,1,1,
116178260623,1,1,1,1,1,1,
116178760623,1,1,1,1,1,1,
116179760623,1,1,1,1,1,1,
116180760623,1,1,1,1,1,1,
116181260623,1,2,2,2,2,2,
116181760623,1,2,1,1,1,1,
116182260623,1,1,1,1,1,1,
116182760623,1,2,1,1,1,1,
116184260623,1,1,1,1,1,1,
116185260623,1,1,1,1,1,1,
116185760623,1,1,1,1,1,1,
116188260623,1,1,1,1,1,1,
116189260623,1,2,1,1,1,1,
116190760623,1,1,1,1,1,1,
116191760623,1,2,1,1,1,1,
116192260623,1,1,1,1,1,1,
116193760623,1,2,1,1,1,1,
116196260623,1,1,1,1,1,1,
116196760623,1,2,1,1,1,1,
116197260623,1,1,1,1,1,1,
116198760623,1,1,1,1,1,1,
116199260623,1,1,1,1,1,1,
116201260623,1,2,1,1,1,1,
116201760623,1,1,1,1,1,1,
116202260623,1,2,1,1,1,1,
116203260623,1,1,1,1,1,1,
116204260623,1,1,1,1,1,1,
116204760623,1,1,1,1,1,1,
116205260623,1,1,1,1,1,1,
116205760623,1,1,1,1,1,1,
116206260623,1,2,1,1,1,1,
116206760623,1,1,1,1,1,1,
116207260623,1,1,1,1,1,1,
116208760623,1,1,1,1,1,1,
116210260623,1,1,1,1,1,1,
116212260623,1,1,1,1,1,1,
116213760623,1,1,1,1,1,1,
116214260623,1,1,1,1,1,1,
116215760623,1,1,1,1,1,1,
116216260623,1,1,1,1,1,1,
116218260623,1,2,1,1,1,1,
116219260623,1,1,1,1,1,1,
116220260623,1,2,1,1,1,1,
116220760623,1,1,1,1,1,1,
116221760623,1,1,1,1,1,1,
116222760623,1,1,1,1,1,1,
116223260623,1,1,1,1,1,1,
116223760623,1,1,1,1,1,1,
116226260623,1,1,1,1,1,1,
116229760623,1,1,1,1,1,1,
116230260623,1,1,1,1,1,1,
116230760623,1,1,1,1,1,1,
116231760623,1,1,1,1,1,1,
116232760623,1,1,1,1,1,1,
116233260623,1,1,1,1,1,1,
116234260623,1,1,1,1,1,1,
116234760623,1,2,1,1,1,1,
116235260623,1,2,2,2,2,2,
116235760623,1,1,1,1,1,1,
116237760623,1,1,1,1,1,1,
116238260623,1,2,1,1,1,1,
116239760623,1,1,1,1,1,1,
116240760623,1,1,1,1,1,1,
116246260623,1,2,1,1,1,1,
116248260623,1,1,1,1,1,1,
116249760623,1,1,1,1,1,1,
116252260623,1,1,1,1,1,1,
116254760623,1,1,1,1,1,1,
116255260623,1,2,1,1,1,1,
116255760623,1,1,1,1,1,1,
116256260623,1,2,1,1,1,1,
116257760623,1,1,1,1,1,1,
116258260623,1,1,1,1,1,1,
116258760623,1,1,1,1,1,1,
116259760623,1,2,1,1,1,1,
116260260623,1,1,1,1,1,1,
116260760623,1,1,1,1,1,1,
116261260623,1,1,1,1,1,1,
116262260623,1,2,1,1,1,1,
116262760623,1,2,1,1,1,1,
116263260623,1,1,1,1,1,1,
116263760623,1,1,1,1,1,1,
116264260623,1,1,1,1,1,1,
116264760623,1,1,1,1,1,1,
116266260623,1,1,1,1,1,1,
116266760623,1,2,1,1,1,1,
116268760623,1,2,1,1,1,1,
116269260623,1,1,1,1,1,1,
116270760623,1,1,1,1,1,1,
116271760623,1,1,1,1,1,1,
116274260623,1,1,1,1,1,1,
116274760623,1,1,1,1,1,1,
116275760623,1,2,1,1,1,1,
116277260623,1,1,1,1,1,1,
116278260623,1,1,1,1,1,1,
116280260623,1,1,1,1,1,1,
116280760623,1,1,1,1,1,1,
116281260623,1,1,1,1,1,1,
116281760623,1,1,1,1,1,1,
116282260623,1,2,1,1,1,1,
116283260623,1,1,1,1,1,1,
116284260623,1,1,1,1,1,1,
116284760623,1,1,1,1,1,1,
116285760623,1,2,1,1,1,1,
116286760623,1,2,1,1,1,1,
116287760623,1,1,1,1,1,1,
116288260623,1,1,1,1,1,1,
116290260623,1,1,1,1,1,1,
116290760623,1,1,1,1,1,1,
116291260623,1,1,1,1,1,1,
116291760623,1,1,1,1,1,1,
116293260623,1,1,1,1,1,1,
116293760623,1,1,1,1,1,1,
116295760623,1,1,1,1,1,1,
116296260623,1,2,1,1,1,1,
116298260623,1,2,1,1,1,1,
116299260623,1,1,1,1,1,1,
116299760623,1,1,1,1,1,1,
116300260623,1,2,1,1,1,1,
116300760623,1,1,1,1,1,1,
116301260623,1,1,1,1,1,1,
116302760623,1,1,1,1,1,1,
116304260623,1,1,1,1,1,1,
116304760623,1,1,1,1,1,1,
116305760623,1,1,1,1,1,1,
116306760623,1,1,1,1,1,1,
116307260623,1,2,1,1,1,1,
116309260623,1,2,1,1,1,1,
116309760623,1,2,1,1,1,1,
116310260623,1,1,1,1,1,1,
116310760623,1,1,1,1,1,1,
116311760623,1,1,1,1,1,1,
116313260623,1,1,1,1,1,1,
116314260623,1,1,1,1,1,1,
116314760623,1,1,1,1,1,1,
116315260623,1,2,1,1,1,1,
116315760623,1,1,1,1,1,1,
116316260623,1,1,1,1,1,1,
116317760623,1,2,1,1,1,1,
116318760623,1,2,1,1,1,1,
116319260623,1,1,1,1,1,1,
116320260623,1,1,1,1,1,1,
116320760623,1,1,1,1,1,1,
116321260623,1,2,1,1,1,1,
116322760623,1,1,1,1,1,1,
116323260623,1,2,1,1,1,1,
116324260623,1,1,1,1,1,1,
116325760623,1,1,1,1,1,1,
116326760623,1,1,1,1,1,1,
116327260623,1,2,1,1,1,1,
116327760623,1,2,1,1,1,1,
116329260623,1,1,1,1,1,1,
116329760623,1,2,1,1,1,1,
116331260623,1,1,1,1,1,1,
116332260623,1,1,1,1,1,1,
116332760623,1,1,1,1,1,1,
116333760623,1,1,1,1,1,1,
116334760623,1,1,1,1,1,1,
116335260623,1,2,1,1,1,1,
116335760623,1,2,1,1,1,1,
116337760623,1,1,1,1,1,1,
116338760623,1,1,1,1,1,1,
116339260623,1,1,1,1,1,1,
116339760623,1,1,1,1,1,1,
116340260623,1,1,1,1,1,1,
116341260623,1,1,1,1,1,1,
116341760623,1,2,1,1,1,1,
116342260623,1,1,1,1,1,1,
116342760623,1,1,1,1,1,1,
116343260623,1,2,1,1,1,1,
116343760623,1,1,1,1,1,1,
116344260623,1,1,1,1,1,1,
116344760623,1,1,1,1,1,1,
116345260623,1,1,1,1,1,1,
116345760623,1,2,1,1,1,1,
116346260623,1,1,1,1,1,1,
116347760623,1,1,1,1,1,1,
116349260623,1,1,1,1,1,1,
116349760623,1,2,1,1,1,1,
116350260623,1,1,1,1,1,1,
116350760623,1,1,1,1,1,1,
116351260623,1,1,1,1,1,1,
116352260623,1,1,1,1,1,1,
116352760623,1,2,1,1,1,1,
116356260623,1,1,1,1,1,1,
116356760623,1,1,1,1,1,1,
116357260623,1,2,1,1,1,1,
116357760623,1,1,1,1,1,1,
116358760623,1,1,1,1,1,1,
116359260623,1,1,1,1,1,1,
116359760623,1,1,1,1,1,1,
116361260623,1,1,1,1,1,1,
116364260623,1,1,1,1,1,1,
116366260623,1,2,1,1,1,1,
116368260623,1,1,1,1,1,1,
116368760623,1,1,1,1,1,1,
116369260623,1,2,1,1,1,1,
116370260623,1,1,1,1,1,1,
116370760623,1,1,1,1,1,1,
116372260623,1,1,1,1,1,1,
116373760623,1,1,1,1,1,1,
116374260623,1,2,1,1,1,1,
116375260623,1,1,1,1,1,1,
116376260623,1,1,1,1,1,1,
116376760623,1,2,1,1,1,1,
116377760623,1,2,1,1,1,1,
116379760623,1,1,1,1,1,1,
116380260623,1,1,1,1,1,1,
116380760623,1,2,1,1,1,1,
116381260623,1,1,1,1,1,1,
116382760623,1,1,1,1,1,1,
116384260623,1,1,1,1,1,1,
116384760623,1,2,1,1,1,1,
116385760623,1,2,1,1,1,1,
116386760623,1,1,1,1,1,1,
116387260623,1,1,1,1,1,1,
116387760623,1,1,1,1,1,1,
116388760623,1,1,1,1,1,1,
116389260623,1,1,1,1,1,1,
116389760623,1,1,1,1,1,1,
116390260623,1,2,1,1,1,1,
116390760623,1,1,1,1,1,1,
116391260623,1,1,1,1,1,1,
116392260623,1,2,1,1,1,1,
116392760623,1,1,1,1,1,1,
116393260623,1,1,1,1,1,1,
116393760623,1,1,1,1,1,1,
116395760623,1,1,1,1,1,1,
116396760623,1,1,1,1,1,1,
116397760623,1,1,1,1,1,1,
116399760623,1,2,1,1,1,1,
116402260623,1,1,1,1,1,1,
116403260623,1,1,1,1,1,1,
116403760623,1,1,1,1,1,1,
116404260623,1,1,1,1,1,1,
116405260623,1,1,1,1,1,1,
116406260623,1,2,1,1,1,1,
116406760623,1,1,1,1,1,1,
116407260623,1,1,1,1,1,1,
116407760623,1,1,1,1,1,1,
116408260623,1,2,1,1,1,1,
116409260623,1,1,1,1,1,1,
116409760623,1,1,1,1,1,1,
116411260623,1,2,1,1,1,1,
116412260623,1,1,1,1,1,1,
116416760623,1,1,1,1,1,1,
116417260623,1,1,1,1,1,1,
116418260623,1,1,1,1,1,1,
116418760623,1,1,1,1,1,1,
116419260623,1,2,1,1,1,1,
116420260623,1,1,1,1,1,1,
116421760623,1,1,1,1,1,1,
116422260623,1,2,1,1,1,1,
116423260623,1,2,1,1,1,1,
116423760623,1,1,1,1,1,1,
116424260623,1,1,1,1,1,1,
116424760623,1,1,1,1,1,1,
116425260623,1,1,1,1,1,1,
116426260623,1,2,1,1,1,1,
116426760623,1,1,1,1,1,1,
116427260623,1,1,1,1,1,1,
116427760623,1,1,1,1,1,1,
116428260623,1,1,1,1,1,1,
116428760623,1,1,1,1,1,1,
116431760623,1,1,1,1,1,1,
116432760623,1,1,1,1,1,1,
116433260623,1,1,1,1,1,1,
116433760623,1,1,1,1,1,1,
116435260623,1,1,1,1,1,1,
116435760623,1,1,1,1,1,1,
116438260623,1,2,1,1,1,1,
116440260623,1,1,1,1,1,1,
116441260623,1,2,1,1,1,1,
116441760623,1,1,1,1,1,1,
116442260623,1,1,1,1,1,1,
116443260623,1,1,1,1,1,1,
116443760623,1,2,1,1,1,1,
116445260623,1,1,1,1,1,1,
116446760623,1,1,1,1,1,1,
116447760623,1,1,1,1,1,1,
116448760623,1,1,1,1,1,1,
116450260623,1,1,1,1,1,1,
116452260623,1,1,1,1,1,1,
116453260623,1,1,1,1,1,1,
116454260623,1,2,1,1,1,1,
116454760623,1,1,1,1,1,1,
116460260623,1,1,1,1,1,1,
116461260623,1,2,1,1,1,1,
116461760623,1,1,1,1,1,1,
116462260623,1,1,1,1,1,1,
116463260623,1,1,1,1,1,1,
116463760623,1,2,1,1,1,1,
116464260623,1,2,1,1,1,1,
116464760623,1,1,1,1,1,1,
116466760623,1,2,1,1,1,1,
116468260623,1,1,1,1,1,1,
116468760623,1,1,1,1,1,1,
116470760623,1,1,1,1,1,1,
116472260623,1,2,1,1,1,1,
116472760623,1,2,1,1,1,1,
116473260623,1,1,1,1,1,1,
116473760623,1,1,1,1,1,1,
116474760623,1,2,1,1,1,1,
116475260623,1,2,1,1,1,1,
116476260623,1,1,1,1,1,1,
116477760623,1,1,1,1,1,1,

