,W-0,R-0,R-1,R-2,R-3,R-4,
114818559309,1610,11969,3497,4964,7051,8924,
114819059309,4615,12601,3200,5080,7414,8891,
114820059309,1990,1785,3463,5196,7002,9139,
114821059309,1917,1590,3017,5097,7071,8885,
114822059309,1631,2217,3362,5114,7279,9213,
114825559309,1817,1506,2986,5057,6946,8889,
114826059309,1832,1580,3020,5038,6937,8981,
114827059309,1905,2201,3399,5056,7124,9056,
114831059309,1677,12031,3100,4951,7075,9224,
114833559309,1356,1520,3077,4902,6936,8973,
114834559309,1388,1555,3054,4894,6890,8823,
114836059309,3464,1379,3835,4935,6912,8862,
114836559309,1320,1566,2975,4876,6912,8841,
114837059309,1626,11872,3006,5725,6842,8829,
114840059309,1541,1857,2974,4895,6907,8948,
114840559309,1556,11925,2898,4928,6941,8905,
114841059309,1966,1650,3070,4923,6916,8938,
114841559309,2047,1674,3260,5185,7515,9061,
114842559309,1296,1494,2956,4876,6904,8976,
114845559309,1847,1649,2941,4822,6991,8896,
114847559309,1678,1536,3083,4964,6990,9042,
114848059309,1313,1523,3258,4972,6961,8932,
114848559309,16282,11843,2980,4879,6882,8859,
114850059309,1290,1463,3057,4868,7299,8833,
114850559309,6518,1371,3079,6019,6952,8952,
114853059309,1502,11960,3029,4838,6957,9148,
114854059309,1747,1530,3076,4936,7057,8969,
114854559309,1298,1549,2819,4830,6896,8908,
114856559309,1923,1661,3082,4877,6890,8943,
114857559309,1608,12109,3018,4912,6886,9015,
114858059309,1809,275154,3106,4836,6941,9040,
114859059309,5428,1548,2867,4846,6860,8875,
114860059309,1248,1445,3409,4833,6829,8870,
114860559309,1845,1609,2961,4909,6976,9044,
114862059309,1296,1525,2837,4876,6878,9035,
114863559309,1759,1427,3005,4953,6930,8920,
114864059309,1557,11953,3029,4896,6875,8924,
114866559309,1433,1619,3079,4889,7229,8985,
114867059309,1658,12316,2963,5054,6890,9515,
114867559309,74386,11955,3015,4913,6890,8911,
114868559309,1590,11753,2991,4821,6917,9184,
114869059309,278658,1876,3122,7323,7488,8995,
114869559309,300000,12540,3182,5031,7000,9018,
114871059309,NULL,NULL,NULL,NULL,NULL,NULL,
114871559309,NULL,NULL,NULL,NULL,NULL,NULL,
114872559309,NULL,NULL,NULL,NULL,NULL,NULL,
114873059309,10598,47953,28674,33536,13449,45323,
114874059309,NULL,NULL,NULL,NULL,NULL,NULL,
114874559309,1225,14542,3391,7566,7846,9873,
114875059309,1283,1770,3585,4652,6851,8929,
114875559309,1304,1648,3087,5213,6829,9767,
114877059309,11153,1260,2797,4775,6834,8838,
114879059309,1425,1553,2883,4867,6908,8905,
114880059309,1417,1271,2906,4818,6896,8882,
114880559309,275960,279631,279819,279399,279523,279970,
114881059309,180207,1321,2853,4827,6835,8819,
114881559309,300000,1275,2832,4826,6799,8788,
114883059309,300000,1566,3040,5041,6928,8857,
114885559309,1380,11771,2845,4849,6802,8883,
114886059309,1194,1463,2916,4820,6829,8772,
114886559309,1375,1528,2799,4999,6919,8854,
114887559309,107308,1357,2940,4819,6802,8836,
114888559309,1122,1295,2896,4734,6815,8653,
114889059309,1471,1631,3069,4910,6827,8830,
114889559309,64618,11830,2942,4799,6786,8798,
114890059309,1252,11642,2855,4981,6985,9012,
114891059309,1192,1391,2885,4972,6840,8843,
114892559309,1230,1398,2899,4858,6874,8940,
114893059309,9823,1285,2947,4844,6848,8938,
114893559309,23239,1250,3029,4949,6848,8889,
114894059309,130442,134571,134377,134478,134656,134772,
114895559309,1756,1551,2966,4910,6936,8874,
114896559309,3831,1287,3050,4815,6752,8807,
114897059309,1553,1329,2963,5157,6893,8768,
114897559309,1615,1866,2858,4819,6860,8949,
114898059309,1218,1386,2989,5085,6887,8991,
114899059309,2458,12770,3023,4947,6825,8969,
114899559309,5563,1192,3017,5043,6968,9004,
114903559309,1340,1531,2892,4941,6891,8838,
114904059309,43402,1511,3067,4876,6962,8917,
114906059309,1227,1438,2799,4687,6851,8816,
114906559309,16234,1299,2844,4657,6878,8775,
114907059309,1335,1136,2860,4870,6604,9027,
114907559309,1107,1300,2908,4802,6804,8764,
114909059309,1958,1654,2868,4930,8091,8951,
114910059309,1543,11912,2929,4800,6875,8786,
114912559309,1865,12087,2803,4874,6796,8806,
114913059309,1816,11973,2852,4985,6929,8865,
114913559309,1274,1529,2925,4951,6853,8841,
114914059309,1430,11686,2950,4977,6824,8776,
114915059309,1162,1325,2934,4888,6906,8786,
114915559309,1445,1331,2853,4663,6795,8769,
114916059309,1516,11846,2962,4953,6963,9046,
114919559309,1362,1518,2806,4978,6919,8761,
114920059309,7621,12283,2965,5033,7074,8763,
114921059309,1846,1600,2800,4823,6798,8827,
114923559309,1604,1428,3136,4873,6806,8825,
114924059309,1210,1732,3008,4903,6866,8853,
114925559309,1377,1203,2901,4647,6840,10273,
114926559309,1254,1432,2846,4877,6806,8822,
114927059309,1506,1415,3108,4896,6838,8924,
114927559309,1230,1382,3331,5031,6896,8870,
114928559309,1433,12038,3074,4864,6862,8836,
114929559309,1923,1359,2840,4806,6799,8883,
114930559309,1257,1420,2794,4785,6820,8849,
114932059309,1457,1875,3164,4825,6917,8775,
114932559309,1267,1556,2860,4958,6978,8896,
114933559309,1654,1543,3047,4870,6879,8876,
114934059309,1375,1573,3037,4989,6879,9395,
114934559309,1382,11878,2872,4666,6774,8625,
114935059309,12150,11303,11767,11573,11944,12029,
114936059309,1471,1305,2969,4962,7330,8790,
114937059309,1607,11803,2973,4946,7090,8892,
114937559309,7628,1340,2996,5380,7730,8915,
114938059309,1439,1358,3318,4849,6892,8892,
114938559309,1133,1361,3141,4798,6833,9044,
114941059309,1427,1346,3065,4948,6816,8748,
114941559309,1305,1506,2982,4854,6737,8823,
114943559309,1366,NULL,NULL,NULL,NULL,NULL,
114944059309,1376,2160,2897,4808,6814,8791,
114944559309,1473,2497,2835,4852,6739,8636,
114945559309,1337,1537,3426,4951,6766,8949,
114946059309,1278,1448,2848,4745,6686,9001,
114950059309,1083,1301,3057,4803,6667,8721,
114950559309,1152,1393,3001,4742,6843,8898,
114951559309,1324,1477,3000,4873,6869,8834,
114954059309,1316,1498,2977,4864,6782,8825,
114955059309,1135,1375,2951,4808,6870,8924,
114956059309,1234,1463,2929,4763,6760,8769,
114958059309,1103,1790,2912,4848,6813,8778,
114958559309,2110,1914,3347,4871,6955,8867,
114959059309,1125,1407,2999,4850,6656,8806,
114959559309,1327,11871,2855,4797,6959,8807,
114960559309,1467,1609,3001,4891,7898,8828,
114961059309,1592,1458,2895,4754,6827,8926,
114961559309,1633,1556,3192,4994,6915,8813,
114962559309,1129,1261,2834,4792,6776,8792,
114963059309,5165,1190,2822,4987,6757,8777,
114964059309,5484,1374,3034,5010,6779,8848,
114964559309,7872,1344,2885,4891,6856,9333,
114965059309,1331,1526,2911,4792,6941,8848,
114966559309,1149,1427,2818,4785,6807,8857,
114967559309,1365,1559,2948,4964,6962,9054,
114969559309,1502,1357,2915,4824,7144,8779,
114970059309,5546,2043,2945,4894,6860,9042,
114970559309,5755,5240,5612,5423,6846,8838,
114971059309,2360,12550,2963,4834,6909,8872,
114972059309,1419,1239,3012,4912,6814,8801,
114973059309,1271,1433,3067,4846,6819,8915,
114973559309,1436,1613,2901,4624,6755,8661,
114974559309,6136,1299,3073,4910,6897,9006,
114975059309,1182,1375,2984,4782,6742,8791,
114975559309,1934,12175,2888,4945,6905,8967,
114976059309,2506,1178,2896,4765,6812,8749,
114977059309,1444,11813,3546,4980,6766,8851,
114977559309,1295,1480,3269,4853,6840,8977,
114978559309,1102,1409,2927,4832,6848,8869,
114979059309,37421,1593,2967,4944,6943,8851,
114980059309,1143,1465,2945,4850,6833,8842,
114980559309,1479,1290,2882,4788,6799,8818,
114981559309,8401,1407,2949,4816,6796,8887,
114982059309,1523,11948,2861,5148,6817,8749,
114985059309,1222,1358,2756,4649,6769,8802,
114987059309,1480,11813,2890,4857,6838,8803,
114988059309,1353,1515,2925,4723,6974,8895,
114988559309,1401,1284,2885,4888,6835,8828,
114989059309,1321,1429,3055,4951,6987,8934,
114990059309,1224,1372,2955,4904,6769,8862,
114991059309,1346,1519,3010,4920,6865,8841,
114991559309,1128,1350,3283,5015,6893,8673,
114992059309,2517,12073,3237,4886,6847,8972,
114992559309,13039,1240,3024,4809,6798,8830,
114993059309,1442,1580,2962,4918,6836,9043,
114994559309,1340,1515,2977,5080,6829,9076,
114995559309,1986,1595,3060,4758,6796,8672,
114996059309,1256,1450,3220,4919,6821,8815,
114998559309,1120,1335,2751,4678,6788,8599,
114999559309,11409,1386,3002,4904,6783,8781,
115001059309,1247,1391,2940,4760,6749,8980,
115002059309,1444,1302,2920,4857,6808,8821,
115002559309,1583,1465,3061,4812,6668,8936,
115004059309,1272,1451,3679,4940,7176,8956,
115006559309,1168,1353,2849,4825,6861,8797,
115007059309,9609,1252,2895,4803,6781,8829,
115007559309,1522,1665,2918,4821,6898,8741,
115009059309,1262,11491,2991,4935,7003,8858,
115009559309,1236,1569,2853,4790,6882,8818,
115011559309,1353,1504,2939,4795,6862,8947,
115012059309,2101,1895,2890,5021,6930,8850,
115012559309,1233,1477,2889,5879,6914,8974,
115013559309,1528,1387,3007,4867,6839,8840,
115014559309,1236,1399,2847,5072,6960,8804,
115015059309,1546,1466,2903,4765,6819,8806,
115015559309,1313,1484,3318,4888,6850,8845,
115016059309,1215,1347,2872,4828,6786,8927,
115016559309,1240,1427,3104,4956,6961,8973,
115017059309,1545,NULL,NULL,NULL,NULL,NULL,
115017559309,1839,2234,2890,4921,6826,8539,
115019059309,1364,2281,3602,4602,6821,8832,
115020559309,1473,1741,3324,5132,6619,8807,
115022559309,1576,13443,2942,4837,6962,8932,
115024059309,1452,1617,2873,4779,6877,8901,
115024559309,1188,1374,2825,4917,6834,8679,
115026059309,1670,1541,2952,4886,6751,8740,
115026559309,1136,1403,2884,5087,6934,8841,
115028559309,1393,1565,2880,5134,6901,8901,
115029559309,1593,11623,2903,4831,6836,8844,
115030559309,48467,1395,2877,4835,6740,8902,
115031059309,1428,11806,2840,4929,6948,8951,
115032059309,1391,1208,3269,4779,6785,8869,
115033059309,4095,1328,3005,4901,6816,9103,
115033559309,59849,67649,67397,67328,67800,67575,
115034059309,1831,12145,2807,4837,6787,8769,
115036559309,1315,1556,3167,5952,7007,8882,
115040059309,11976,1212,2995,4850,6885,8803,
115040559309,1289,1462,2909,4795,6885,9023,
115041059309,1345,1770,2912,4964,6961,8799,
115042059309,1569,1471,2980,4903,6764,8847,
115043059309,1150,1510,2900,4673,6792,8915,
115043559309,1267,1441,3014,4900,6817,8894,
115044559309,16818,1377,3371,4807,6752,8817,
115045059309,1219,1418,2859,4830,6812,8916,
115045559309,1515,1841,3172,4948,6966,9409,
115046059309,1931,2036,3125,4826,6873,8760,
115048059309,1655,1540,2993,4895,6990,8852,
115048559309,1322,1607,3122,4966,6771,8809,
115050059309,1396,1570,3078,4899,6814,9040,
115051059309,1616,1398,2996,4801,6819,8965,
115056559309,1358,11607,2964,4848,6823,8784,
115058559309,1227,1397,2949,4888,6884,8950,
115060059309,1486,12046,3079,5105,6941,8946,
115062559309,1331,11608,2896,4803,6756,8736,
115065059309,1271,1551,2918,4873,6794,8806,
115065559309,1570,1359,2989,4902,6901,8813,
115066059309,1451,1688,2853,4822,6850,8806,
115066559309,1356,1596,3077,4868,6831,8902,
115068059309,1474,1386,2959,4773,6877,8782,
115068559309,1509,1413,2848,4893,6842,8890,
115069059309,1187,1152,2856,4902,6796,8797,
115070059309,1833,12479,2845,4840,6925,8976,
115070559309,1380,1563,3841,4753,6679,8765,
115071059309,91408,1562,2948,8006,8821,8913,
115071559309,1260,1436,3029,4747,6846,8844,
115072559309,1272,1481,3511,4998,6956,8945,
115073059309,1281,1486,2993,4838,6814,8858,
115073559309,1568,1478,3065,4809,6747,9335,
115074059309,1485,11726,2876,4782,6795,8810,
115074559309,2384,2508,3261,4828,6972,9054,
115075059309,1266,1422,2882,4793,6812,8719,
115076559309,34484,1444,2866,4821,6822,8830,
115077059309,1777,1548,2775,4745,6922,8892,
115079059309,1498,1878,2852,4822,6852,8854,
115079559309,1308,1534,2899,4802,6820,8868,
115081059309,1242,1401,2990,4876,6940,8899,
115082059309,1410,1329,2827,4674,6817,8673,
115084559309,1514,1428,2852,4841,6802,8887,
115085059309,1312,1457,3029,4916,6863,8812,
115086059309,1342,1587,2912,4827,6911,8899,
115087559309,1406,1560,2866,4844,6801,9552,
115088559309,1292,1472,2920,4767,6813,8928,
115090559309,1466,11832,3504,5004,6869,8801,
115091059309,74191,1450,3242,4972,6888,8863,
115091559309,1427,1242,3289,4908,6878,8826,
115092059309,38393,1329,2993,4778,6750,9019,
115092559309,1885,12459,3162,4906,6952,8916,
115093559309,1206,1341,3111,4849,6875,8673,
115094559309,1295,11512,2872,4733,6801,8863,
115095059309,1324,1488,2918,5052,6812,8845,
115096059309,1217,1368,2934,4819,6743,9249,
115097059309,4739,1548,2908,4994,6929,8942,
115098059309,5267,1206,2912,4826,6910,8646,
115098559309,1219,1506,3050,5425,6752,8736,
115100559309,1617,12270,2839,4852,7101,9357,
115101059309,1408,1324,2975,4785,6847,8818,
115101559309,1382,1587,3081,4972,6823,8936,
115102059309,1290,1459,2914,4836,6881,8760,
115103559309,1153,1389,2918,4770,6830,8863,
115104059309,1851,1668,3269,4753,6786,8800,
115106059309,1350,1567,2992,4831,6852,8824,
115106559309,1571,1398,2916,4993,6902,8745,
115108559309,1393,1212,2908,4876,6826,8863,
115109559309,1582,2030,3228,5668,7117,8985,
115110059309,1235,11607,2969,4863,6835,8826,
115110559309,1418,1687,2998,4820,6743,8751,
115111059309,1533,11878,2844,4759,6821,8754,
115111559309,1895,1651,2836,4864,6887,8647,
115113059309,8430,11754,2966,4850,6860,9289,
115114559309,1453,1367,2961,4979,6895,8914,
115115059309,1645,1519,2853,4840,6843,8829,
115116059309,1281,1477,3022,4848,6871,9035,
115117059309,1457,11827,2893,4668,6778,8754,
115117559309,1300,1540,3481,4922,6936,9045,
115119559309,1985,1833,2977,4847,6863,9151,
115120059309,1348,1506,2917,5096,6882,8882,
115120559309,1464,1628,2978,4920,6877,8993,
115121059309,1205,1418,3265,4931,6879,9073,
115122059309,1281,1448,2968,4816,6884,8918,
115123559309,1303,1542,2878,4744,6789,8774,
115124559309,1787,1648,2918,4848,6817,8762,
115125059309,1760,1590,2992,4990,7043,8946,
115125559309,1588,1413,2917,4814,6863,8877,
115126059309,1571,1880,2867,4873,6989,8875,
115126559309,1233,1436,2916,4759,6804,8920,
115128059309,1540,11965,2912,4834,6932,9084,
115129059309,1570,11769,3184,4948,6999,8885,
115129559309,1146,1341,2819,4849,6912,8939,
115130559309,1870,12295,2834,4739,6793,8798,
115131059309,22911,23034,33171,32942,32797,33754,
115131559309,26263,1365,3004,4855,6872,8863,
115133059309,1463,1623,2820,4850,6856,9007,
115133559309,1115,1321,2981,4793,6749,8916,
115134559309,1519,1433,3157,4821,6841,8823,
115136059309,1392,1588,2917,4851,6933,8748,
115137059309,1197,1392,2835,4951,6991,8898,
115137559309,1259,1663,2853,4841,6843,8825,
115138059309,1202,1415,2899,4666,6833,8845,
115139559309,1148,1390,2886,4834,6810,8810,
115140059309,1171,1367,2891,4774,6832,8934,
115141559309,1481,11807,2853,4805,6807,8680,
115142559309,1203,1378,2801,4736,6883,8878,
115143059309,1140,1283,2993,5300,6827,8766,
115144059309,9290,8620,9192,9145,9080,8963,
115145059309,1270,1437,3091,4845,6843,8943,
115145559309,1181,1373,3004,4823,6790,8863,
115146059309,1417,11852,3131,4796,6801,8733,
115148059309,1245,1746,2950,4843,6920,8817,
115149059309,1381,1576,2996,4856,6816,8896,
115149559309,1530,1409,2892,4922,6916,8803,
115150059309,1515,1758,3060,4808,6942,9004,
115150559309,1258,1408,3043,4804,6904,8877,
115151559309,1144,1360,2865,4901,7032,8808,
115152059309,1226,1426,2966,4935,7085,8877,
115152559309,1428,1246,3021,4890,6743,8744,
115153059309,1284,1513,2962,4901,6873,8910,
115153559309,1209,1452,2920,4891,6873,8762,
115154059309,1122,1364,3013,4880,6841,8907,
115154559309,1507,1722,2826,4888,6972,8987,
115155059309,1227,1399,2927,4898,6792,8745,
115155559309,1657,11976,2921,4762,6824,8851,
115156059309,1428,11584,2894,4656,6808,8770,
115156559309,1170,1389,3042,5976,7879,8910,
115158059309,1330,2000,2951,5264,6934,8841,
115159559309,1240,1437,2930,4977,6886,8940,
115160059309,1423,11831,2837,4833,6816,8637,
115160559309,1620,1425,2969,4796,7078,8918,
115161059309,1326,11669,3061,5028,6836,8641,
115161559309,1185,1369,2884,4929,6768,8737,
115162559309,1233,1476,3028,4827,6831,8865,
115163059309,6027,1369,3023,4907,6883,8787,
115166559309,1248,1430,2813,4822,6833,8750,
115167059309,1564,11978,3038,4977,7011,8862,
115167559309,10185,1327,2921,4773,6856,8885,
115168059309,1583,1477,2936,4966,6974,8881,
115169059309,3579,1311,3128,4857,6935,8872,
115169559309,2095,1927,2913,4849,6828,8780,
115170059309,2911,1323,2998,5022,6972,8962,
115171559309,1468,11766,3038,4827,6874,8809,
115174559309,1508,12018,3177,4994,7161,9448,
115176559309,1263,1401,3002,4810,6844,8787,
115178559309,1964,12235,2936,4799,6778,8827,
115179059309,1531,11856,2925,5396,6923,8813,
115179559309,23978,1333,2892,4907,6914,8907,
115180559309,1274,1518,2896,4856,6836,8968,
115181059309,1521,11852,2870,4826,6859,8818,
115182559309,23894,1645,3075,4976,6972,8988,
115184059309,1626,1477,2925,4922,6856,8856,
115184559309,185615,11791,2917,4779,6843,8795,
115185559309,1327,1560,2950,5315,6783,8812,
115186559309,1348,1528,2968,4792,8774,9274,
115187059309,1260,11784,2886,4745,6883,8941,
115188059309,1299,1528,3016,4931,6850,8863,
115190059309,33837,1501,2959,4997,6878,8920,
115190559309,1262,1521,3121,4819,6780,8627,
115191059309,64756,11948,3016,4944,6856,8792,
115191559309,1438,1866,2810,4810,6796,8780,
115193059309,1418,1557,2907,5028,6843,8822,
115194559309,1265,1443,2915,4759,6836,8876,
115195059309,1439,1329,2988,4788,6750,8895,
115196059309,1245,1560,2858,4767,6829,8788,
115197059309,1630,1541,3225,4825,6839,8832,
115197559309,1214,1444,3573,5356,6818,8806,
115198059309,2569,23569,3094,5004,6903,8939,
115199059309,1253,1400,3026,4848,6873,8884,
115199559309,10873,1450,2990,4861,6823,8899,
115200059309,1250,11823,2835,4898,6964,8934,
115200559309,1450,1269,3047,4813,6864,8838,
115201059309,1175,1442,2984,4878,6740,8776,
115201559309,1590,1415,3087,5026,6833,8862,
115202559309,1353,1663,2812,4793,6831,8857,
115203059309,3915,1417,2949,4844,6905,8888,
115203559309,1173,1331,3040,4862,6810,8777,
115204059309,1163,1359,3261,4862,6902,8836,
115206059309,1606,1480,2938,5367,8207,8904,
115207059309,1297,1685,2790,4915,6864,8857,
115208059309,1196,1395,2991,4964,6935,8804,
115210059309,4492,4824,14950,4995,7391,8817,
115212559309,1173,1374,2959,4852,6824,8752,
115213559309,1280,1446,2826,4755,6858,8683,
115214059309,2937,14099,3916,4891,6995,8834,
115214559309,1503,11680,2877,4789,6822,8781,
115215559309,1459,1360,3089,4871,6829,8834,
115216559309,1245,11550,2931,4764,6788,8809,
115217059309,1154,1295,3097,4834,6860,8740,
115217559309,1323,1548,2957,4864,6845,8817,
115218059309,1287,1518,3102,4929,6751,8687,
115218559309,1546,12118,3033,4945,6851,8857,
115219559309,1356,1531,3081,4926,6824,8974,
115220059309,1381,1585,3225,5184,6871,8946,
115221559309,1430,1633,2926,4769,6865,8786,
115222559309,2046,1462,3183,4979,6980,8837,
115227059309,1493,1310,3035,5034,7016,8864,
115227559309,2347,13146,3323,4862,6860,8961,
115228559309,1314,1656,3072,4860,6799,8823,
115229059309,6389,16650,16237,16143,6985,8871,
115229559309,1821,1486,2887,4955,6975,8934,
115230559309,1485,1300,2937,4997,6868,8885,
115232059309,1567,1396,2959,4812,6799,8834,
115232559309,1217,1430,2828,4792,6864,8786,
115233559309,1210,1397,2881,4789,6908,8772,
115234059309,1362,1186,2899,4780,6819,8824,
115234559309,1514,1748,3207,4954,7056,8836,
115235059309,1357,1291,2915,4744,6804,8799,
115235559309,20130,11849,2998,4980,6885,8813,
115236559309,1940,1634,2912,4866,6782,9203,
115237059309,1570,1678,2971,4936,6952,8832,
115237559309,1196,1367,2909,4912,6974,9003,
115238059309,1545,1388,2978,4819,6865,8909,
115238559309,51015,1441,3003,4799,6785,8739,
115239059309,84423,1586,2962,4837,6865,8855,
115242059309,1597,11935,2968,5007,6853,8800,
115243059309,1422,1601,2936,4783,6797,8765,
115243559309,1515,12059,3098,5022,6857,8871,
115244059309,1520,1344,2800,4751,6853,8970,
115245559309,2066,13029,2816,4878,7023,8834,
115246059309,1372,1190,2783,4738,6740,8649,
115248559309,1222,1392,3471,4881,6876,8832,
115250559309,1668,1439,2882,4794,6837,8776,
115251559309,14214,11790,2939,4732,6893,8788,
115252059309,1252,1488,2864,4779,6795,8820,
115252559309,1423,1637,2901,4763,6767,8873,
115253559309,1223,1859,2809,4688,6783,8818,
115254059309,1536,11759,2875,4763,6808,8800,
115255559309,1498,1367,3071,4894,6757,8861,
115257059309,1986,2488,3317,4846,6848,8835,
115258059309,1370,1596,3031,4861,6908,9380,
115259059309,16007,1457,2775,4639,6768,8688,
115260559309,78287,1393,3381,5013,6864,8597,
115262559309,1264,1566,3155,5035,6887,8876,
115263559309,1375,1207,2761,4826,6818,8784,
115264559309,1559,1444,3035,4913,6901,8902,
115265059309,1233,1437,3404,4627,7401,8867,
115270559309,1659,1478,3130,5243,6762,8848,
115271559309,1384,1549,2900,4861,6870,8816,
115272059309,1433,1616,3033,4849,6843,8840,
115272559309,1420,1616,2960,4765,6754,8769,
115273559309,1199,1392,2913,5172,6874,8930,
115274059309,1109,1330,2893,4792,6958,8808,
115274559309,1136,1276,2846,4819,6804,8846,
115275059309,1359,1221,2985,4861,6944,8886,
115277059309,1154,1547,2923,4808,6822,8808,
115278559309,1244,1432,3022,5117,6794,8732,
115279059309,1285,11752,2895,4925,6854,8842,
115281059309,1268,1350,2902,4778,6804,8808,
115282559309,9270,1629,3134,4957,6918,8927,
115283059309,1719,1824,2908,5131,6825,8822,
115283559309,1306,1579,2863,4875,6920,8981,
115284059309,1206,1404,2922,4833,6845,8851,
115285059309,1472,1313,2941,4895,6881,8950,
115285559309,1346,1585,2958,4820,6958,8965,
115286559309,1447,1388,2854,4779,6754,8757,
115288059309,1904,1632,2876,4789,6862,9014,

