,W-0,R-0,R-1,R-2,R-3,R-4,
141616724412,1,2,1,1,1,1,
141617224412,1,2,2,1,1,1,
141618224412,1,2,1,1,1,1,
141619224412,1,2,2,1,2,2,
141620224412,1,2,1,1,1,1,
141623724412,1,2,1,1,1,1,
141624224412,1,2,2,1,1,1,
141625224412,1,2,2,2,2,2,
141629224412,1,2,1,1,1,1,
141631724412,1,2,2,2,1,1,
141632724412,1,2,1,1,1,1,
141634224412,1,2,1,1,1,1,
141634724412,1,2,1,1,1,1,
141635224412,1,2,2,1,1,1,
141638224412,1,2,1,1,1,1,
141638724412,1,2,1,1,1,1,
141639224412,1,2,1,1,1,1,
141639724412,1,2,2,1,1,1,
141640724412,1,2,1,1,1,1,
141643724412,1,2,1,1,1,1,
141645724412,1,2,2,1,1,1,
141646224412,1,2,1,1,1,1,
141646724412,1,2,2,1,1,1,
141648224412,1,2,1,1,1,1,
141648724412,1,2,2,1,1,1,
141651224412,1,2,2,1,1,1,
141652224412,1,2,1,1,1,1,
141652724412,1,2,1,1,1,1,
141654724412,1,2,1,1,1,1,
141655724412,1,2,1,1,1,1,
141656224412,1,2,2,2,2,2,
141657224412,1,2,1,1,1,1,
141658224412,1,2,1,1,1,1,
141658724412,1,2,1,1,1,1,
141660224412,1,2,1,1,1,1,
141661724412,1,2,1,1,1,1,
141662224412,1,2,1,2,1,1,
141664724412,1,2,2,2,2,2,
141665224412,1,2,2,1,1,1,
141665724412,1,2,1,1,1,1,
141666724412,1,2,1,1,1,1,
141667224412,1,2,1,1,1,1,
141667724412,1,2,2,2,1,1,
141669224412,1,2,1,1,1,1,
141669724412,1,2,2,1,1,1,
141670724412,1,2,2,2,1,1,
141671224412,1,2,1,1,1,1,
141672224412,1,2,1,1,1,1,
141672724412,1,2,2,2,1,1,
141673224412,1,2,1,1,1,1,
141673724412,1,2,2,1,1,1,
141675224412,1,2,2,1,2,2,
141677224412,1,2,1,1,1,1,
141678224412,1,2,2,1,1,1,
141678724412,1,2,1,1,1,1,
141679224412,1,2,1,1,1,1,
141679724412,1,2,1,1,2,1,
141681224412,1,2,1,1,1,1,
141683724412,1,2,2,1,1,1,
141684224412,1,2,2,2,1,2,
141684724412,1,2,1,1,1,1,
141685724412,1,2,2,1,1,1,
141686724412,1,2,2,2,2,2,
141687224412,1,2,1,1,1,1,
141687724412,1,2,1,1,1,1,
141688224412,1,2,2,2,1,1,
141689224412,1,2,2,1,1,1,
141690724412,1,2,1,1,1,1,
141691224412,1,2,2,1,1,1,
141691724412,1,2,2,1,1,1,
141692224412,1,2,1,1,1,1,
141693724412,1,2,1,1,1,1,
141694724412,1,2,1,1,1,1,
141695224412,1,2,2,1,1,1,
141695724412,1,2,1,1,1,1,
141696224412,1,2,1,1,1,1,
141697224412,1,2,1,1,1,1,
141697724412,1,2,1,1,1,1,
141701724412,1,2,1,1,1,1,
141702224412,1,2,2,1,1,1,
141704224412,1,2,2,1,1,1,
141704724412,1,2,1,1,1,1,
141705224412,1,2,2,1,1,2,
141705724412,1,2,1,1,1,1,
141707224412,1,2,1,1,1,1,
141708224412,1,2,1,1,2,2,
141710724412,1,2,1,1,1,1,
141711224412,1,2,2,2,2,2,
141711724412,1,2,2,1,1,1,
141712224412,1,2,1,1,1,1,
141713224412,1,2,1,1,1,1,
141713724412,1,2,1,1,1,1,
141714224412,1,2,1,1,1,1,
141717724412,1,2,1,1,1,1,
141718224412,1,2,1,1,1,1,
141719224412,1,2,2,2,2,2,
141721724412,1,2,2,1,1,1,
141722224412,1,2,2,1,1,1,
141723724412,1,2,2,2,2,1,
141724724412,1,2,2,1,1,1,
141725224412,1,2,2,1,2,1,
141725724412,1,2,1,1,1,1,
141726724412,1,2,1,1,1,1,
141727724412,1,2,2,1,1,1,
141728724412,1,2,1,1,1,1,
141730224412,1,2,1,1,1,1,
141730724412,1,2,1,1,1,1,
141731724412,1,2,1,1,1,1,
141732224412,1,2,1,1,1,1,
141732724412,1,2,2,2,2,2,
141733224412,1,2,1,1,1,1,
141734224412,1,2,2,2,2,2,
141735224412,1,2,1,1,1,1,
141735724412,1,2,2,1,1,1,
141736224412,1,2,1,1,1,1,
141736724412,1,2,1,1,1,1,
141739224412,1,2,1,1,1,1,
141739724412,1,2,2,1,1,1,
141741724412,1,2,1,1,1,1,
141742224412,1,2,1,1,1,2,
141742724412,1,2,2,1,1,1,
141743724412,1,2,1,2,2,2,
141744224412,1,2,2,1,1,1,
141748224412,1,2,2,2,2,1,
141748724412,1,2,1,2,2,1,
141749724412,1,2,2,1,1,1,
141752224412,1,2,1,1,1,1,
141753224412,1,2,1,1,1,2,
141754224412,1,2,1,1,1,1,
141756224412,1,2,1,1,1,1,
141756724412,1,2,1,1,2,2,
141757224412,1,2,1,1,1,1,
141757724412,1,2,1,1,1,1,
141758724412,1,2,1,1,1,1,
141759224412,1,2,1,1,2,1,
141759724412,1,2,2,1,1,1,
141760724412,1,2,1,1,1,1,
141761224412,1,2,1,1,1,1,
141762224412,1,2,1,1,1,1,
141762724412,1,2,2,2,1,1,
141763224412,1,2,1,1,1,1,
141764724412,1,2,1,1,1,1,
141765724412,1,2,1,1,1,1,
141767724412,1,2,1,1,1,1,
141768224412,1,2,1,1,1,1,
141768724412,1,2,2,1,1,1,
141769224412,1,2,1,1,1,1,
141770224412,1,2,2,1,1,2,
141771224412,1,2,1,1,1,1,
141771724412,1,2,1,1,1,1,
141772724412,1,2,2,1,1,1,
141773224412,1,2,1,1,1,1,
141773724412,1,2,1,1,1,1,
141774224412,1,2,1,2,2,2,
141775224412,1,2,1,1,1,1,
141775724412,1,2,1,1,1,1,
141776724412,1,2,1,1,1,1,
141777224412,1,2,2,2,1,1,
141778224412,1,2,2,1,1,1,
141778724412,1,2,1,1,1,1,
141779724412,1,2,1,1,1,1,
141780224412,1,2,1,1,1,1,
141783224412,1,2,1,1,1,1,
141785224412,1,2,1,1,1,1,
141786224412,1,2,1,1,1,1,
141786724412,1,2,1,1,1,1,
141787224412,1,2,1,1,1,1,
141788224412,1,2,1,1,1,1,
141789224412,1,2,2,1,2,2,
141789724412,1,2,1,1,1,1,
141790224412,1,2,1,2,2,1,
141790724412,1,2,1,1,1,1,
141791224412,1,2,1,1,1,1,
141792724412,1,2,2,1,1,1,
141793724412,1,2,1,2,2,1,
141794224412,1,2,2,2,2,1,
141796724412,1,2,2,1,1,1,
141797724412,1,2,2,1,1,1,
141799224412,1,2,1,1,1,1,
141800224412,1,2,1,1,1,1,
141800724412,1,2,1,1,1,1,
141802224412,1,2,1,1,1,1,
141804724412,1,2,1,1,1,1,
141805224412,1,2,1,1,1,1,
141805724412,1,2,1,1,1,1,
141807224412,1,2,1,1,1,1,
141807724412,1,2,1,1,1,1,
141809724412,1,2,2,2,2,2,
141810224412,1,2,1,1,1,1,
141810724412,1,2,1,1,1,1,
141811724412,1,2,1,1,1,1,
141812724412,1,2,1,1,1,1,
141813224412,1,2,1,1,1,1,
141813724412,1,2,1,1,1,1,
141814224412,1,2,1,1,1,1,
141814724412,1,2,2,1,1,1,
141815224412,1,2,2,1,1,1,
141815724412,1,2,1,1,1,1,
141817224412,1,2,2,1,1,1,
141818724412,1,2,1,1,1,1,
141820724412,1,2,1,1,2,1,
141822224412,1,2,1,2,1,1,
141822724412,1,2,1,1,1,1,
141824224412,1,2,2,2,2,2,
141824724412,1,2,1,1,1,1,
141826724412,1,2,2,1,1,1,
141827724412,1,2,1,1,1,1,
141828724412,1,2,2,1,1,1,
141829224412,1,2,1,1,1,1,
141830224412,1,2,2,1,1,1,
141831224412,1,2,2,1,1,1,
141831724412,1,2,1,1,1,1,
141832224412,1,2,1,1,1,1,
141834724412,1,2,2,1,1,1,
141838224412,1,2,2,2,2,2,
141838724412,1,2,1,1,1,1,
141839224412,1,2,1,1,1,1,
141840224412,1,2,2,1,1,1,
141841224412,1,2,1,1,1,1,
141841724412,1,2,1,1,1,1,
141842724412,1,2,1,1,1,1,
141843224412,1,2,1,1,1,1,
141843724412,1,2,2,2,1,2,
141844224412,1,2,1,1,1,1,
141846224412,1,2,1,1,1,1,
141846724412,1,2,2,1,1,1,
141848224412,1,2,1,1,1,1,
141849224412,1,2,2,1,1,1,
141854724412,1,2,1,1,1,1,
141856724412,1,2,2,2,2,1,
141858224412,1,2,2,1,1,1,
141860724412,1,2,1,1,1,1,
141863224412,1,2,1,1,1,1,
141863724412,1,2,1,1,1,1,
141864224412,1,2,2,1,1,1,
141864724412,1,2,1,1,1,1,
141866224412,1,2,2,2,2,2,
141866724412,1,2,1,1,1,1,
141867224412,1,2,1,1,1,1,
141868224412,1,2,2,1,1,1,
141868724412,1,2,2,1,1,1,
141869224412,1,2,1,1,1,1,
141869724412,1,2,2,2,2,2,
141870724412,1,2,2,1,1,1,
141871224412,1,2,1,1,1,1,
141871724412,1,2,1,2,1,1,
141872224412,1,2,2,2,2,2,
141872724412,1,2,2,1,1,2,
141873224412,1,2,2,1,1,1,
141874724412,1,2,1,2,1,1,
141875224412,1,2,2,1,1,1,
141877224412,1,2,2,2,2,2,
141877724412,1,2,2,1,1,2,
141879224412,1,2,1,1,1,1,
141880224412,1,2,2,1,1,1,
141882724412,1,2,2,1,1,1,
141883224412,1,2,1,1,1,2,
141884224412,1,2,2,2,2,2,
141885724412,1,2,1,1,1,1,
141886724412,1,2,1,1,1,1,
141888724412,1,2,2,1,2,2,
141889224412,1,2,1,1,1,1,
141889724412,1,2,2,2,2,2,
141890224412,1,2,1,1,2,1,
141890724412,1,2,1,1,1,1,
141891724412,1,2,1,1,1,1,
141892724412,1,2,1,1,1,1,
141893224412,1,2,1,2,1,1,
141894224412,1,2,2,1,1,1,
141895224412,1,2,2,2,2,2,
141896224412,1,2,2,1,1,1,
141896724412,1,2,1,1,1,1,
141898724412,1,2,2,1,1,1,
141899224412,1,2,1,1,1,1,
141899724412,1,2,1,1,1,1,
141900224412,1,2,1,1,1,1,
141901724412,1,2,1,1,1,1,
141902224412,1,2,1,1,1,1,
141904224412,1,2,1,1,1,1,
141904724412,1,2,1,1,1,1,
141906724412,1,2,1,1,1,1,
141907724412,1,2,2,2,1,1,
141908224412,1,2,1,1,1,1,
141908724412,1,2,1,2,2,1,
141909224412,1,2,2,2,1,2,
141909724412,1,2,1,1,1,1,
141911224412,1,2,1,1,2,2,
141912724412,1,2,1,1,1,1,
141913224412,1,2,1,1,1,1,
141914224412,1,2,1,1,1,1,
141915224412,1,2,1,1,1,1,
141915724412,1,2,2,1,1,1,
141917724412,1,2,1,1,1,1,
141918224412,1,2,1,1,1,1,
141918724412,1,2,2,2,1,2,
141919224412,1,2,1,1,1,1,
141920224412,1,2,1,1,1,1,
141921724412,1,2,1,1,1,1,
141922724412,1,2,1,1,1,1,
141923224412,1,2,2,2,1,1,
141923724412,1,2,1,1,1,1,
141924224412,1,2,2,1,1,1,
141924724412,1,2,1,2,2,1,
141926224412,1,2,1,1,1,1,
141927224412,1,2,1,1,1,2,
141927724412,1,2,2,2,1,2,
141928724412,1,2,2,1,1,1,
141929224412,1,2,1,1,1,1,
141929724412,1,2,1,1,1,1,
141931224412,1,2,2,1,2,2,
141931724412,1,2,2,1,1,1,
141932724412,1,2,1,1,1,1,
141934224412,1,2,1,1,1,1,
141935224412,1,2,2,2,2,2,
141935724412,1,2,1,1,1,1,
141936224412,1,2,1,1,1,1,
141937724412,1,2,1,1,1,1,
141938224412,1,2,1,1,1,1,
141939724412,1,2,1,1,1,1,
141940724412,1,2,1,1,1,1,
141941224412,1,2,2,1,1,1,
141942224412,1,2,1,1,1,1,
141943224412,1,2,2,1,1,1,
141943724412,1,2,2,1,1,1,
141944224412,1,2,1,1,1,1,
141946224412,1,2,1,1,1,1,
141947224412,1,2,1,1,1,1,
141947724412,1,2,1,1,1,1,
141948224412,1,2,2,1,1,1,
141948724412,1,2,1,1,1,1,
141949724412,1,2,2,2,2,2,
141950224412,1,2,2,1,1,1,
141950724412,1,2,1,1,1,1,
141951224412,1,2,1,1,1,1,
141951724412,1,2,1,1,1,1,
141952224412,1,2,1,1,1,1,
141952724412,1,2,2,2,2,2,
141953224412,1,2,2,1,1,1,
141953724412,1,2,1,1,1,1,
141954224412,1,2,1,1,1,1,
141954724412,1,2,1,1,1,1,
141956224412,1,2,2,1,1,1,
141957724412,1,2,1,1,1,1,
141958224412,1,2,2,2,2,2,
141958724412,1,2,2,1,1,1,
141959224412,1,2,1,1,1,1,
141959724412,1,2,1,1,1,1,
141960724412,1,2,1,1,1,1,
141961224412,1,2,2,2,1,1,
141964724412,1,2,1,1,1,1,
141965224412,1,2,1,1,1,1,
141965724412,1,2,2,1,2,1,
141966224412,1,2,1,1,1,1,
141967224412,1,2,1,1,1,1,
141967724412,1,2,2,2,2,2,
141968224412,1,2,1,1,1,1,
141969724412,1,2,1,1,2,2,
141972724412,1,2,2,1,1,1,
141974724412,1,2,1,1,1,1,
141976724412,1,2,1,1,1,1,
141977224412,1,2,2,2,2,2,
141977724412,1,2,1,1,1,1,
141978724412,1,2,2,1,1,1,
141979224412,1,2,1,2,1,1,
141980724412,1,2,1,1,1,1,
141982224412,1,2,1,1,1,1,
141982724412,1,2,2,1,1,1,
141983724412,1,2,1,1,1,1,
141984724412,1,2,1,1,1,1,
141985224412,1,2,1,1,1,1,
141986224412,1,2,2,1,1,1,
141988224412,1,2,1,1,1,1,
141988724412,1,2,1,1,1,1,
141989224412,1,2,1,1,1,1,
141989724412,1,2,1,1,1,1,
141991224412,1,2,1,1,1,1,
141992724412,1,2,1,1,1,1,
141993224412,1,2,1,1,1,1,
141994224412,1,2,1,2,1,1,
141995224412,1,2,2,2,2,2,
141995724412,1,2,1,1,1,1,
141996224412,1,2,2,2,2,2,
141997224412,1,2,1,1,1,1,
141997724412,1,2,1,1,1,1,
141998224412,1,2,1,1,1,1,
141998724412,1,2,2,1,1,1,
141999224412,1,2,1,1,1,1,
141999724412,1,2,2,2,2,2,
142000724412,1,2,2,1,1,2,
142001224412,1,2,1,1,2,2,
142001724412,1,2,1,1,1,1,
142002224412,1,2,2,1,1,1,
142004224412,1,2,1,2,1,2,
142005224412,1,2,2,2,2,2,
142006224412,1,2,1,1,1,1,
142008224412,1,2,1,1,1,1,
142010724412,1,2,1,1,1,1,
142011724412,1,2,1,1,1,1,
142012224412,1,2,2,2,2,1,
142012724412,1,2,1,1,1,1,
142013724412,1,2,1,2,1,1,
142014724412,1,2,2,1,1,1,
142015224412,1,2,2,2,2,1,
142015724412,1,2,1,1,1,1,
142016224412,1,2,1,1,1,1,
142016724412,1,2,1,1,1,1,
142017724412,1,2,1,1,1,1,
142018224412,1,2,2,1,1,1,
142019724412,1,2,1,1,1,1,
142020724412,1,2,1,1,1,1,
142025224412,1,2,2,2,2,2,
142025724412,1,2,1,1,1,1,
142026724412,1,2,2,2,2,2,
142027224412,1,2,1,1,1,1,
142027724412,1,2,1,1,1,1,
142028724412,1,2,1,1,1,1,
142030224412,1,2,2,1,1,1,
142030724412,1,2,1,1,1,1,
142031724412,1,2,1,1,1,1,
142032224412,1,2,1,1,1,1,
142032724412,1,2,1,1,1,1,
142033224412,1,2,1,1,1,1,
142033724412,1,2,2,2,2,1,
142034724412,1,2,1,1,1,1,
142035224412,1,2,1,2,2,2,
142035724412,1,2,1,1,1,1,
142036224412,1,2,1,2,1,1,
142036724412,1,2,1,1,1,1,
142037224412,1,2,1,1,1,1,
142040224412,1,2,2,1,1,1,
142041224412,1,2,2,1,1,1,
142041724412,1,2,2,1,1,1,
142042224412,1,2,1,1,1,1,
142043724412,1,2,1,1,1,1,
142044224412,1,2,2,1,1,1,
142046724412,1,2,1,1,1,1,
142048724412,1,2,1,1,1,1,
142049724412,1,2,1,1,1,1,
142050224412,1,2,2,1,1,1,
142050724412,1,2,1,1,1,1,
142051724412,1,2,1,1,1,1,
142052224412,1,2,1,1,1,1,
142053724412,1,2,2,1,1,1,
142055224412,1,2,2,2,2,2,
142056224412,1,2,2,1,1,1,
142057224412,1,2,1,1,1,1,
142058724412,1,2,1,1,1,1,
142060724412,1,2,1,1,1,1,
142061724412,1,2,1,1,1,1,
142062724412,1,2,2,1,1,1,
142063224412,1,2,2,2,2,1,
142068724412,1,2,1,1,1,1,
142069724412,1,2,1,1,1,1,
142070224412,1,2,1,2,2,1,
142070724412,1,2,2,2,1,1,
142071724412,1,2,2,1,1,1,
142072224412,1,2,1,1,1,1,
142072724412,1,2,1,1,1,1,
142073224412,1,2,1,1,1,1,
142075224412,1,2,2,1,1,2,
142076724412,1,2,1,1,1,1,
142077224412,1,2,1,1,1,1,
142079224412,1,2,1,1,1,1,
142080724412,1,2,2,1,1,1,
142081224412,1,2,2,2,2,2,
142081724412,1,2,1,1,1,1,
142082224412,1,2,1,1,1,1,
142083224412,1,2,1,1,1,1,
142083724412,1,2,1,1,1,1,
142084724412,1,2,2,2,2,1,
142086224412,1,2,1,2,2,2,

