,W-0,R-0,R-1,R-2,R-3,R-4,
139236698589,3654,1831,3205,5069,7004,9102,
139237198589,4778,13603,3104,5183,6908,9002,
139238198589,4857,2025,3296,5674,7389,9251,
139239198589,156062,1392,3203,5204,7665,8875,
139240198589,4172,12193,3068,5147,6919,8932,
139243698589,3651,1594,3110,4820,6790,8924,
139244198589,2962,1335,2790,4875,6908,8822,
139245198589,5265,1375,3019,4987,6967,9040,
139249198589,4680,11945,3004,5006,6960,8984,
139251698589,3690,1829,2978,4861,6822,8915,
139252698589,3627,1208,3262,4765,6819,8792,
139254198589,3643,1387,3109,4854,6786,8838,
139254698589,4543,1823,2884,4918,6893,8851,
139255198589,73074,1377,2930,4857,6807,8882,
139258198589,4130,2153,3250,4892,6993,9099,
139258698589,3614,1353,3148,4847,6799,8831,
139259198589,4182,1261,3506,5049,7098,8926,
139259698589,5216,12202,2981,4835,6886,8904,
139260698589,5273,1346,3140,4840,7080,8860,
139263698589,3844,1775,2992,4909,6865,8924,
139265698589,3566,1336,2878,4781,7073,9048,
139266198589,3901,12283,3099,5170,7075,8881,
139266698589,3652,1644,2849,4920,6906,8865,
139268198589,3841,1584,3001,5057,7221,8979,
139268698589,3739,1664,2924,4813,6799,8819,
139271198589,3615,1549,2780,4801,6783,8815,
139272198589,3650,1568,2861,4733,6754,8967,
139272698589,3694,1746,3064,4813,6819,8779,
139274698589,61175,1611,3099,5047,7019,8935,
139275698589,3923,12178,3608,4828,6766,8944,
139276198589,9072,1557,2918,5058,6770,9271,
139277198589,3811,1675,3010,4907,6797,8818,
139278198589,4137,1672,3396,4970,6900,9109,
139278698589,3666,1364,3018,5004,7094,8750,
139280198589,3644,1395,4075,4854,6795,8786,
139281698589,3528,1518,2939,4822,6746,8911,
139282198589,5384,12195,3093,4797,7016,9064,
139284698589,3611,1456,2785,4941,7033,8860,
139285198589,77059,1362,3001,5034,6899,8971,
139285698589,3857,11998,3339,4932,6970,8935,
139286698589,4831,1760,3028,5200,6796,8830,
139287198589,6612,1541,2981,5166,7023,9037,
139287698589,12905,13119,3197,4957,7187,8922,
139289198589,10292,1389,3023,4822,6976,8916,
139289698589,5221,1624,2893,4956,6904,8925,
139290698589,3600,1387,2900,4808,6701,8860,
139291198589,3717,11966,2923,4974,6938,8949,
139292198589,5322,1810,2945,5021,6976,9164,
139292698589,4221,12195,3167,5177,7017,8909,
139293198589,4988,1674,2947,4825,7729,8711,
139293698589,5828,1367,3269,4892,7024,8909,
139295198589,76027,1382,2997,4879,6935,8878,
139297198589,4142,11940,2935,5025,7358,9031,
139298198589,3582,1471,2932,4800,6729,8840,
139298698589,4625,11947,2921,5189,6904,8934,
139299198589,3345,11850,3067,5302,6924,8843,
139299698589,12526,12046,2932,4798,7602,8870,
139301198589,3831,1688,2971,4814,6829,8829,
139303698589,3553,1365,2926,4785,6722,8772,
139304198589,6140,12742,3391,5300,7122,8895,
139304698589,17557,12532,3050,4942,6873,8808,
139305698589,3553,11641,3055,4800,6893,8836,
139306698589,4053,1613,2932,4778,6713,8844,
139307198589,3882,12096,3006,4824,6929,8963,
139307698589,168755,1385,2881,4962,6804,8899,
139308198589,3563,1337,2923,4790,6767,8701,
139309198589,4475,2026,2794,4908,6750,8895,
139310698589,3611,1327,2948,4775,6940,8786,
139311198589,3690,1508,2886,5171,7096,8854,
139311698589,3719,1582,2997,4961,6876,8813,
139312198589,3647,1383,2936,4870,6697,8794,
139313698589,3623,1570,2879,4882,6714,8708,
139314698589,5116,1342,2877,4745,7053,8689,
139315198589,76682,11919,3002,4884,6985,8827,
139315698589,3602,1362,2794,4848,6736,8874,
139316198589,7591,1455,3018,4815,6992,8789,
139317198589,3895,11968,3069,4865,6778,8876,
139317698589,4611,11613,2783,4792,6913,8747,
139321698589,3613,1520,3295,4800,6802,8827,
139322198589,4592,1533,2974,4948,6950,8916,
139324198589,4406,12291,3037,4729,7168,8739,
139324698589,3263,11937,2868,4918,10688,10076,
139325198589,70176,1367,2915,4881,6816,8837,
139325698589,5757,12816,2860,4938,6870,8784,
139327198589,5578,12754,3298,4893,6752,8816,
139328198589,5141,1491,2943,4940,6920,8880,
139330698589,3755,1671,3152,4984,6923,8950,
139331198589,3644,1471,3047,4885,6714,8817,
139331698589,5639,12225,3292,4881,6929,8845,
139332198589,5640,12015,3096,4842,6867,8723,
139333198589,4667,12373,2776,5003,7040,9010,
139333698589,4761,1660,2891,4945,6953,9044,
139334198589,7599,1309,2818,4777,6810,8718,
139337698589,4134,1745,3041,4910,6767,8965,
139338198589,3088,12245,2810,4746,6758,8693,
139339198589,3654,1261,2902,4756,6694,8795,
139341698589,3839,12003,2977,4742,6755,9018,
139342198589,3852,1700,2886,4962,6882,8736,
139343698589,3582,1482,2955,4891,6719,8740,
139344698589,3301,12098,2973,4905,6952,8913,
139345198589,4986,1616,2941,4794,6764,8848,
139345698589,5153,1612,2884,4950,6915,8812,
139346698589,4054,12099,2958,4867,7099,8939,
139347698589,3639,1593,2857,4852,6897,9059,
139348698589,3601,1605,3117,4918,6740,8915,
139350198589,4555,12524,2948,4851,6989,8868,
139350698589,5125,1611,2965,4956,6824,8752,
139351698589,4612,1581,3975,4935,6964,8738,
139352198589,3889,1576,2940,4880,6755,8793,
139352698589,3675,1686,2990,5015,6811,8722,
139353198589,5347,1639,3045,5108,6731,8901,
139354198589,4559,2134,3038,4894,6730,8923,
139355198589,24015,12056,3041,4887,7127,8698,
139355698589,4002,12019,2876,4792,7494,8897,
139356198589,3649,11913,2940,4963,6776,8891,
139356698589,3856,1937,2882,4739,6882,8881,
139359198589,3855,1733,3048,4990,6991,8709,
139359698589,5177,11716,3017,5051,6923,8881,
139361698589,68530,1549,3014,4877,6769,8834,
139362198589,3887,11662,2959,4969,6894,8697,
139362698589,7625,1517,2889,5207,6932,8857,
139363698589,4067,12183,2820,4840,6918,8933,
139364198589,3840,1529,2703,5183,6967,8844,
139368198589,9319,12171,3002,4815,6957,9565,
139368698589,4042,11552,2906,4787,6903,8770,
139369698589,4080,12836,2809,4828,6735,8687,
139372198589,3575,1525,3125,4963,6787,8835,
139373198589,3509,1313,2961,4714,7263,8677,
139374198589,4033,12147,2984,4836,6822,8947,
139376198589,9551,1534,2947,4907,6703,8716,
139376698589,6444,14203,14309,4977,7272,8886,
139377198589,5834,1796,2893,5005,6764,8708,
139377698589,3246,11665,3026,4809,6825,8833,
139378698589,3931,1689,2891,4936,6725,8855,
139379198589,3463,1275,2966,4819,6743,8775,
139379698589,3720,1488,2976,5034,6913,8783,
139380698589,3510,1565,3024,4824,6715,12963,
139381198589,5175,11892,2822,4719,6755,8722,
139382198589,3795,1591,2990,4841,7235,8725,
139382698589,4496,12295,2818,4938,7028,8822,
139383198589,3542,1386,2869,4786,6984,8785,
139384698589,3527,1459,2867,4755,6705,8885,
139385698589,3199,11522,2899,4811,6799,8759,
139387698589,5275,1740,2786,5109,6782,8820,
139388198589,3555,1381,3018,4807,6761,8790,
139388698589,29257,1636,2965,5007,7083,9029,
139389198589,3466,1227,2765,4900,6822,8819,
139390198589,6383,12347,3259,5003,6897,8917,
139391198589,4141,12101,3049,4956,6925,8988,
139391698589,3352,12119,3041,4854,6823,8805,
139392698589,3338,1586,2962,4805,6711,8803,
139393198589,8518,2059,2963,5617,7302,9561,
139393698589,4652,12236,2756,5041,6856,9101,
139394198589,3746,12021,2961,4858,7158,8976,
139395198589,74191,1574,2811,4867,6828,8816,
139395698589,5327,1639,2880,5082,7004,8924,
139396698589,3788,1549,3018,4939,6745,8904,
139397198589,3720,1537,2964,4921,6962,8851,
139398198589,3554,1378,2927,4759,6720,8727,
139398698589,3766,1637,3059,4755,6881,8897,
139399698589,3616,1366,3043,4847,6926,8898,
139400198589,3825,1723,3054,4751,6800,8900,
139403198589,3341,12203,3008,5088,6743,8826,
139405198589,78375,71117,71388,71728,71979,72123,
139406198589,3722,1577,2985,4805,6738,8849,
139406698589,4132,1913,3184,5356,6726,8708,
139407198589,3603,1523,2903,4802,6740,8826,
139408198589,6774,11868,3855,4909,7206,9056,
139409198589,5113,1545,2740,4886,7021,8853,
139409698589,3595,1564,2870,4796,7295,9109,
139410198589,4598,12232,2981,4938,6763,8902,
139410698589,3582,1271,2856,4719,6708,8727,
139411198589,3281,12092,2878,4814,6720,8910,
139412698589,5241,12348,3046,5050,6907,8971,
139413698589,3740,1875,2730,4807,6769,8869,
139414198589,3686,1667,3086,4766,6971,8779,
139416698589,3529,1459,2741,4842,7270,8908,
139417698589,4117,1827,3146,5103,6897,8849,
139419198589,4480,12074,2885,4913,7221,8802,
139420198589,4988,1832,3325,5101,6754,8834,
139420698589,3584,1262,3209,4733,6799,8768,
139422198589,5139,1905,3001,4948,6896,8784,
139424698589,3579,1327,2890,4712,6696,8700,
139425198589,8154,1174,2759,4983,6960,8996,
139425698589,4799,1618,2929,5400,6928,8877,
139427198589,5249,1282,2810,4977,14476,14318,
139427698589,4123,12283,2947,4934,6919,8885,
139429698589,3589,1612,2979,4910,6790,9016,
139430198589,3693,1487,3082,4920,6782,8920,
139430698589,5378,12311,2878,4789,6870,8921,
139431698589,3104,1532,2927,4803,6799,8882,
139432698589,96177,1640,3043,4770,6876,8841,
139433198589,3583,1409,2974,4748,6806,8816,
139433698589,16902,1669,3047,4920,6991,9004,
139434198589,3590,12196,3233,4804,6730,9035,
139434698589,3980,1601,2908,4841,6885,8689,
139435198589,4367,11865,2939,4897,6762,8964,
139435698589,4039,1824,2919,4882,6938,8848,
139437198589,3665,1560,2942,5200,7136,9394,
139438698589,3589,1545,3035,4787,6732,8830,
139440698589,3188,1750,3000,4728,6997,8803,
139442198589,7965,1300,2786,4836,6996,8866,
139442698589,3604,1586,3025,4830,6808,8798,
139444198589,4002,12171,2906,4889,6867,8820,
139444698589,3532,1524,2915,4780,6780,8883,
139446698589,3631,1559,3010,4963,6985,8824,
139447698589,3602,1313,2972,4849,6762,8883,
139448698589,3733,11696,2743,4794,6737,8712,
139449198589,3244,12274,2987,4741,6793,9018,
139450198589,4127,1594,2945,5454,7004,9064,
139451198589,3493,1238,2942,4842,6885,8764,
139451698589,4726,1596,2995,4893,7033,8892,
139452198589,3556,1453,2786,4733,6730,8796,
139454698589,12696,1909,3079,4972,6986,9088,
139458198589,4479,2610,3333,4774,6898,8858,
139458698589,3968,11951,3683,4688,6892,8774,
139459198589,3540,1538,2955,4918,6696,8850,
139460198589,4463,1345,2807,4755,7763,11787,
139461198589,3600,1382,2883,4782,6787,8758,
139461698589,3712,1333,2915,4822,6944,8773,
139462698589,3610,1554,2912,4833,6821,8937,
139463198589,3716,1821,3226,4885,6896,8776,
139463698589,62973,1654,3023,5321,6940,9050,
139464198589,4170,1988,2876,4954,6791,8862,
139466198589,6460,11653,2778,4847,6882,8861,
139466698589,13911,12713,3199,4973,6982,9914,
139468198589,3714,1813,3060,4997,7061,8724,
139469198589,63704,11732,2965,4807,6732,8830,
139474698589,3649,11577,3011,4744,6724,8750,
139476698589,NULL,NULL,NULL,NULL,NULL,NULL,
139478198589,36663,1561,3250,4879,6863,8881,
139480698589,4763,12549,3319,5250,6940,8735,
139483198589,4022,1757,3045,4818,6861,8827,
139483698589,3601,1537,2882,4782,6724,8722,
139484198589,3701,1507,2938,4897,6612,8814,
139484698589,3524,1353,2711,4826,6899,8768,
139486198589,3598,1597,2881,4902,6748,8867,
139486698589,3954,1593,2815,4977,6874,8790,
139487198589,4493,12499,3099,4936,6979,8858,
139488198589,3548,1324,2850,4775,6784,8745,
139488698589,4151,12003,3086,4885,6932,8793,
139489198589,3575,1473,2969,4992,6869,8814,
139489698589,79989,1631,3247,4909,6788,8899,
139490698589,3737,1617,2969,4885,7217,9313,
139491198589,86394,1592,3077,4999,7084,9025,
139491698589,3882,12530,2887,4744,6749,8766,
139492198589,3774,1399,3039,4975,6759,8911,
139492698589,3947,12035,2799,5011,7043,8902,
139493198589,3646,1539,3182,4908,7255,8738,
139494698589,130616,11894,2761,4894,7691,8840,
139495198589,39647,11888,2854,4737,6922,8945,
139497198589,3539,1402,2947,4747,6692,8820,
139497698589,3601,1555,3073,4749,6682,9001,
139499198589,6275,2116,2940,4746,6808,8775,
139500198589,5186,11718,2783,4712,6748,8734,
139502698589,3577,1377,2985,4937,6755,8731,
139503198589,5007,2784,2969,4794,6683,8793,
139504198589,8616,1873,2899,4801,7672,8772,
139505698589,3581,1405,3106,4747,6702,8824,
139506698589,4465,1862,2988,5029,6892,8667,
139508698589,3633,1622,3014,4822,7277,8815,
139509198589,5143,1771,2874,5294,6715,8996,
139509698589,20993,19617,19446,19321,19106,19215,
139510198589,27802,1384,2955,5342,6765,8776,
139510698589,3615,1652,2871,4729,6819,8939,
139511698589,4887,1519,2948,4771,6691,8816,
139512698589,5164,12001,2940,4749,6773,8709,
139513198589,90009,85030,84934,84737,87174,87077,
139514198589,3775,1702,3173,4959,7013,8863,
139515198589,74583,1449,2853,4876,6894,8726,
139516198589,3788,11697,2917,4762,6686,8893,
139516698589,12745,10015,10160,10363,10763,10901,
139518698589,3674,11974,2984,4820,6876,9066,
139519198589,4055,12266,2869,6030,6713,8824,
139519698589,4991,1530,2709,4859,6882,8704,
139520198589,9480,1682,3047,4920,7006,9101,
139521698589,5728,12112,2684,4940,7520,8735,
139522198589,3630,1648,3046,4875,6712,8765,
139524198589,3573,1475,2857,4825,6795,8789,
139524698589,4023,1637,2823,4850,6962,8748,
139526698589,3740,1640,2962,4775,7935,8860,
139527698589,9232,7119,7269,7546,6979,8850,
139528198589,3970,1646,3740,4985,6868,8903,
139528698589,4402,11741,3001,4833,6762,8704,
139529198589,3999,1634,3028,5517,7053,8842,
139529698589,3781,1461,3069,4904,6749,8815,
139531198589,3577,1332,2955,4787,6787,8872,
139532698589,5636,11944,2904,5063,6988,8817,
139533198589,3141,11942,2950,4848,6758,8892,
139534198589,5157,1562,2770,4958,6720,8807,
139535198589,75602,12036,2896,4871,6751,8721,
139535698589,3796,11948,2913,4750,6994,8788,
139537698589,4605,1332,2863,4837,6777,8792,
139538198589,4958,12548,3044,5833,7168,9040,
139538698589,5774,12793,2869,5033,6966,8767,
139539198589,4658,1628,2756,4857,6737,8908,
139540198589,3557,12007,3102,5023,7545,8853,
139541698589,3978,1479,2803,4768,6764,8703,
139542698589,4018,1826,2922,4834,7039,8972,
139543198589,3729,11528,2848,4718,6734,8701,
139543698589,4877,1720,3029,4796,6747,8942,
139544198589,5120,1639,3036,4875,6737,8806,
139544698589,31845,38080,38273,38675,38551,38882,
139546198589,3821,1562,3011,4780,6761,8708,
139547198589,3793,11992,3058,5163,6847,8744,
139547698589,4495,12595,2793,4984,6967,8866,
139548698589,4948,1618,2815,4770,6828,8780,
139549198589,3791,1854,2993,4748,6819,8816,
139549698589,3645,1529,2918,4786,6975,8810,
139551198589,3534,1372,2885,4791,6762,8872,
139551698589,4398,1698,2921,4846,6925,8857,
139552698589,4641,1638,2813,4818,6788,8817,
139554198589,6925,11737,3089,4802,7176,8695,
139555198589,5022,1897,2704,4839,6800,8878,
139555698589,3560,1467,2972,4978,6948,8867,
139556198589,34856,1687,3708,5202,7108,8918,
139557698589,5032,11608,2779,4677,6774,8686,
139558198589,3636,1633,2974,4917,7024,8996,
139559698589,5090,1532,2882,4843,6814,8833,
139560698589,3614,1454,2945,4927,6787,8767,
139561198589,5040,1365,2930,4858,6789,9376,
139562198589,4143,2148,2975,4817,6758,8776,
139563198589,5229,1622,2968,4995,6998,8764,
139563698589,3579,1398,2910,4690,6693,8728,
139564198589,113352,1975,3032,5087,6856,8831,
139566198589,96288,1690,2996,4903,6798,8797,
139567198589,3625,1444,2927,4835,6784,8770,
139567698589,3667,1564,3039,4914,6936,8864,
139568198589,3531,1596,2925,4742,6732,8757,
139568698589,5948,1626,2925,4774,6683,8787,
139569698589,3583,1533,2886,4669,6713,8917,
139570198589,5033,1185,2855,4920,6878,8985,
139570698589,5014,1614,2928,4836,6671,8775,
139571198589,3876,1507,2994,5939,6970,9559,
139571698589,3518,1536,2826,4733,6714,8703,
139572198589,3238,1686,2948,5466,6791,8730,
139572698589,3936,1789,3132,5061,7121,8895,
139573198589,3509,1380,2911,4727,6796,8719,
139573698589,3589,1553,3104,4949,6929,8965,
139574198589,3542,1503,2795,4769,6770,8925,
139574698589,5073,1525,2895,4899,6816,8871,
139576198589,3724,1673,2912,4724,6688,8816,
139577698589,3578,1663,2805,4791,6905,9012,
139578198589,5325,1188,2732,4934,6714,8714,
139578698589,4165,12007,2784,4809,6881,8767,
139579198589,3557,1275,2902,4763,6695,8760,
139579698589,9641,11753,2912,4772,6730,8735,
139580698589,3582,1463,2775,4712,6910,8752,
139581198589,4868,1389,2723,4751,6808,8776,
139584698589,3976,11806,2935,4841,6777,9073,
139585198589,3721,1650,2864,4926,7093,8837,
139585698589,4048,12057,2820,4810,6772,8873,
139586198589,10634,11704,2941,4884,6960,8775,
139587198589,3667,1532,2893,4995,6871,8903,
139587698589,7762,1340,2766,4787,6871,8689,
139588198589,5516,12555,3334,4902,7019,8782,
139589698589,3722,11695,2897,4730,8068,8825,
139592698589,3703,11649,2770,4861,6860,8820,
139594698589,4011,11947,2874,4972,7187,8905,
139596698589,3276,12206,2932,4828,6807,8819,
139597198589,5044,1542,2868,4733,6759,8779,
139597698589,5574,1631,3216,5654,6649,8904,
139598698589,3976,11924,2771,4700,6939,8888,
139599198589,3663,12026,3302,4831,6827,8785,
139600698589,3630,1597,2999,5005,6894,8809,
139602198589,4011,11916,2782,4782,6866,8876,
139602698589,3970,1732,2784,4946,7748,8689,
139603698589,5206,1758,2964,4859,6875,8897,
139604698589,4038,1645,2873,4990,6871,8777,
139605198589,4107,1667,3091,4920,6771,8892,
139606198589,4678,12331,3082,5039,6893,8996,
139608198589,91643,1589,2911,5229,7135,8728,
139608698589,4078,1914,2939,5006,6858,8802,
139609198589,4618,12592,2968,4950,6690,8721,
139609698589,3945,11955,2742,4846,6696,8790,
139611198589,5151,1791,2879,4786,6752,8786,
139612698589,12910,4028,4715,5150,7494,9095,
139613198589,4461,12847,2965,5117,6908,8818,
139614198589,4004,1729,2889,5110,6710,8722,
139615198589,74296,1807,3027,4773,6761,8705,
139615698589,4492,1767,2883,4892,6753,8809,
139616198589,5171,12113,2918,4955,7045,8878,
139617198589,5644,12820,2917,4885,7019,8769,
139617698589,4491,1848,3038,4784,6722,8800,
139618198589,3273,11979,3005,4886,6792,8907,
139618698589,124767,1655,3157,4831,6955,8885,
139619198589,4159,11980,2928,5251,6814,8719,
139619698589,3372,11697,3047,4718,6757,8788,
139620698589,3581,1672,2948,4820,6951,9005,
139621198589,4456,1947,3116,5140,6938,8932,
139621698589,4122,12660,2926,5043,6810,8729,
139622198589,58551,1617,2754,4814,6734,8730,
139624198589,5366,11778,3039,5020,6970,8877,
139625198589,75817,1733,3025,4773,6984,8730,
139626198589,3704,1688,2997,4769,6788,8889,
139628198589,3601,11704,3002,4791,6796,8762,
139630698589,4570,2029,3031,4892,7278,8848,
139631698589,5039,2166,3195,4839,6917,8892,
139632198589,3970,1162,2816,4970,6794,8832,
139632698589,10330,1307,2792,5020,6914,8719,
139633698589,4304,13005,2809,5037,6853,9086,
139634698589,3619,1842,2911,4788,7060,8815,
139635198589,3677,1689,2869,7304,7659,8707,
139635698589,7206,1789,3035,4877,7016,8724,
139636198589,3540,1794,3183,4765,6670,8725,
139636698589,3562,1731,2995,4807,6763,8873,
139637698589,4038,1977,2923,4824,7111,9088,
139638198589,5447,1536,3076,5203,6802,8844,
139639698589,3717,12060,2917,4981,7023,8856,
139640698589,4037,11945,2899,4876,6872,9231,
139645198589,4968,1372,2893,4784,6881,8886,
139645698589,3572,1325,2826,4834,6802,8714,
139646698589,5095,11713,3194,4811,6715,8708,
139647198589,6380,12179,3125,4881,7128,8770,
139647698589,5488,1654,2984,5260,6814,8814,
139648698589,4546,11635,2927,4954,6982,8744,
139650198589,4968,1377,3186,4758,6756,8755,
139650698589,3810,1676,3264,5049,6864,8828,
139651698589,76746,1487,3125,4842,6922,8933,
139652198589,3764,11573,3248,4693,6706,8782,
139652698589,3552,1384,3108,4823,6913,8900,
139653198589,3928,1801,3099,5021,7291,8934,
139653698589,3728,1664,3207,4814,6742,8897,
139654698589,3597,1516,3064,4822,6926,8739,
139655198589,4603,1769,3225,5145,7243,8742,
139655698589,12686,1568,3105,4785,6767,8844,
139656198589,3848,11708,3020,5036,6867,8878,
139656698589,4699,1559,3016,4845,7020,8767,
139657198589,3466,1175,2969,5105,6925,8847,
139660198589,13580,1301,3101,4769,6802,8828,
139661198589,5048,12470,3755,4868,7180,8883,
139661698589,3998,1848,3138,4799,6791,8804,
139662198589,3377,1311,2963,5109,7122,8915,
139663698589,4059,1694,3037,4809,6758,8776,
139664198589,3706,1554,3153,4829,6944,8834,
139666698589,3771,1835,3163,4962,6815,8727,
139668698589,3648,1538,3034,4847,6796,8767,
139669698589,6370,11834,3089,4868,6892,8695,
139670198589,5005,1510,2864,4823,6758,8721,
139670698589,3745,1664,3359,4892,6791,8693,
139671698589,3735,1610,2801,4910,6870,8759,
139672198589,3237,12088,2873,4773,6753,9249,
139673698589,3780,1650,2983,4876,6799,8964,
139675198589,77155,83099,83687,83257,83350,72865,
139676198589,5665,11814,3018,4945,6739,8714,
139677198589,3878,14457,2973,4806,6743,8885,
139678698589,4358,12005,3041,4944,6773,9161,
139680698589,3716,1376,2915,4830,6758,8735,
139681698589,4538,1887,2874,4820,6666,8757,
139682698589,4225,12214,2929,5070,6959,8896,
139683198589,3753,1613,3010,4813,7067,8877,
139688698589,4140,11836,2799,4879,7332,8703,
139689698589,3569,11632,2755,4871,6871,8788,
139690198589,4461,11728,2904,4879,6943,9005,
139690698589,5819,11812,2945,4867,6880,8868,
139691698589,3225,11696,3021,4786,6920,8853,
139692198589,4947,1593,2796,4764,6767,8823,
139692698589,5098,1602,3601,4996,7040,8999,
139693198589,3572,1448,2954,4908,6896,9672,
139695198589,76361,1247,2797,4858,6814,8949,
139696698589,5353,1955,2911,4911,6807,9379,
139697198589,5710,11719,2767,5063,6895,8755,
139699198589,5598,1857,2980,5148,7022,8807,
139700698589,8878,11883,2891,4997,6726,8758,
139701198589,4826,1568,3128,5382,6875,8745,
139701698589,4009,1347,2754,4948,6909,8806,
139702198589,4663,1452,2710,4919,6911,8782,
139703198589,3540,1529,2902,4995,6764,8761,
139703698589,3633,1666,3048,5030,7058,8747,
139704698589,10261,1384,2781,4960,6821,8935,
139706198589,4241,2007,2809,4965,10662,11169,

