,W-0,R-0,R-1,R-2,R-3,R-4,
113033712228,1,2,1,1,1,1,
113034212228,1,1,2,1,1,1,
113035212228,1,2,1,2,2,2,
113036212228,1,2,1,1,1,1,
113037212228,1,2,1,1,1,1,
113040712228,1,1,1,1,1,1,
113041212228,1,2,1,1,1,1,
113042212228,1,1,1,1,1,1,
113046212228,1,1,1,1,2,1,
113048712228,1,2,2,1,1,1,
113049712228,1,2,2,1,1,1,
113051212228,1,2,2,1,1,1,
113051712228,1,2,1,1,1,1,
113052212228,1,2,2,1,1,1,
113055212228,1,2,1,1,1,1,
113055712228,1,1,1,1,1,1,
113056212228,1,2,1,1,1,1,
113056712228,1,2,1,1,1,1,
113057712228,1,1,1,1,1,1,
113060712228,1,1,1,1,1,1,
113062712228,1,2,1,1,1,1,
113063212228,1,2,1,1,1,1,
113063712228,1,2,1,1,1,1,
113065212228,1,1,1,1,1,2,
113065712228,1,2,1,1,1,1,
113068212228,1,2,2,1,1,2,
113069212228,1,2,1,1,1,1,
113069712228,1,1,2,2,1,2,
113071712228,1,2,1,1,1,1,
113072712228,1,2,2,2,2,1,
113073212228,1,2,1,1,1,1,
113074212228,1,2,1,1,1,1,
113075212228,1,2,1,1,1,1,
113075712228,1,1,1,1,1,1,
113077212228,1,2,2,1,1,1,
113078712228,1,1,2,1,2,2,
113079212228,1,2,2,1,1,1,
113081712228,1,2,2,1,1,1,
113082212228,1,2,1,1,1,1,
113082712228,1,2,1,1,1,1,
113083712228,1,2,1,1,1,1,
113084212228,1,2,1,2,1,1,
113084712228,1,2,2,2,1,2,
113086212228,1,2,2,1,2,1,
113086712228,1,1,2,1,1,1,
113087712228,1,2,1,1,1,1,
113088212228,1,2,1,1,1,1,
113089212228,1,2,1,1,1,1,
113089712228,1,2,1,1,1,1,
113090212228,1,1,1,1,1,1,
113090712228,1,1,1,1,1,1,
113092212228,1,1,2,1,1,1,
113094212228,1,2,1,1,1,1,
113095212228,1,2,2,2,2,2,
113095712228,1,2,1,1,1,1,
113096212228,1,2,1,1,1,1,
113096712228,1,1,1,1,1,1,
113098212228,1,2,2,1,1,1,
113100712228,1,1,2,1,1,1,
113101212228,1,2,2,2,2,2,
113101712228,1,2,1,1,1,1,
113102712228,1,2,1,1,1,1,
113103712228,1,2,1,1,1,1,
113104212228,1,1,2,1,1,1,
113104712228,1,1,2,2,1,2,
113105212228,1,2,1,1,1,1,
113106212228,1,2,1,1,1,1,
113107712228,1,2,2,1,1,1,
113108212228,1,1,1,1,1,1,
113108712228,1,1,1,1,1,1,
113109212228,1,2,1,1,1,1,
113110712228,1,2,2,1,1,1,
113111712228,1,2,2,1,1,1,
113112212228,1,2,2,1,1,1,
113112712228,1,1,1,1,2,2,
113113212228,1,2,2,2,2,1,
113114212228,1,2,1,1,1,1,
113114712228,1,2,1,1,1,1,
113118712228,1,1,2,2,1,1,
113119212228,1,2,1,1,1,1,
113121212228,1,2,1,1,1,1,
113121712228,1,1,1,1,1,1,
113122212228,1,2,2,2,2,2,
113122712228,1,2,1,1,1,1,
113124212228,1,2,2,1,1,1,
113125212228,1,1,1,1,1,1,
113127712228,1,2,1,1,1,1,
113128212228,1,2,1,2,1,1,
113128712228,1,1,1,2,1,1,
113129212228,1,2,1,1,2,2,
113130212228,1,2,2,1,1,1,
113130712228,1,1,2,1,1,1,
113131212228,1,2,2,1,1,2,
113134712228,1,2,1,1,1,1,
113135212228,1,2,1,1,1,1,
113136212228,1,2,1,1,1,1,
113138712228,1,1,2,1,1,1,
113139212228,1,1,1,1,1,2,
113140712228,1,2,1,1,1,1,
113141712228,1,2,1,1,1,1,
113142212228,1,2,1,1,1,1,
113142712228,1,2,1,1,1,1,
113143712228,1,2,1,1,1,1,
113144712228,1,2,1,1,1,1,
113145712228,1,2,1,1,1,1,
113147212228,1,2,1,2,2,1,
113147712228,1,1,2,1,1,1,
113148712228,1,2,1,1,1,1,
113149212228,1,2,1,1,1,1,
113149712228,1,2,2,1,1,1,
113150212228,1,2,1,1,1,1,
113151212228,1,2,1,1,1,1,
113152212228,1,1,2,1,1,1,
113152712228,1,2,1,1,1,1,
113153212228,1,1,1,1,1,1,
113153712228,1,1,2,1,1,1,
113156212228,1,1,1,1,1,1,
113156712228,1,1,2,1,1,1,
113158712228,1,2,1,1,1,1,
113159212228,1,2,1,1,1,1,
113159712228,1,2,1,1,1,1,
113160712228,1,2,1,1,1,1,
113161212228,1,2,2,1,1,1,
113165212228,1,2,1,1,1,1,
113165712228,1,2,2,1,1,1,
113166712228,1,2,1,1,1,1,
113169212228,1,2,2,1,1,1,
113170212228,1,2,1,2,1,1,
113171212228,1,2,1,1,1,1,
113173212228,1,1,1,1,1,1,
113173712228,1,2,1,1,1,1,
113174212228,1,2,1,1,1,1,
113174712228,1,2,2,1,2,1,
113175712228,1,1,1,1,1,1,
113176212228,1,1,1,1,1,1,
113176712228,1,1,1,1,1,1,
113177712228,1,1,1,1,1,1,
113178212228,1,1,1,1,1,1,
113179212228,1,1,2,1,1,1,
113179712228,1,2,1,2,1,1,
113180212228,1,1,2,1,1,1,
113181712228,1,2,1,1,1,1,
113182712228,1,2,2,2,1,2,
113184712228,1,2,1,1,1,1,
113185212228,1,1,1,1,1,1,
113185712228,1,1,1,1,1,1,
113186212228,1,2,1,1,1,1,
113187212228,1,2,1,1,1,1,
113188212228,1,2,2,1,2,2,
113188712228,1,1,1,1,1,1,
113189712228,1,2,1,1,1,1,
113190212228,1,2,1,1,1,1,
113190712228,1,2,1,1,1,1,
113191212228,1,2,1,1,1,1,
113192212228,1,2,1,1,1,1,
113192712228,1,2,1,1,1,1,
113193712228,1,1,2,1,1,1,
113194212228,1,1,1,1,1,1,
113195212228,1,2,1,1,1,1,
113195712228,1,2,2,2,1,1,
113196712228,1,2,1,1,2,1,
113197212228,1,2,1,1,1,1,
113200212228,1,2,1,1,1,1,
113202212228,1,2,1,1,1,1,
113203212228,1,2,2,1,1,1,
113203712228,1,2,1,2,1,1,
113204212228,1,2,1,1,1,1,
113205212228,1,2,1,1,1,1,
113206212228,1,2,1,1,1,1,
113206712228,1,2,2,2,1,2,
113207212228,1,2,1,2,2,2,
113207712228,1,2,1,1,1,1,
113208212228,1,2,2,1,2,1,
113209712228,1,2,2,1,1,1,
113210712228,1,2,2,1,2,2,
113211212228,1,2,2,1,1,1,
113213712228,1,1,1,1,1,1,
113214712228,1,2,1,1,1,1,
113216212228,1,2,1,1,1,1,
113217212228,1,2,1,1,1,1,
113217712228,1,1,2,1,1,1,
113219212228,1,2,1,1,1,1,
113221712228,1,2,1,1,1,1,
113222212228,1,2,1,1,1,1,
113222712228,1,2,1,1,1,1,
113224212228,1,2,1,1,1,1,
113224712228,1,2,1,2,1,1,
113226712228,1,2,1,2,1,1,
113227212228,1,2,1,1,1,1,
113227712228,1,1,1,1,1,1,
113228712228,1,1,1,1,1,1,
113229712228,1,2,2,1,2,2,
113230212228,1,2,1,1,1,1,
113230712228,1,2,1,1,1,1,
113231212228,1,2,2,1,1,1,
113231712228,1,1,2,2,2,2,
113232212228,1,2,1,2,1,1,
113232712228,1,2,1,1,1,1,
113234212228,1,2,1,1,1,1,
113235712228,1,1,1,1,1,1,
113237712228,1,2,2,2,1,1,
113239212228,1,2,1,1,1,1,
113239712228,1,2,1,1,1,1,
113241212228,1,2,1,2,1,2,
113241712228,1,2,1,1,1,1,
113243712228,1,2,2,1,1,1,
113244712228,1,2,1,1,1,1,
113245712228,1,2,1,2,2,2,
113246212228,1,2,1,1,1,1,
113247212228,1,2,1,1,1,1,
113248212228,1,2,1,1,1,1,
113248712228,1,2,1,1,1,1,
113249212228,1,2,1,1,1,1,
113251712228,1,1,2,2,1,1,
113255212228,1,2,1,1,1,1,
113255712228,1,2,2,1,1,1,
113256212228,1,2,1,1,1,1,
113257212228,1,2,1,1,1,1,
113258212228,1,2,1,2,1,1,
113258712228,1,2,1,1,1,1,
113259712228,1,1,1,1,1,1,
113260212228,1,1,2,1,1,1,
113260712228,1,2,1,1,1,1,
113261212228,1,1,2,1,1,1,
113263212228,1,1,1,1,1,1,
113263712228,1,2,1,2,1,1,
113265212228,1,2,1,1,1,1,
113266212228,1,2,1,1,1,1,
113271712228,1,2,1,1,1,1,
113273712228,1,2,1,1,1,1,
113275212228,1,1,2,1,1,1,
113277712228,1,2,1,1,1,1,
113280212228,1,2,2,2,2,1,
113280712228,1,2,1,1,2,1,
113281212228,1,2,1,1,1,1,
113281712228,1,2,1,1,1,1,
113283212228,1,2,2,2,1,1,
113283712228,1,2,1,1,1,1,
113284212228,1,2,2,1,1,1,
113285212228,1,2,1,1,1,1,
113285712228,1,1,1,1,1,1,
113286212228,1,2,1,1,1,1,
113286712228,1,1,1,1,1,2,
113287712228,1,2,1,1,1,2,
113288212228,1,2,1,1,1,1,
113288712228,1,2,1,1,1,1,
113289212228,1,2,1,1,1,1,
113289712228,1,1,1,1,1,1,
113290212228,1,1,1,1,1,1,
113291712228,1,2,2,1,1,1,
113292212228,1,1,1,1,1,1,
113294212228,1,2,2,2,1,1,
113294712228,1,1,1,1,1,1,
113296212228,1,1,1,1,1,1,
113297212228,1,2,1,1,1,1,
113299712228,1,2,1,1,1,1,
113300212228,1,2,1,1,1,1,
113301212228,1,2,1,1,1,1,
113302712228,1,1,2,1,1,1,
113303712228,1,2,1,1,1,1,
113305712228,1,2,1,1,1,1,
113306212228,1,1,1,1,1,2,
113306712228,1,2,2,1,1,1,
113307212228,1,2,1,1,1,1,
113307712228,1,2,1,1,1,1,
113308712228,1,2,1,1,1,1,
113309712228,1,2,1,1,1,1,
113310212228,1,2,2,1,1,1,
113311212228,1,2,2,1,2,1,
113312212228,1,2,1,1,1,1,
113313212228,1,1,2,1,1,1,
113313712228,1,2,1,1,1,1,
113315712228,1,2,1,1,1,1,
113316212228,1,1,1,1,1,1,
113316712228,1,2,1,2,1,2,
113317212228,1,2,1,1,1,1,
113318712228,1,1,1,1,1,1,
113319212228,1,2,2,1,1,1,
113321212228,1,1,1,1,1,1,
113321712228,1,2,1,1,1,1,
113323712228,1,1,1,1,1,1,
113324712228,1,2,1,1,1,1,
113325212228,1,2,1,1,1,1,
113325712228,1,2,2,1,2,1,
113326212228,1,2,1,1,1,1,
113326712228,1,2,1,1,2,1,
113328212228,1,2,1,1,1,1,
113329712228,1,1,1,1,1,1,
113330212228,1,2,1,1,1,1,
113331212228,1,1,1,1,1,1,
113332212228,1,2,2,1,1,1,
113332712228,1,2,1,1,1,1,
113334712228,1,2,2,2,1,1,
113335212228,1,2,1,1,1,1,
113335712228,1,2,1,1,1,1,
113336212228,1,1,1,1,1,1,
113337212228,1,2,1,1,1,2,
113338712228,1,2,2,1,2,2,
113339712228,1,2,1,1,1,1,
113340212228,1,2,1,1,1,1,
113340712228,1,2,1,1,1,1,
113341212228,1,2,1,1,1,1,
113341712228,1,2,1,1,1,1,
113343212228,1,2,2,2,1,2,
113344212228,1,2,2,1,1,1,
113344712228,1,1,1,1,1,1,
113345712228,1,2,1,1,1,1,
113346212228,1,2,2,1,1,1,
113346712228,1,2,1,1,1,1,
113348212228,1,1,2,2,1,1,
113348712228,1,2,1,1,1,1,
113349712228,1,2,1,1,1,1,
113351212228,1,2,2,1,1,1,
113352212228,1,2,1,1,1,1,
113352712228,1,2,2,1,1,1,
113353212228,1,2,2,2,1,1,
113354712228,1,1,1,2,1,1,
113355212228,1,2,1,1,1,1,
113356712228,1,2,1,1,1,1,
113357712228,1,1,1,1,1,1,
113358212228,1,2,2,1,1,1,
113359212228,1,2,1,2,1,1,
113360212228,1,2,1,1,1,1,
113360712228,1,2,1,1,1,1,
113361212228,1,2,1,1,1,1,
113363212228,1,2,1,1,1,1,
113364212228,1,1,2,1,1,1,
113364712228,1,2,2,2,1,1,
113365212228,1,2,2,2,2,2,
113365712228,1,2,2,2,2,2,
113366712228,1,2,1,1,1,1,
113367212228,1,2,2,1,1,1,
113367712228,1,1,2,2,1,1,
113368212228,1,2,1,1,1,1,
113368712228,1,2,1,1,1,1,
113369212228,1,2,1,1,1,1,
113369712228,1,2,1,1,1,1,
113370212228,1,2,1,1,1,1,
113370712228,1,2,1,1,1,1,
113371212228,1,2,1,1,1,1,
113371712228,1,2,2,1,1,1,
113373212228,1,2,2,1,1,1,
113374712228,1,2,1,1,1,1,
113375212228,1,2,1,1,1,1,
113375712228,1,2,1,1,1,1,
113376212228,1,1,1,2,2,1,
113376712228,1,2,2,2,2,2,
113377712228,1,2,1,1,1,1,
113378212228,1,2,1,1,1,1,
113381712228,1,2,2,1,1,1,
113382212228,1,2,1,1,1,1,
113382712228,1,2,2,1,1,1,
113383212228,1,2,1,1,2,2,
113384212228,1,2,2,1,1,1,
113384712228,1,2,1,1,1,1,
113385212228,1,2,1,1,1,1,
113386712228,1,2,1,1,1,1,
113389712228,1,2,1,1,1,1,
113391712228,1,1,2,1,1,1,
113393712228,1,1,1,1,1,1,
113394212228,1,2,2,1,1,1,
113394712228,1,2,2,1,1,1,
113395712228,1,2,1,1,1,1,
113396212228,1,2,1,1,1,1,
113397712228,1,1,1,1,1,1,
113399212228,1,2,1,1,1,1,
113399712228,1,2,2,1,1,1,
113400712228,1,2,1,1,1,1,
113401712228,1,2,1,1,1,1,
113402212228,1,2,1,1,1,1,
113403212228,1,2,1,2,2,1,
113405212228,1,2,1,1,1,1,
113405712228,1,1,2,1,1,1,
113406212228,1,2,1,1,1,1,
113406712228,1,2,2,2,1,1,
113408212228,1,2,1,1,1,1,
113409712228,1,2,2,2,1,1,
113410212228,1,2,2,1,1,1,
113411212228,1,2,1,1,1,1,
113412212228,1,1,2,1,1,1,
113412712228,1,2,1,1,1,1,
113413212228,1,2,2,1,1,1,
113414212228,1,2,2,2,1,1,
113414712228,1,2,2,2,2,1,
113415212228,1,2,1,1,1,1,
113415712228,1,2,2,1,1,1,
113416212228,1,2,1,1,1,1,
113416712228,1,2,1,1,1,1,
113417712228,1,2,1,1,1,1,
113418212228,1,1,1,1,1,1,
113418712228,1,2,1,1,1,1,
113419212228,1,2,2,1,1,1,
113421212228,1,2,1,2,2,1,
113422212228,1,2,1,1,1,1,
113423212228,1,2,1,1,1,1,
113425212228,1,1,1,1,1,1,
113427712228,1,2,1,1,1,1,
113428712228,1,2,1,1,1,1,
113429212228,1,1,1,2,1,1,
113429712228,1,2,1,1,1,1,
113430712228,1,2,1,1,1,1,
113431712228,1,2,2,1,2,2,
113432212228,1,1,1,1,1,1,
113432712228,1,2,1,1,1,1,
113433212228,1,2,1,1,1,1,
113433712228,1,2,1,1,1,1,
113434712228,1,2,2,1,1,2,
113435212228,1,1,1,1,1,1,
113436712228,1,2,2,2,1,2,
113437712228,1,2,1,1,1,1,
113442212228,1,2,1,1,1,1,
113442712228,1,2,1,1,1,1,
113443712228,1,2,1,1,1,1,
113444212228,1,2,2,1,1,1,
113444712228,1,2,1,1,1,1,
113445712228,1,1,1,2,1,2,
113447212228,1,2,1,1,1,1,
113447712228,1,2,1,2,1,1,
113448712228,1,2,1,2,1,2,
113449212228,1,1,1,1,1,1,
113449712228,1,2,1,1,1,1,
113450212228,1,2,2,1,1,1,
113450712228,1,2,1,1,1,1,
113451712228,1,1,1,1,2,1,
113452212228,1,2,1,1,1,1,
113452712228,1,2,1,1,1,1,
113453212228,1,1,1,1,1,1,
113453712228,1,2,2,1,1,1,
113454212228,1,1,1,1,1,1,
113457212228,1,1,1,1,1,1,
113458212228,1,2,2,1,1,1,
113458712228,1,2,1,1,1,1,
113459212228,1,2,2,1,1,1,
113460712228,1,2,2,1,2,1,
113461212228,1,2,1,1,1,1,
113463712228,1,1,1,1,1,1,
113465712228,1,1,1,1,1,1,
113466712228,1,1,1,1,1,1,
113467212228,1,1,2,1,1,1,
113467712228,1,1,2,1,1,1,
113468712228,1,2,1,1,1,1,
113469212228,1,1,1,1,1,1,
113470712228,1,1,1,1,1,1,
113472212228,1,2,2,2,1,1,
113473212228,1,2,2,1,1,1,
113474212228,1,2,1,1,1,1,
113475712228,1,2,1,1,2,1,
113477712228,1,2,1,1,1,1,
113478712228,1,2,1,1,1,2,
113479712228,1,1,1,1,1,1,
113480212228,1,2,1,1,1,1,
113485712228,1,2,1,1,1,1,
113486712228,1,1,1,1,1,1,
113487212228,1,2,1,1,1,1,
113487712228,1,2,1,1,1,1,
113488712228,1,2,1,1,1,1,
113489212228,1,2,1,1,1,1,
113489712228,1,2,2,1,1,1,
113490212228,1,2,1,2,1,1,
113492212228,1,1,1,1,1,1,
113493712228,1,2,1,1,1,1,
113494212228,1,1,1,1,1,1,
113496212228,1,2,1,1,1,1,
113497712228,1,2,2,1,1,1,
113498212228,1,2,1,1,1,1,
113498712228,1,2,2,1,1,1,
113499212228,1,1,1,1,1,1,
113500212228,1,2,2,1,1,1,
113500712228,1,2,1,1,1,1,
113501712228,1,1,2,1,1,1,
113503212228,1,2,1,1,1,1,

