,W-0,R-0,R-1,R-2,R-3,R-4,
121365267910,1,2,1,1,1,1,
121365767910,1,2,1,1,1,1,
121366767910,1,1,1,1,1,1,
121367767910,1,2,1,1,1,1,
121368767910,1,2,1,1,1,1,
121372267910,1,1,1,1,1,1,
121372767910,1,1,1,1,1,1,
121373767910,1,1,1,1,1,1,
121377767910,1,2,1,1,1,1,
121380267910,1,2,1,1,1,1,
121381267910,1,2,1,1,1,1,
121382767910,1,2,1,1,1,1,
121383267910,1,1,1,1,1,1,
121383767910,1,1,1,1,1,1,
121386767910,1,1,1,1,1,1,
121387267910,1,1,1,1,1,1,
121387767910,1,2,1,1,1,1,
121388267910,1,1,1,1,1,1,
121389267910,1,1,1,1,1,1,
121392267910,1,1,1,1,1,1,
121394267910,1,2,1,1,1,1,
121394767910,1,2,1,1,1,1,
121395267910,1,2,1,1,1,1,
121396767910,1,1,1,1,1,1,
121397267910,1,1,1,1,1,1,
121399767910,1,2,1,1,1,1,
121400767910,1,2,1,1,1,1,
121401267910,1,1,1,1,1,1,
121403267910,1,2,1,1,1,1,
121404267910,1,2,1,1,1,1,
121404767910,1,1,1,1,1,1,
121405767910,1,1,1,1,1,1,
121406767910,1,1,1,1,1,1,
121407267910,1,2,1,1,1,1,
121408767910,1,1,1,1,1,1,
121410267910,1,2,1,1,1,1,
121410767910,1,1,1,1,1,1,
121413267910,1,2,1,1,1,1,
121413767910,1,2,1,1,1,1,
121414267910,1,1,1,1,1,1,
121415267910,1,1,1,1,1,1,
121415767910,1,2,1,1,1,1,
121416267910,1,1,1,1,1,1,
121417767910,1,1,1,1,1,1,
121418267910,1,2,1,1,1,1,
121419267910,1,1,1,1,1,1,
121419767910,1,2,1,1,1,1,
121420767910,1,1,1,1,1,1,
121421267910,1,1,1,1,1,1,
121421767910,1,1,1,1,1,1,
121422267910,1,1,1,1,1,1,
121423767910,1,1,1,1,1,1,
121425767910,1,1,1,1,1,1,
121426767910,1,1,1,1,1,1,
121427267910,1,2,1,1,1,1,
121427767910,1,1,1,1,1,1,
121428267910,1,1,1,1,1,1,
121429767910,1,1,1,1,1,1,
121432267910,1,2,1,1,1,1,
121432767910,1,2,1,1,1,1,
121433267910,1,1,1,1,1,1,
121434267910,1,2,1,1,1,1,
121435267910,1,2,1,1,1,1,
121435767910,1,1,1,1,1,1,
121436267910,1,2,1,1,1,1,
121436767910,1,2,1,1,1,1,
121437767910,1,2,1,1,1,1,
121439267910,1,1,1,1,1,1,
121439767910,1,1,1,1,1,1,
121440267910,1,1,1,1,1,1,
121440767910,1,2,1,1,1,1,
121442267910,1,1,1,1,1,1,
121443267910,1,2,1,1,1,1,
121443767910,1,1,1,1,1,1,
121444267910,1,1,1,1,1,1,
121444767910,1,1,1,1,1,1,
121445767910,1,2,1,1,1,1,
121446267910,1,1,1,1,1,1,
121450267910,1,2,1,1,1,1,
121450767910,1,1,1,1,1,1,
121452767910,1,2,1,1,1,1,
121453267910,1,1,1,1,1,1,
121453767910,1,1,1,1,1,1,
121454267910,1,2,1,1,1,1,
121455767910,1,1,1,1,1,1,
121456767910,1,1,1,1,1,1,
121459267910,1,1,1,1,1,1,
121459767910,1,2,1,1,1,1,
121460267910,1,2,1,1,1,1,
121460767910,1,2,1,1,1,1,
121461767910,1,2,1,1,1,1,
121462267910,1,1,1,1,1,1,
121462767910,1,1,1,1,1,1,
121466267910,1,1,1,1,1,1,
121466767910,1,1,1,1,1,1,
121467767910,1,1,1,1,1,1,
121470267910,1,1,1,1,1,1,
121470767910,1,2,2,1,1,1,
121472267910,1,1,1,1,1,1,
121473267910,1,1,1,1,1,1,
121473767910,1,2,1,1,1,1,
121474267910,1,1,1,1,1,1,
121475267910,1,2,1,1,1,1,
121476267910,1,2,1,1,1,1,
121477267910,1,2,1,1,1,1,
121478767910,1,1,1,1,1,1,
121479267910,1,1,1,1,1,1,
121480267910,1,2,1,1,1,1,
121480767910,1,1,1,1,1,1,
121481267910,1,2,1,1,1,1,
121481767910,1,1,1,1,1,1,
121482767910,1,2,1,1,1,1,
121483767910,1,1,1,1,1,1,
121484267910,1,2,1,1,1,1,
121484767910,1,2,1,1,1,1,
121485267910,1,2,1,1,1,1,
121487767910,1,1,1,1,1,1,
121488267910,1,2,1,1,1,1,
121490267910,1,2,1,1,1,1,
121490767910,1,1,1,1,1,1,
121491267910,1,2,1,1,1,1,
121492267910,1,1,1,1,1,1,
121492767910,1,1,1,1,1,1,
121496767910,1,2,1,1,1,1,
121497267910,1,1,1,1,1,1,
121498267910,1,1,1,1,1,1,
121500767910,1,1,1,1,1,1,
121501767910,1,1,1,1,1,1,
121502767910,1,2,1,1,1,1,
121504767910,1,1,1,1,1,1,
121505267910,1,1,1,1,1,1,
121505767910,1,2,1,1,1,1,
121506267910,1,1,1,1,1,1,
121507267910,1,1,1,1,1,1,
121507767910,1,1,1,1,1,1,
121508267910,1,1,1,1,1,1,
121509267910,1,2,1,1,1,1,
121509767910,1,1,1,1,1,1,
121510767910,1,1,1,1,1,1,
121511267910,1,2,1,1,1,1,
121511767910,1,1,1,1,1,1,
121513267910,1,1,1,1,1,1,
121514267910,1,1,1,1,1,1,
121516267910,1,1,1,1,1,1,
121516767910,1,1,1,1,1,1,
121517267910,1,1,1,1,1,1,
121517767910,1,1,1,1,1,1,
121518767910,1,2,1,1,1,1,
121519767910,1,1,1,1,1,1,
121520267910,1,1,1,1,1,1,
121521267910,1,1,1,1,1,1,
121521767910,1,1,1,1,1,1,
121522267910,1,1,1,1,1,1,
121522767910,1,2,1,1,1,1,
121523767910,1,1,1,1,1,1,
121524267910,1,1,1,1,1,1,
121525267910,1,1,1,1,1,1,
121525767910,1,1,1,1,1,1,
121526767910,1,2,1,1,1,1,
121527267910,1,1,1,1,1,1,
121528267910,1,2,1,1,1,1,
121528767910,1,1,1,1,1,1,
121531767910,1,1,1,1,1,1,
121533767910,1,2,1,1,1,1,
121534767910,1,1,1,1,1,1,
121535267910,1,2,1,1,1,1,
121535767910,1,2,1,1,1,1,
121536767910,1,1,1,1,1,1,
121537767910,1,1,1,1,1,1,
121538267910,1,1,1,1,1,1,
121538767910,1,1,1,1,1,1,
121539267910,1,1,1,1,1,1,
121539767910,1,2,1,1,1,1,
121541267910,1,2,1,1,1,1,
121542267910,1,2,1,1,1,1,
121542767910,1,1,1,1,1,1,
121545267910,1,2,1,1,1,1,
121546267910,1,1,1,1,1,1,
121547767910,1,1,1,1,1,1,
121548767910,1,1,1,1,1,1,
121549267910,1,1,1,1,1,1,
121550767910,1,1,1,1,1,1,
121553267910,1,1,1,1,1,1,
121553767910,1,1,1,1,1,1,
121554267910,1,1,1,1,1,1,
121555767910,1,1,1,1,1,1,
121556267910,1,2,1,1,1,1,
121558267910,1,2,1,1,1,1,
121558767910,1,1,1,1,1,1,
121559267910,1,1,1,1,1,1,
121560267910,1,1,1,1,1,1,
121561267910,1,1,1,1,1,1,
121561767910,1,2,1,1,1,1,
121562267910,1,1,1,1,1,1,
121562767910,1,2,1,1,1,1,
121563267910,1,1,1,1,1,1,
121563767910,1,1,1,1,1,1,
121564267910,1,2,1,1,1,1,
121565767910,1,2,1,1,1,1,
121567267910,1,1,1,1,1,1,
121569267910,1,2,1,1,1,1,
121570767910,1,1,1,1,1,1,
121571267910,1,2,1,1,1,1,
121572767910,1,1,1,1,1,1,
121573267910,1,1,1,1,1,1,
121575267910,1,1,1,1,1,1,
121576267910,1,1,1,1,1,1,
121577267910,1,1,1,1,1,1,
121577767910,1,2,1,1,1,1,
121578767910,1,1,1,1,1,1,
121579767910,1,2,1,1,1,1,
121580267910,1,2,1,1,1,1,
121580767910,1,1,1,1,1,1,
121583267910,1,2,1,1,1,1,
121586767910,1,2,1,1,1,1,
121587267910,1,1,1,1,1,1,
121587767910,1,2,1,1,1,1,
121588767910,1,1,1,1,1,1,
121589767910,1,1,1,1,1,1,
121590267910,1,1,1,1,1,1,
121591267910,1,1,1,1,1,1,
121591767910,1,1,1,1,1,1,
121592267910,1,2,1,1,1,1,
121592767910,1,1,1,1,1,1,
121594767910,1,2,1,1,1,1,
121595267910,1,1,1,1,1,1,
121596767910,1,2,1,1,1,1,
121597767910,1,2,1,1,1,1,
121603267910,1,2,1,1,1,1,
121605267910,1,1,1,1,1,1,
121606767910,1,2,1,1,1,1,
121609267910,1,1,1,1,1,1,
121611767910,1,2,1,1,1,1,
121612267910,1,1,1,1,1,1,
121612767910,1,1,1,1,1,1,
121613267910,1,1,1,1,1,1,
121614767910,1,2,1,1,1,1,
121615267910,1,1,1,1,1,1,
121615767910,1,1,1,1,1,1,
121616767910,1,1,1,1,1,1,
121617267910,1,2,1,1,1,1,
121617767910,1,1,1,1,1,1,
121618267910,1,1,1,1,1,1,
121619267910,1,1,1,1,1,1,
121619767910,1,1,1,1,1,1,
121620267910,1,1,1,1,1,1,
121620767910,1,2,1,1,1,1,
121621267910,1,1,1,1,1,1,
121621767910,1,1,1,1,1,1,
121623267910,1,1,1,1,1,1,
121623767910,1,2,1,1,1,1,
121625767910,1,1,1,1,1,1,
121626267910,1,1,1,1,1,1,
121627767910,1,1,1,1,1,1,
121628767910,1,1,1,1,1,1,
121631267910,1,1,1,1,1,1,
121631767910,1,2,1,1,1,1,
121632767910,1,2,1,1,1,1,
121634267910,1,1,1,1,1,1,
121635267910,1,2,1,1,1,1,
121637267910,1,2,1,1,1,1,
121637767910,1,2,1,1,1,1,
121638267910,1,1,1,1,1,1,
121638767910,1,1,1,1,1,1,
121639267910,1,2,1,1,1,1,
121640267910,1,1,1,1,1,1,
121641267910,1,1,1,1,1,1,
121641767910,1,1,1,1,1,1,
121642767910,1,1,1,1,1,1,
121643767910,1,1,1,1,1,1,
121644767910,1,1,1,1,1,1,
121645267910,1,2,1,1,1,1,
121647267910,1,2,1,1,1,1,
121647767910,1,2,1,1,1,1,
121648267910,1,1,1,1,1,1,
121648767910,1,2,1,1,1,1,
121650267910,1,2,1,1,1,1,
121650767910,1,2,1,1,1,1,
121652767910,1,2,2,2,2,2,
121653267910,1,2,2,2,2,2,
121655267910,1,1,1,1,1,1,
121656267910,1,1,1,1,1,1,
121656767910,1,1,1,1,1,1,
121657267910,1,1,1,1,1,1,
121657767910,1,2,1,1,1,1,
121658267910,1,2,1,1,1,1,
121659767910,1,1,1,1,1,1,
121661267910,1,1,1,1,1,1,
121661767910,1,1,1,1,1,1,
121662767910,1,1,1,1,1,1,
121663767910,1,2,1,1,1,1,
121664267910,1,1,1,1,1,1,
121666267910,1,1,1,1,1,1,
121666767910,1,2,1,1,1,1,
121667267910,1,1,1,1,1,1,
121667767910,1,1,1,1,1,1,
121668767910,1,1,1,1,1,1,
121670267910,1,2,1,1,1,1,
121671267910,1,1,1,1,1,1,
121671767910,1,2,1,1,1,1,
121672267910,1,2,1,1,1,1,
121672767910,1,1,1,1,1,1,
121673267910,1,2,1,1,1,1,
121674767910,1,1,1,1,1,1,
121675767910,1,1,1,1,1,1,
121676267910,1,1,1,1,1,1,
121677267910,1,2,1,1,1,1,
121677767910,1,2,1,1,1,1,
121678267910,1,1,1,1,1,1,
121679767910,1,1,1,1,1,1,
121680267910,1,1,1,1,1,1,
121681267910,1,1,1,1,1,1,
121682767910,1,2,1,1,1,1,
121683767910,1,1,1,1,1,1,
121684267910,1,1,1,1,1,1,
121684767910,1,2,1,1,1,1,
121686267910,1,1,1,1,1,1,
121686767910,1,1,1,1,1,1,
121688267910,1,1,1,1,1,1,
121689267910,1,1,1,1,1,1,
121689767910,1,1,1,1,1,1,
121690767910,1,1,1,1,1,1,
121691767910,1,2,1,1,1,1,
121692267910,1,1,1,1,1,1,
121692767910,1,1,1,1,1,1,
121694767910,1,2,1,1,1,1,
121695767910,1,1,1,1,1,1,
121696267910,1,1,1,1,1,1,
121696767910,1,1,1,1,1,1,
121697267910,1,2,1,1,1,1,
121698267910,1,2,1,1,1,1,
121698767910,1,1,1,1,1,1,
121699267910,1,1,1,1,1,1,
121699767910,1,1,1,1,1,1,
121700267910,1,2,1,1,1,1,
121700767910,1,1,1,1,1,1,
121701267910,1,1,1,1,1,1,
121701767910,1,2,1,1,1,1,
121702267910,1,1,1,1,1,1,
121702767910,1,2,1,1,1,1,
121703267910,1,1,1,1,1,1,
121704767910,1,2,1,1,1,1,
121706267910,1,2,1,1,1,1,
121706767910,1,1,1,1,1,1,
121707267910,1,1,1,1,1,1,
121707767910,1,1,1,1,1,1,
121708267910,1,2,1,1,1,1,
121709267910,1,1,1,1,1,1,
121709767910,1,1,1,1,1,1,
121713267910,1,2,1,1,1,1,
121713767910,1,1,1,1,1,1,
121714267910,1,1,1,1,1,1,
121714767910,1,1,1,1,1,1,
121715767910,1,2,1,1,1,1,
121716267910,1,2,1,1,1,1,
121716767910,1,1,1,1,1,1,
121718267910,1,2,1,1,1,1,
121721267910,1,2,1,1,1,1,
121723267910,1,2,1,1,1,1,
121725267910,1,1,1,1,1,1,
121725767910,1,1,1,1,1,1,
121726267910,1,1,1,1,1,1,
121727267910,1,2,1,1,1,1,
121727767910,1,1,1,1,1,1,
121729267910,1,2,1,1,1,1,
121730767910,1,2,1,2,1,1,
121731267910,1,2,1,1,1,1,
121732267910,1,1,1,1,1,1,
121733267910,1,2,1,1,1,1,
121733767910,1,1,1,1,1,1,
121734767910,1,1,1,1,1,1,
121736767910,1,2,1,1,1,1,
121737267910,1,1,1,1,1,1,
121737767910,1,1,1,1,1,1,
121738267910,1,1,1,1,1,1,
121739767910,1,2,1,1,1,1,
121741267910,1,2,1,1,1,1,
121741767910,1,1,1,1,1,1,
121742767910,1,1,1,1,1,1,
121743767910,1,1,1,1,1,1,
121744267910,1,1,1,1,1,1,
121744767910,1,1,1,1,1,1,
121745767910,1,1,1,1,1,1,
121746267910,1,2,1,1,1,1,
121746767910,1,1,1,1,1,1,
121747267910,1,1,1,1,1,1,
121747767910,1,1,1,1,1,1,
121748267910,1,2,1,1,1,1,
121749267910,1,2,1,1,1,1,
121749767910,1,1,1,1,1,1,
121750267910,1,1,1,1,1,1,
121750767910,1,1,1,1,1,1,
121752767910,1,1,1,1,1,1,
121753767910,1,1,1,1,1,1,
121754767910,1,1,1,1,1,1,
121756767910,1,2,1,1,1,1,
121759267910,1,2,1,1,1,1,
121760267910,1,1,1,1,1,1,
121760767910,1,1,1,1,1,1,
121761267910,1,2,1,1,1,1,
121762267910,1,1,1,1,1,1,
121763267910,1,1,1,1,1,1,
121763767910,1,2,1,1,1,1,
121764267910,1,1,1,1,1,1,
121764767910,1,1,1,1,1,1,
121765267910,1,1,1,1,1,1,
121766267910,1,1,1,1,1,1,
121766767910,1,1,1,1,1,1,
121768267910,1,2,1,1,1,1,
121769267910,1,1,1,1,1,1,
121773767910,1,1,1,1,1,1,
121774267910,1,1,1,1,1,1,
121775267910,1,1,1,1,1,1,
121775767910,1,2,1,1,1,1,
121776267910,1,2,2,2,2,2,
121777267910,1,1,1,1,1,1,
121778767910,1,1,1,1,1,1,
121779267910,1,1,1,1,1,1,
121780267910,1,2,1,1,1,1,
121780767910,1,1,1,1,1,1,
121781267910,1,2,1,1,1,1,
121781767910,1,2,1,1,1,1,
121782267910,1,1,1,1,1,1,
121783267910,1,1,1,1,1,1,
121783767910,1,2,1,1,1,1,
121784267910,1,1,1,1,1,1,
121784767910,1,1,1,1,1,1,
121785267910,1,2,1,1,1,1,
121785767910,1,1,1,1,1,1,
121788767910,1,1,1,1,1,1,
121789767910,1,2,1,1,1,1,
121790267910,1,2,1,1,1,1,
121790767910,1,1,1,1,1,1,
121792267910,1,1,1,1,1,1,
121792767910,1,1,1,1,1,1,
121795267910,1,2,1,1,1,1,
121797267910,1,1,1,1,1,1,
121798267910,1,1,1,1,1,1,
121798767910,1,1,1,1,1,1,
121799267910,1,1,1,1,1,1,
121800267910,1,1,1,1,1,1,
121800767910,1,1,1,1,1,1,
121802267910,1,1,1,1,1,1,
121803767910,1,2,1,1,1,1,
121804767910,1,1,1,1,1,1,
121805767910,1,1,1,1,1,1,
121807267910,1,1,1,1,1,1,
121809267910,1,2,1,1,1,1,
121810267910,1,1,1,1,1,1,
121811267910,1,2,1,1,1,1,
121811767910,1,2,1,1,1,1,
121817267910,1,2,1,1,1,1,
121818267910,1,2,1,1,1,1,
121818767910,1,1,1,1,1,1,
121819267910,1,2,1,1,1,1,
121820267910,1,2,1,1,1,1,
121820767910,1,1,1,1,1,1,
121821267910,1,1,1,1,1,1,
121821767910,1,2,1,1,1,1,
121823767910,1,2,1,1,1,1,
121825267910,1,1,1,1,1,1,
121825767910,1,2,1,1,1,1,
121827767910,1,2,1,1,1,1,
121829267910,1,1,1,1,1,1,
121829767910,1,2,1,1,1,1,
121830267910,1,1,1,1,1,1,
121830767910,1,1,1,1,1,1,
121831767910,1,1,1,1,1,1,
121832267910,1,2,1,1,1,1,
121833267910,1,1,1,1,1,1,
121834767910,1,1,1,1,1,1,

