,W-0,R-0,R-1,R-2,R-3,R-4,
118984972490,88755,2711,48096,6265,8467,8982,
118985472490,2036,27572,27207,5050,10003,50895,
118986472490,32346,12618,36571,6962,18376,19939,
118987472490,110620,12321,3061,4908,6993,9016,
118988472490,1988,12756,3310,4925,7037,8970,
118991972490,84100,94090,93815,85351,86408,87873,
118992472490,1677,12694,2910,6217,7336,9204,
118993472490,1672,11878,3031,4916,29791,9197,
118997472490,1788,13000,2978,4991,6801,8978,
118999972490,1644,12495,2976,5067,6954,9146,
119000972490,1733,1483,3034,5004,7021,8919,
119002472490,5802,12410,16885,16434,18027,9092,
119002972490,2748,11964,13929,5916,6878,8980,
119003472490,1356,12260,2914,4881,7388,8895,
119006472490,1413,1664,2906,4886,6811,8867,
119006972490,1365,1800,2998,5119,7039,9074,
119007472490,1722,12379,2884,4887,6899,8929,
119007972490,1744,12363,3092,5380,6796,9026,
119008972490,1787,11912,3189,4800,6933,8865,
119011972490,1660,1413,3175,4797,6826,19409,
119013972490,1827,12379,2901,4769,7424,9112,
119014472490,10625,12232,2814,4792,6914,8983,
119014972490,101140,34700,3061,17958,7082,9035,
119016472490,1593,12573,2855,5071,6947,9001,
119016972490,1612,12248,2923,4971,6905,8994,
119019472490,7139,1341,13777,4819,6899,8801,
119020472490,2810,13289,14104,5004,7004,9262,
119020972490,1672,23291,14201,16356,6989,8897,
119022972490,1715,12240,3152,4837,6944,8905,
119023972490,1423,1696,3271,4771,6927,8902,
119024472490,1850,12475,3302,5250,7002,9166,
119025472490,1696,12281,13860,5018,6917,9129,
119026472490,1650,12189,13908,4850,6811,8841,
119026972490,1709,11854,3263,4838,6822,8757,
119028472490,8631,12385,3067,5744,7459,8953,
119029972490,1600,12325,2902,4970,7305,9076,
119030472490,1710,12104,2998,5124,6983,8853,
119032972490,1568,12233,13810,4991,6873,8888,
119033472490,1585,12396,3015,5159,7322,9233,
119033972490,1654,1828,3061,5349,6846,8739,
119034972490,1558,12146,3014,5200,6883,8877,
119035472490,1843,12772,13879,4830,17783,8790,
119035972490,1982,1834,2921,4810,6817,9330,
119037472490,2926,12219,14100,4839,6867,8751,
119037972490,1301,1465,2828,4843,6818,8813,
119038972490,1635,12452,2952,5065,6980,9234,
119039472490,1360,1607,13902,4813,6762,8794,
119040472490,1674,12664,3201,15936,6934,8894,
119040972490,1824,12563,13780,4828,6964,8796,
119041472490,1360,1625,2857,4963,7238,8979,
119041972490,3708,1377,2950,4752,6953,9054,
119043472490,8770,1428,2880,4700,6835,9157,
119045472490,1704,12064,3110,5430,6857,8837,
119046472490,1781,12389,3140,5323,6781,8794,
119046972490,1365,22685,2984,4907,17725,8825,
119047472490,2111,12684,13672,4911,6760,8898,
119047972490,1586,22952,2758,15675,6828,19975,
119049472490,12687,12857,2889,5041,6843,8971,
119051972490,1740,12114,13962,16007,18119,19666,
119052472490,1601,12139,2820,4981,6764,9085,
119052972490,136966,12298,14240,4907,6932,8880,
119053972490,48575,1318,2830,4767,6871,8904,
119054972490,1423,12114,2789,4773,6776,8823,
119055472490,1462,1657,13796,4981,6959,8842,
119055972490,64185,12040,2774,4776,6811,8772,
119056472490,1400,12165,2822,5046,6802,8850,
119057472490,36787,12126,2936,4902,6851,8972,
119058972490,1942,12239,2866,15622,6866,8762,
119059472490,1379,1629,13987,4842,6779,19710,
119059972490,1450,12277,2763,4771,7671,8983,
119060472490,1388,11818,13889,4802,6834,8877,
119061972490,1576,12379,14053,4843,6949,9443,
119062972490,1418,12058,2977,4816,6879,8999,
119063472490,1345,1654,13787,4926,18425,8927,
119063972490,1275,1556,2777,4767,6956,8873,
119064472490,1801,12726,13829,4795,6748,8959,
119065472490,15261,12395,13816,15797,6797,19762,
119065972490,1651,12163,2724,4848,6747,9432,
119069972490,1761,1891,13953,5008,6897,9013,
119070472490,1643,12286,3037,4778,6810,9041,
119072472490,2470,13133,13612,4972,6762,8739,
119072972490,1841,12015,2955,4914,6892,8844,
119073472490,1444,12333,2812,4780,7059,9298,
119073972490,1623,11697,2880,4819,6831,8879,
119075472490,1828,12631,3031,5024,6953,9045,
119076472490,1774,12467,2939,5118,7049,8969,
119078972490,1409,1679,13733,4849,7061,8911,
119079472490,1773,12234,2856,4817,6848,8733,
119079972490,1869,11866,4319,5735,18182,8813,
119080472490,1714,12188,2895,4929,7068,8923,
119081472490,14228,12292,2902,4811,6717,8769,
119081972490,1236,1456,2796,4835,6946,19665,
119082472490,1390,1776,2819,4859,6737,9120,
119085972490,2487,12701,2916,5077,6937,8987,
119086472490,1316,11958,3053,4900,6824,8804,
119087472490,1822,12005,3054,5036,17777,8918,
119089972490,164021,172671,172464,173332,168672,168808,
119090472490,1800,11982,3177,4814,7233,9013,
119091972490,1593,12456,2757,4842,6801,8770,
119092972490,1462,12148,3219,4886,6782,8712,
119093472490,1616,11673,14226,4867,6745,8801,
119093972490,1642,12613,13946,15844,6853,19938,
119094972490,2694,2161,14267,5025,6840,20398,
119095972490,1355,12239,13706,4779,17673,19634,
119096972490,1323,11945,13768,4899,6883,8877,
119098472490,1392,11775,13731,4794,6923,8778,
119098972490,1476,1702,2852,4912,6917,8795,
119099972490,1840,12573,3268,4960,6902,8952,
119100472490,1556,1407,2681,4681,6736,8678,
119100972490,1623,12250,2990,4729,6779,8781,
119101472490,1222,1385,2865,15841,6801,8760,
119102472490,1541,12270,2901,4810,6799,8814,
119103472490,1293,1504,2982,4734,6679,8844,
119103972490,1561,11929,2825,4981,6834,8851,
119104472490,1257,1404,2935,4999,6857,9156,
119104972490,1468,11935,2897,4680,6868,8804,
119107472490,1589,12150,2786,5022,6788,8660,
119107972490,1576,1336,13656,4803,6926,8813,
119109972490,1256,11751,2934,15781,6831,8790,
119110472490,1313,1490,3638,5353,7015,8804,
119110972490,1700,12652,2869,4920,6926,9003,
119111972490,1614,11836,2976,4854,6870,8889,
119112472490,1575,12393,2926,4795,6723,9026,
119116472490,1541,12709,3042,4874,6819,8805,
119116972490,7099,12260,3041,5078,6966,8792,
119117972490,1818,12611,3203,4727,6807,8786,
119120472490,1348,1677,3076,4924,6785,8764,
119121472490,1310,1454,2969,4732,6844,9659,
119122472490,1919,13438,2905,5106,6871,8831,
119124472490,5632,12137,3002,4886,6867,8993,
119124972490,1299,11937,2891,4961,6822,8986,
119125472490,1296,1558,3080,4760,6732,8692,
119125972490,4628,1272,2950,4809,6944,9044,
119126972490,1427,1624,3016,5129,6897,9092,
119127472490,1349,11864,2807,4796,6784,8783,
119127972490,1222,1353,13614,4819,6897,8801,
119128972490,1083,1315,2802,4822,6842,8915,
119129472490,1210,1370,13931,15647,6757,19661,
119130472490,1289,11911,3004,4883,6774,8816,
119130972490,1669,12318,3072,15772,7257,8817,
119131472490,1288,1427,13894,4961,18028,8876,
119132972490,1297,1591,13740,4814,6988,8877,
119133972490,1418,1748,2884,4768,6991,8834,
119135972490,1622,12563,2944,4983,6826,8797,
119136472490,1490,12353,14107,4999,6980,9146,
119136972490,1499,12449,2861,5100,6808,8771,
119137472490,1657,12358,14003,15741,6891,8995,
119138472490,1317,1628,2819,5031,6795,8999,
119139472490,1482,12304,2890,4899,7639,9154,
119139972490,36734,3352,13942,4756,6868,8808,
119140972490,1431,12434,2833,4740,7138,9130,
119141472490,1348,1655,2844,26187,6854,8753,
119141972490,1689,12368,2917,4710,6856,8829,
119142472490,1344,12279,3095,4832,6818,8848,
119143472490,1581,12473,13674,5155,6861,8838,
119143972490,1760,12474,2871,4858,6830,8966,
119144972490,86419,12226,2861,4776,6881,8786,
119145472490,1625,12221,3075,4874,7773,9276,
119146472490,162926,11715,2803,4963,6808,8871,
119146972490,1985,1872,13754,4911,6872,8756,
119147972490,1574,12204,13663,4818,6864,8878,
119148472490,1394,1599,3042,5103,6768,8756,
119151472490,11580,11785,2831,4900,7000,8823,
119153472490,1547,12192,13743,15663,6909,8847,
119154472490,1208,1425,2872,4772,6926,9141,
119154972490,95646,33765,2798,15903,6841,19734,
119155472490,1301,1469,3041,4888,6859,8836,
119156472490,1443,12127,2772,4784,6713,8802,
119157472490,1955,1654,2996,5109,6901,8891,
119157972490,2009,12099,13602,4818,6806,8788,
119158472490,1407,12041,2923,4748,6807,8840,
119158972490,1686,1895,2997,5003,6778,8882,
119159472490,1428,12371,2880,4912,6809,8789,
119160972490,1410,1722,2912,5298,6758,9089,
119161972490,1242,1466,14036,15796,17609,19456,
119162472490,1666,12382,2877,4686,6753,8870,
119164972490,1676,12634,3172,4824,6873,8882,
119165972490,1362,12805,2745,4738,6793,12641,
119167472490,1922,12177,14071,4961,6787,8899,
119168472490,1314,11846,2928,15791,6759,8710,
119168972490,1664,11764,14062,4727,6718,8815,
119170472490,1677,23972,13778,4971,7001,19804,
119172972490,3296,12214,2844,4670,6885,8798,
119173472490,1470,12362,13787,4786,6883,8972,
119173972490,1605,33789,2942,15602,6816,30225,
119175472490,1148,12188,2931,4723,6774,9150,
119175972490,1416,12750,2991,15752,9916,9426,
119177972490,13232,12397,14138,4880,6977,8840,
119178472490,1556,12045,3181,4952,6805,8981,
119178972490,1507,12095,2779,4806,6783,8812,
119179972490,1493,12087,2773,4810,6887,8815,
119180972490,1101,11585,2888,4675,6709,8775,
119181472490,1400,12408,13746,4643,6930,8707,
119181972490,1226,1488,2905,4802,7038,8864,
119182472490,1301,1571,3040,4815,6910,8792,
119182972490,1641,11681,13496,4685,6741,8794,
119183472490,1758,12265,2702,4829,6730,8798,
119183972490,1782,12333,2801,4766,6798,8843,
119185472490,1484,12176,2925,5034,6966,8833,
119186972490,1234,1573,2829,4821,6750,8778,
119188972490,1612,12165,2919,4972,6774,8974,
119190472490,2396,12149,13972,4798,6746,8851,
119190972490,1630,12435,2769,4786,6794,8846,
119192472490,1602,12226,2967,4920,6862,8825,
119192972490,1808,1668,3164,5207,6930,9086,
119194972490,1440,12275,3058,15724,7018,8869,
119195972490,15977,12338,3386,4993,6885,8714,
119196972490,2163,12168,3139,4746,6840,8801,
119197472490,10386,12175,2828,4841,6766,8893,
119198472490,1676,12006,2960,4767,6865,8866,
119199472490,1465,1260,2783,4807,6933,8877,
119199972490,1721,11978,3134,4829,6884,8924,
119200472490,1216,1396,4592,4838,6731,8969,
119202972490,2365,1870,2885,4797,6790,8967,
119206472490,1648,12242,2812,4771,6830,8876,
119206972490,1178,1399,2907,4819,6864,8985,
119207472490,1488,22863,3049,4878,6992,20076,
119208472490,300000,12324,2846,4959,6991,8882,
119209472490,45378,53838,93106,53500,59316,83442,
119209972490,4281,12617,13686,5309,18091,8845,
119210972490,10114,1417,2788,4807,6690,8991,
119211472490,1863,12721,14234,15640,6969,9108,
119211972490,1392,11771,2828,4782,6911,8879,
119212472490,1357,12043,2832,4720,6673,8868,
119214472490,1594,12138,2950,5283,7106,8902,
119214972490,104387,1463,2883,4989,6900,8780,
119216472490,1408,1997,2973,4920,6804,8823,
119217472490,1061,12082,13864,4737,7493,9140,
119222972490,1469,1294,13858,5009,6871,8901,
119224972490,1546,12125,2692,4833,6776,8841,
119226472490,1379,1742,3082,5141,6922,9085,
119228972490,1698,12753,3361,4954,6776,8732,
119231472490,1664,12338,3157,5148,7079,9036,
119231972490,1993,12429,13803,5240,6880,9008,
119232472490,9190,11737,13618,15763,8742,20095,
119232972490,1617,13095,2981,5007,7022,9693,
119234472490,11835,1326,3039,4730,6768,8781,
119234972490,1651,12446,2962,4755,6726,8775,
119235472490,1216,1443,2699,4802,6773,8728,
119236472490,1493,12227,13693,4678,6806,8818,
119236972490,1411,12410,2831,4778,6932,9155,
119237472490,1445,12131,2834,4780,6789,8896,
119237972490,1402,12140,2846,4924,6952,8837,
119238972490,7331,12084,3001,16189,7139,8715,
119239472490,1377,12218,3097,5653,7392,9052,
119239972490,237841,1630,13769,4838,17737,8801,
119240472490,1713,12315,2984,4807,6803,8829,
119240972490,15745,22848,13835,15558,6788,19467,
119241472490,1705,12631,3054,4825,6867,9063,
119242972490,1365,11821,2928,5440,6806,9242,
119243472490,1409,11901,2904,5006,6988,8893,
119245472490,5290,44474,13844,15987,6700,8912,
119245972490,3277,13687,3414,4869,6706,8768,
119247472490,1493,12866,2867,4773,6921,8854,
119248472490,1261,1447,2903,4777,6769,8860,
119250972490,1476,12014,2837,4796,6890,8780,
119251472490,1848,12362,2728,4746,6919,8746,
119252472490,17000,1293,13854,4962,7182,8811,
119253972490,1467,12334,14224,4721,6761,8694,
119254972490,1397,11980,13918,4680,6721,8916,
119256972490,1617,11824,2691,4758,6788,8808,
119257472490,2064,11896,3079,4863,6887,8819,
119257972490,1259,1405,2735,4822,6806,8953,
119258472490,1324,1708,2679,15633,6778,8894,
119258972490,1642,12285,14000,4895,6773,8840,
119259972490,1238,1570,2930,4855,7055,8731,
119260972490,1759,12450,2894,5135,6981,8920,
119261472490,1468,11996,2932,4849,28848,8739,
119262472490,1469,1839,2739,4997,6929,8886,
119263472490,1430,12063,3075,5115,6862,8927,
119264472490,1189,11639,2760,4824,7161,9206,
119264972490,1838,12031,3194,4738,6886,41942,
119266972490,1374,46704,2775,4762,28891,19735,
119267472490,1278,1772,3033,4856,6880,8846,
119267972490,1629,12085,13879,5002,6947,8999,
119268472490,1464,12257,2857,5098,7089,8972,
119269972490,1231,1447,3255,4998,6848,41353,
119270472490,36174,23193,13949,4978,18250,8869,
119272472490,1272,12302,13728,4775,6753,8734,
119272972490,1586,12110,3160,4781,6848,8830,
119274972490,1219,1382,3136,5162,6897,8996,
119275972490,1391,1669,2825,4840,6853,8774,
119276472490,1596,12072,2993,4880,7317,8857,
119276972490,1607,12309,2948,4747,6793,8887,
119277472490,110059,NULL,NULL,NULL,NULL,NULL,
119277972490,1211,12086,2925,4863,6684,8752,
119279472490,8608,12481,13716,4811,6883,8852,
119280972490,1638,12133,3859,4769,7024,8850,
119281472490,4834,11856,3045,5061,6771,8720,
119282472490,1401,12123,2867,4900,6906,8853,
119283472490,1931,12481,3077,5049,6864,8918,
119283972490,1630,1331,2990,5002,6773,8975,
119285972490,1455,12235,2968,5120,6855,8820,
119286472490,1662,12751,3267,4866,6854,8897,
119286972490,6730,1717,14283,15828,7030,10029,
119287472490,1608,11829,13719,15559,6873,8837,
119288472490,1639,11945,2872,4727,7282,8719,
119289972490,1494,12114,2860,4832,6846,8860,
119290972490,1978,12072,2920,4852,7048,9010,
119291472490,1422,11670,2742,4894,6850,19613,
119291972490,4007,12250,3014,4771,6768,8756,
119292472490,1356,1598,3210,4908,6704,8820,
119292972490,244288,12298,2869,4880,6822,8774,
119294472490,1476,11991,2911,4780,6909,8819,
119295472490,1319,1461,2804,4969,6847,8866,
119295972490,1397,11977,2813,4651,6889,9083,
119296972490,1286,11836,2775,4704,6800,8730,
119297472490,1505,12255,3150,4762,6922,8710,
119297972490,1343,1604,2832,4818,6880,8828,
119299472490,1768,12440,2975,8398,7857,8959,
119299972490,1501,12061,2908,4795,6992,8776,
119300972490,1969,12762,13607,4908,6751,8820,
119302472490,1278,1495,13715,4868,6891,8841,
119303472490,1722,12332,2919,15819,6820,8880,
119303972490,1733,12191,3486,4785,6856,8849,
119304472490,1368,12657,3049,4879,6735,8784,
119305972490,58588,12131,13895,4820,6760,9011,
119306472490,1468,11962,2772,4713,6924,8778,
119307972490,1423,23167,13747,5011,6714,8810,
119308972490,1676,12171,13904,5053,6803,9447,
119309472490,1454,12285,3290,5130,6854,9000,
119310472490,1435,12242,2900,4958,6853,8826,
119311472490,1452,12047,3060,4990,6823,8712,
119311972490,1221,1474,2796,4795,6781,8810,
119312472490,1471,12177,3010,4954,6742,8758,
119314472490,1552,12147,13628,4715,6815,8702,
119315472490,1548,1927,3225,4721,6931,8964,
119315972490,4661,1605,4372,4871,6969,9153,
119316472490,1301,12340,3156,4701,6789,8734,
119316972490,1581,12125,3168,4723,6821,8852,
119317972490,1447,12091,13588,4769,9829,10149,
119318472490,1440,12184,2954,4867,7629,9193,
119318972490,1361,12039,2907,4723,6755,8825,
119319472490,1469,12028,13598,4896,17432,19689,
119319972490,1286,12381,2874,4785,6704,8825,
119320472490,1362,11692,2784,4717,6817,8731,
119320972490,1286,1606,13928,4835,6894,8816,
119321472490,1722,12606,13746,4887,6855,8811,
119321972490,1391,11871,3219,4715,6945,8903,
119322472490,1093,11977,2770,4707,6825,8958,
119322972490,1625,22699,2910,15637,18608,9058,
119324472490,1495,12669,24689,4805,7022,8842,
119325972490,1571,1430,2952,5154,6970,8998,
119326472490,1266,11798,13679,4878,6730,8769,
119326972490,1751,11945,13636,4967,6906,8778,
119327472490,1207,1469,13938,4904,6815,8733,
119327972490,1038,1213,14209,4714,6831,19575,
119328972490,1459,11831,13472,4679,7070,8983,
119329472490,1434,12150,3194,4841,6745,9120,
119332972490,1454,12105,2885,4880,6834,8926,
119333472490,13509,12023,13807,4847,7066,8830,
119333972490,1493,12159,3377,4892,6789,8666,
119334472490,1351,12173,2970,4717,6869,8973,
119335472490,1692,12074,13832,4723,6814,8793,
119335972490,2396,12262,13941,4818,6786,8790,
119336472490,1896,12500,3293,4799,6876,8731,
119337972490,11490,11918,13635,4717,7010,9455,
119340972490,1276,11868,2887,4973,6701,8799,
119342972490,1370,11942,2908,4810,6836,8736,
119344972490,5392,1160,2771,15734,7069,8850,
119345472490,1332,11818,2973,4885,6772,8785,
119345972490,1893,1728,3269,4809,6838,8966,
119346972490,1305,12113,13608,4849,7036,8766,
119347472490,1640,1482,13866,4977,6792,8890,
119348972490,1442,12318,13437,4975,6738,8696,
119350472490,1502,12333,2835,4852,7355,8875,
119350972490,4816,1481,3196,4981,6816,8676,
119351972490,1333,11905,2811,4778,6814,8721,
119352972490,1766,12430,3155,4792,6896,9028,
119353472490,1236,11662,14318,4794,6811,8794,
119354472490,1614,11962,2830,4860,6819,8893,
119356472490,1547,12247,2849,4841,6844,8865,
119356972490,300000,1461,13687,4912,17573,8772,
119357472490,67494,85423,71499,71359,73612,96785,
119357972490,300000,1234,24591,4748,6907,19774,
119359472490,2020,1836,13951,4829,28135,41032,
119360972490,4902,12437,3097,4778,7154,8951,
119361472490,1379,12084,2887,4725,6872,8715,
119362472490,1478,12248,13854,4815,6858,8784,
119363472490,205821,11985,2869,4893,6692,8701,
119363972490,1494,11941,3145,4799,6819,8813,
119364472490,1405,22753,13539,4786,72360,8761,
119365472490,1265,11659,2855,16107,17576,8777,
119365972490,1367,11957,2925,15457,17643,8751,
119366472490,1453,57038,2855,4715,6678,19496,
119366972490,1627,11855,13722,4798,6760,8748,
119367472490,13184,12407,13889,4764,6724,8804,
119367972490,1646,12008,100455,92398,28461,64741,
119368972490,6376,12199,3043,5038,6889,8968,
119369472490,5741,5415,16451,5316,7163,8792,
119369972490,269704,11982,2713,4799,6857,8801,
119370472490,1309,12056,2929,4731,6813,8735,
119372472490,1354,12027,2721,4882,6751,8672,
119373472490,1248,1435,14215,4778,6809,8761,
119374472490,1462,11887,2939,4828,6710,8664,
119376472490,1496,11888,2827,4678,6818,8700,
119378972490,1260,1444,2916,4879,6767,9020,
119379972490,1243,1665,13507,15421,6750,8705,
119380472490,1236,1432,13772,4756,6717,8690,
119380972490,1355,11890,2709,26941,6929,8800,
119381972490,2609,2316,13937,15719,6825,8792,
119382972490,287071,11804,13661,4874,28475,8776,
119383472490,241189,12084,2818,4794,6792,8976,
119383972490,12921,12101,13964,4960,6813,9042,
119384472490,1732,12602,2917,4837,7117,9136,
119384972490,117842,11838,2772,4716,6750,8792,
119385972490,199343,202789,198953,198840,199169,199227,
119386472490,1384,11796,2858,4726,7004,8867,
119387972490,8319,11865,2686,4783,6796,8702,
119388972490,2012,12192,3067,4860,6800,8973,
119393472490,151672,1852,3073,4795,6898,8827,
119393972490,1421,11872,13664,4683,6812,8718,
119394972490,300000,55947,2941,4891,6932,8818,
119395472490,NULL,NULL,NULL,NULL,NULL,NULL,
119395972490,NULL,NULL,NULL,NULL,NULL,NULL,
119396972490,1281,22977,2682,7199,18031,8854,
119398472490,1083,12052,14181,4812,6664,8643,
119398972490,1854,1745,2996,4815,7357,8681,
119399972490,1340,11870,13761,15615,17733,19675,
119400472490,1062,1323,2914,4742,6931,8666,
119400972490,12844,1785,2821,4860,6670,8815,
119401472490,1341,12433,3073,4919,6860,8814,
119401972490,1212,11941,2800,4753,6912,8948,
119402972490,1483,12244,2695,5003,6825,8725,
119403472490,1206,1387,2844,4869,6704,8742,
119403972490,1431,12112,2728,4776,7130,8823,
119404472490,1567,11885,2766,4729,6849,8681,
119404972490,1561,12354,3257,4732,6834,8715,
119405472490,12469,23181,12684,15618,12833,19661,
119408472490,1493,1697,3002,15811,6797,8831,
119409472490,9757,12279,2833,5042,6891,8966,
119409972490,1421,11976,13758,4749,6747,8876,
119410472490,1236,1373,2723,5366,6719,8804,
119411972490,1604,12330,2798,4836,6824,8792,
119412472490,11873,12246,3115,5077,6840,9087,
119414972490,1768,12214,2860,4721,6708,19593,
119416972490,1367,12059,2793,4796,6804,8876,
119417972490,1421,11965,2736,4826,6863,8750,
119418472490,1325,12018,2985,5021,6899,8725,
119418972490,1244,12803,2966,4950,6822,8684,
119419972490,1181,11765,2694,4701,6682,8840,
119420472490,1291,12285,2849,4749,6802,8741,
119421972490,7303,23440,2845,5019,6874,8831,
119423472490,6750,12508,3179,4994,7015,8917,
119424472490,1379,11830,2757,5279,6848,8912,
119425472490,1507,12244,3278,4726,6753,8723,
119426972490,38831,11694,2794,4889,6731,8770,
119428972490,1135,11753,2847,4821,7141,8876,
119429972490,1203,12460,3168,4920,6713,8764,
119430972490,1407,11929,2724,4764,7057,8838,
119431472490,1771,12379,3052,5238,6914,9032,
119436972490,1419,12074,2830,5000,6776,8716,
119437972490,1333,28217,3005,4990,6802,8694,
119438472490,1908,11677,2722,4661,6748,8775,
119438972490,5719,12084,13853,5585,7024,8798,
119439972490,48375,12111,3043,5107,6886,8865,
119440472490,11278,27255,13890,16625,17888,11673,
119440972490,1376,12345,2701,4807,6842,8872,
119441472490,1272,11928,2802,4747,6863,8808,
119443472490,1296,1632,13862,4766,6825,8882,
119444972490,1399,1636,2720,4760,6824,8726,
119445472490,1479,12139,3197,4769,6983,9009,
119447472490,13331,33629,13588,4748,6674,8879,
119448972490,1263,1400,13598,4804,6789,8719,
119449472490,2631,12220,13769,4704,6789,8842,
119449972490,1264,12046,2756,4834,6835,8876,
119450472490,1437,1965,13792,4911,8665,9111,
119451472490,1235,11936,2927,4755,6807,8713,
119451972490,1285,1426,3012,4758,6733,8812,
119452972490,1626,12763,2990,4706,7076,8971,
119454472490,1474,1685,3067,4927,6863,9023,

