,W-0,R-0,R-1,R-2,R-3,R-4,
121365267910,1764,12203,3940,5201,6938,9232,
121365767910,65931,12660,3183,5322,7589,9222,
121366767910,1367,1650,3050,4927,6852,8872,
121367767910,2633,12670,3451,4960,6886,8910,
121368767910,1768,12168,2863,4899,6927,8878,
121372267910,1859,1536,2826,4868,6835,8979,
121372767910,1469,1706,2994,5005,9670,9419,
121373767910,1317,1598,2881,4903,6848,8900,
121377767910,1712,11891,2944,4875,6981,8894,
121380267910,1577,12187,3040,4951,6963,8987,
121381267910,1578,11869,2907,4943,6905,8956,
121382767910,1749,11996,3231,4795,6809,9075,
121383267910,1983,1480,3323,4853,7208,8899,
121383767910,2596,2167,3054,5035,6991,8965,
121386767910,1949,1704,3003,4954,6839,8880,
121387267910,1377,1595,3173,4853,6960,8888,
121387767910,2230,12210,3385,5063,7086,8901,
121388267910,1743,1964,3144,4920,6988,9141,
121389267910,30008,1580,2970,4777,6769,8770,
121392267910,1670,1415,2961,4881,6823,8792,
121394267910,1970,12361,2990,4996,7073,9000,
121394767910,2140,12638,2909,4833,6814,8847,
121395267910,1620,12335,2841,4770,6781,8949,
121396767910,2050,1802,3011,4983,6836,8969,
121397267910,8562,1490,2946,5015,6948,9129,
121399767910,1609,12333,2995,4799,6942,8875,
121400767910,2634,12788,3958,5346,7174,9007,
121401267910,64495,1400,2794,4865,6882,8889,
121403267910,1933,12506,2873,4866,6903,8884,
121404267910,1711,12297,3027,4880,8350,8822,
121404767910,1895,1654,2999,4880,7063,8792,
121405767910,1577,1429,3159,4773,6854,8910,
121406767910,2599,2010,3160,4928,6935,8815,
121407267910,1712,12154,2994,4889,6924,8962,
121408767910,1778,1495,3169,4939,7037,9439,
121410267910,1729,12278,2861,4788,6819,8767,
121410767910,1619,1333,2906,4901,6810,8839,
121413267910,1858,12388,3127,4893,6979,8816,
121413767910,1930,12702,3022,4935,6995,8869,
121414267910,1600,1362,3023,4747,6780,8895,
121415267910,2068,1773,2941,4892,6837,9343,
121415767910,1803,12380,2925,4983,7003,8964,
121416267910,1643,1379,2925,4872,6837,8841,
121417767910,1936,1709,2924,5129,6801,8879,
121418267910,1996,13240,3013,4836,6958,8836,
121419267910,1348,1604,2998,4915,6801,9026,
121419767910,1584,11623,2874,4703,6724,8715,
121420767910,1561,1414,2973,4863,6832,8795,
121421267910,1996,1780,2840,4842,6890,8802,
121421767910,1294,1631,2952,4831,6746,8745,
121422267910,1710,1372,3193,4905,7599,8847,
121423767910,1886,1609,2869,4905,7009,8971,
121425767910,2750,2507,3153,4880,7201,9236,
121426767910,4470,1829,3344,5154,6904,8791,
121427267910,1527,11852,2923,4858,6864,8771,
121427767910,1669,1377,3172,4718,7227,8909,
121428267910,70660,1422,2947,4826,6800,8826,
121429767910,1646,1372,3250,4868,6824,8748,
121432267910,1562,11998,2931,4798,6971,9155,
121432767910,1597,11738,2777,4892,7265,8855,
121433267910,1732,1452,3041,4850,6905,8951,
121434267910,1752,11982,3010,4884,6925,8957,
121435267910,1812,12314,2704,4821,6742,8739,
121435767910,4573,1869,3144,4920,15398,15133,
121436267910,1493,11891,2887,4743,6738,9051,
121436767910,1683,12230,3063,4937,6843,9057,
121437767910,1658,11960,3017,4862,6952,8917,
121439267910,15367,1607,2979,4786,6701,8692,
121439767910,1583,1274,2862,4767,6690,8846,
121440267910,1370,1591,2906,4823,6874,8768,
121440767910,2051,12386,2916,4784,6757,8836,
121442267910,23788,1332,2882,4753,6749,8869,
121443267910,1463,11810,2928,4730,6757,8850,
121443767910,1910,1717,2774,4874,6806,8808,
121444267910,3294,1471,2871,4754,6739,8753,
121444767910,1384,1570,2984,4881,7054,8895,
121445767910,7236,12014,3129,4947,7042,8986,
121446267910,1565,1305,2952,4725,6817,8857,
121450267910,2695,11883,3238,4937,6988,8859,
121450767910,1669,1606,3139,4729,6887,9227,
121452767910,1883,11852,3434,4990,6817,8954,
121453267910,1642,1380,2872,4972,6773,8915,
121453767910,10301,1408,3015,4946,6962,8758,
121454267910,1535,11759,2990,4840,6827,8876,
121455767910,3201,2581,3027,4923,6910,8928,
121456767910,1601,1343,2781,4838,6837,8816,
121459267910,25412,28050,28450,28650,28898,29059,
121459767910,7320,11829,2864,4792,6942,8837,
121460267910,1600,12167,2773,4808,6954,8830,
121460767910,2003,12555,2991,4896,6935,8872,
121461767910,1608,12041,2849,4807,7150,8820,
121462267910,26845,1613,3204,5046,6950,8915,
121462767910,1779,1659,2912,4803,6830,8997,
121466267910,1924,2037,3799,5266,10844,11280,
121466767910,1438,1318,2793,4820,6762,8734,
121467767910,1377,1622,2791,4871,6900,8816,
121470267910,1609,1481,2901,4788,6930,8808,
121470767910,3460,13460,13859,5324,7036,8944,
121472267910,1671,1436,2801,4924,6842,8821,
121473267910,1622,1394,2767,4772,18444,18774,
121473767910,1490,12134,3048,4965,6886,8909,
121474267910,1424,1657,2894,4856,7231,9237,
121475267910,1750,11883,2985,4713,6894,9999,
121476267910,1611,12050,2862,4735,6839,8812,
121477267910,1630,11886,2961,4826,7295,8861,
121478767910,1585,1456,2766,4723,6848,8781,
121479267910,1591,1444,2860,4925,6948,9229,
121480267910,1420,11762,2908,4797,6735,8816,
121480767910,1706,1948,2991,5481,6846,8983,
121481267910,1588,12039,3123,4807,6886,8834,
121481767910,1608,1379,2940,4923,7278,9032,
121482767910,5297,11934,2842,4958,6843,8826,
121483767910,1460,1301,2817,4782,6795,8731,
121484267910,224965,12415,2846,5021,6933,8936,
121484767910,1440,11727,2874,4839,6800,8855,
121485267910,2211,12223,2901,5052,6731,8688,
121487767910,1884,1709,2922,4910,7075,9202,
121488267910,29292,12255,3221,4930,6807,8790,
121490267910,1684,12270,2849,5311,6944,8849,
121490767910,181042,1658,2932,4949,6844,8920,
121491267910,2450,12260,2828,4911,6812,8905,
121492267910,1627,1388,3134,4972,6806,8896,
121492767910,1590,2439,3044,4972,6805,8869,
121496767910,2505,12272,2893,4840,6873,8810,
121497267910,1873,2045,3230,5340,7375,9187,
121498267910,1302,1846,3042,4936,6719,8747,
121500767910,1502,1389,2755,4741,6762,9025,
121501767910,1572,1397,2967,4736,6714,8834,
121502767910,2017,12005,2804,4757,6828,8825,
121504767910,1630,1345,2822,4738,6732,8739,
121505267910,1861,1691,2938,4743,6856,8992,
121505767910,1653,11647,2815,4765,6841,8747,
121506267910,4456,1574,3135,4877,6878,8849,
121507267910,1478,1633,2751,4816,6805,8875,
121507767910,7692,1355,2998,5256,6806,9186,
121508267910,1840,1600,3269,4906,6895,8847,
121509267910,1673,11906,2960,4757,6712,9310,
121509767910,1541,1328,3016,4826,6787,8813,
121510767910,15277,1302,2939,4746,6700,8839,
121511267910,1940,12437,2858,4883,6837,8845,
121511767910,1617,1389,2779,4758,6751,8781,
121513267910,1455,1304,2825,4745,6743,8896,
121514267910,1865,1624,2749,4832,6680,8686,
121516267910,1833,1701,2929,5031,6886,8880,
121516767910,1553,1398,2737,4787,7077,8888,
121517267910,1390,1570,3004,4861,6733,8685,
121517767910,1384,1621,2858,4788,6792,8988,
121518767910,1506,11723,2834,4769,6722,8806,
121519767910,4450,1338,2863,4804,6741,8889,
121520267910,1595,1429,3028,4768,6807,8724,
121521267910,1558,1359,2986,5069,6818,8745,
121521767910,2443,1991,2813,4772,6766,8877,
121522267910,1821,1698,2923,4844,6854,8739,
121522767910,1571,11836,3471,4745,7281,8693,
121523767910,1602,2363,2814,5255,7389,8975,
121524267910,1564,1402,3035,5215,6911,9003,
121525267910,4018,1453,2920,4733,6798,9055,
121525767910,1804,1685,3024,4922,6771,9026,
121526767910,1419,11842,2984,4909,6744,8931,
121527267910,1683,1871,2913,5001,6851,8794,
121528267910,1731,11912,3021,4961,7320,8893,
121528767910,1863,1628,2961,5032,7039,8866,
121531767910,2380,1920,3001,4838,6956,8814,
121533767910,35584,12537,3028,4907,6786,8792,
121534767910,1660,1424,2904,4807,6774,8900,
121535267910,1850,12152,2777,5287,6962,9485,
121535767910,1610,12238,2717,4915,7020,8923,
121536767910,1268,1421,2899,4784,6686,8857,
121537767910,1952,1747,3012,4952,6842,8850,
121538267910,2014,1759,3718,4886,6779,8695,
121538767910,1436,1658,2971,4994,6937,9001,
121539267910,1487,2171,3032,4924,6731,8716,
121539767910,1582,11818,2812,4726,6738,8751,
121541267910,1917,11868,2893,4810,6824,8785,
121542267910,1800,12001,2864,4811,6757,8845,
121542767910,1374,1612,2790,4825,7169,8770,
121545267910,1677,11973,2866,4880,6883,8853,
121546267910,1797,1563,2994,4880,7026,8918,
121547767910,1550,1810,2803,4719,6704,8762,
121548767910,1958,1694,3304,4748,6730,8720,
121549267910,1501,1411,2876,4722,7139,8832,
121550767910,1563,1334,2937,4816,6887,8903,
121553267910,1906,1696,2719,4958,7046,8682,
121553767910,1857,1620,3050,5082,6957,9253,
121554267910,1707,1491,3019,4813,6884,9225,
121555767910,1734,1572,2904,4863,6853,8892,
121556267910,8484,11717,2940,4872,6831,9269,
121558267910,63798,11841,2937,4771,6830,8763,
121558767910,1571,1791,2727,4714,6759,9067,
121559267910,1599,1465,3076,4977,6854,8823,
121560267910,1650,1419,3147,4863,6963,9037,
121561267910,1308,1855,3245,4754,6705,8713,
121561767910,1617,11820,2857,4843,7036,8801,
121562267910,1728,1597,3076,4968,6926,8866,
121562767910,1500,11809,3142,4726,10599,10058,
121563267910,2443,1655,2838,4710,6725,8945,
121563767910,1343,1496,2754,4753,6743,8738,
121564267910,1876,12177,2984,4990,6794,9009,
121565767910,1485,11751,2799,4810,6879,8873,
121567267910,1664,1502,2853,4752,6759,8860,
121569267910,1465,11715,2920,4736,6711,8766,
121570767910,1342,1562,2770,4801,6849,8836,
121571267910,1641,11881,3524,4873,6755,8717,
121572767910,1444,1658,2950,4808,6702,8851,
121573267910,1306,1450,2862,4773,6839,8683,
121575267910,1568,1906,2771,5214,6788,8953,
121576267910,1953,1707,2983,4838,6896,9032,
121577267910,1748,1489,2827,4709,6757,8776,
121577767910,1600,12152,2750,4718,6715,8753,
121578767910,1665,1435,2905,4732,6678,9162,
121579767910,1585,12222,3059,4884,7042,8868,
121580267910,1557,11704,3046,4697,6855,8797,
121580767910,1682,1455,2997,4847,6811,8831,
121583267910,1715,11767,2970,5011,6950,8913,
121586767910,1569,11690,3261,4715,6958,8677,
121587267910,1671,1446,3015,4961,6874,9008,
121587767910,1626,11885,2888,4756,7237,8806,
121588767910,1345,1577,2970,4806,6860,8946,
121589767910,1591,1423,2905,4858,6764,8786,
121590267910,1604,1782,2733,4865,6757,8933,
121591267910,1604,1412,2798,4704,6848,8983,
121591767910,23685,1258,2926,4879,6744,8823,
121592267910,1938,12222,2922,8361,8886,9411,
121592767910,1533,1884,2902,4780,6802,8724,
121594767910,1427,11748,2999,4871,6876,9159,
121595267910,1500,1299,2885,4764,6737,9343,
121596767910,1915,12415,2969,5344,6968,8809,
121597767910,7000,12049,7320,8889,6915,9015,
121603267910,1507,11982,2893,4812,6995,8875,
121605267910,1447,1313,2757,4701,6735,8757,
121606767910,1662,12080,3183,4885,6830,8966,
121609267910,1682,1551,3123,4919,7168,8900,
121611767910,1652,11911,2996,4877,6910,9318,
121612267910,1768,1600,2995,4832,6924,9085,
121612767910,4631,4829,5261,5048,7155,8913,
121613267910,1555,1341,2975,4730,6723,8724,
121614767910,1627,11942,2786,4738,6992,8918,
121615267910,1208,1373,3006,4862,6968,8890,
121615767910,156289,1394,2912,5142,6837,8770,
121616767910,3599,3376,3503,5032,6845,8753,
121617267910,887,11084,2551,4564,6486,8419,
121617767910,1672,1842,3029,4782,6881,8996,
121618267910,1585,1461,3057,4866,6897,8956,
121619267910,1712,1599,3005,4917,6918,8792,
121619767910,1349,1599,2939,4808,6779,8823,
121620267910,1412,1605,3201,4799,6812,8781,
121620767910,1593,11859,2831,4735,6744,8804,
121621267910,1586,1373,2863,4830,6815,8981,
121621767910,53441,53805,53690,54146,55367,55870,
121623267910,1254,1438,2904,4776,6818,8924,
121623767910,1422,11780,2885,4749,6985,8831,
121625767910,1275,1441,3000,4823,6905,9040,
121626267910,1486,1272,3231,4723,6717,8792,
121627767910,4042,1405,2934,4781,6687,8788,
121628767910,1251,1438,2845,4941,6854,8788,
121631267910,2358,1965,3074,4863,7023,8998,
121631767910,1555,11972,2760,4947,6840,8811,
121632767910,1968,12181,2846,4824,7234,8707,
121634267910,1971,2495,2760,5012,6980,8956,
121635267910,1594,12291,2822,4977,6913,8816,
121637267910,1634,11889,2889,4887,6823,8703,
121637767910,2047,12177,2986,4942,6771,8771,
121638267910,1556,1336,3312,4916,7268,8795,
121638767910,1355,1592,3215,4935,7252,8731,
121639267910,1811,12205,2776,4865,6877,8910,
121640267910,1281,1478,2861,5031,6939,8880,
121641267910,2086,1698,3213,5020,6885,8930,
121641767910,1674,1443,3340,4970,7003,9082,
121642767910,1538,1326,3034,4854,6772,8852,
121643767910,1586,1435,2897,4834,6830,8767,
121644767910,3345,1610,3161,4915,6862,8810,
121645267910,1677,12250,2949,4870,6846,8880,
121647267910,1590,11962,2814,4885,6911,8799,
121647767910,1697,12006,2937,4931,6755,8853,
121648267910,54204,1271,2911,4889,6692,8749,
121648767910,1955,12162,3061,4960,6807,8775,
121650267910,1495,12138,2826,4753,7068,9136,
121650767910,3749,19266,4503,6313,9317,9351,
121652767910,NULL,NULL,NULL,NULL,NULL,NULL,
121653267910,NULL,NULL,NULL,NULL,NULL,NULL,
121655267910,2027,2972,3346,5771,6946,9182,
121656267910,2577,1906,3023,5155,6901,9158,
121656767910,1264,1455,2862,4782,6810,8896,
121657267910,1569,1388,3160,4860,7019,8936,
121657767910,17012,12383,3333,5012,6979,9003,
121658267910,1688,12184,2998,4828,6942,8907,
121659767910,1618,1396,3242,4674,6713,8979,
121661267910,1334,1480,3141,4664,6991,8811,
121661767910,1865,1559,2746,4736,6816,8845,
121662767910,1676,1417,2987,5065,7297,9027,
121663767910,1500,12271,3064,4847,6967,9078,
121664267910,1405,1954,3164,4760,6811,9019,
121666267910,1745,1474,3014,4964,7086,9452,
121666767910,2389,11980,2887,4804,6943,8747,
121667267910,1582,1342,2861,4926,7192,9061,
121667767910,1360,1738,2933,4733,7257,8873,
121668767910,1430,1868,2727,4693,6911,8762,
121670267910,1716,11968,2714,4802,6720,8749,
121671267910,1598,1347,3234,4740,6709,8739,
121671767910,1382,11891,3043,4801,6757,8842,
121672267910,1546,12427,2826,4757,6881,8818,
121672767910,1739,1611,2983,4830,6926,9067,
121673267910,1552,11790,2825,4654,6820,8858,
121674767910,1509,1360,3271,4760,6797,8750,
121675767910,1625,1409,3175,4758,6945,9326,
121676267910,2169,1970,3157,5014,7150,9008,
121677267910,9619,11880,2917,4904,6957,9171,
121677767910,1570,11856,3282,4775,6793,8913,
121678267910,1927,1745,2887,4829,6835,8923,
121679767910,1666,1535,3003,4761,7348,8746,
121680267910,1258,1447,2931,4999,7083,9187,
121681267910,2183,1928,2996,4923,6901,8785,
121682767910,1634,12019,2902,4959,6838,8763,
121683767910,1339,1489,2996,4882,7347,8799,
121684267910,1766,1529,3016,5139,6929,8813,
121684767910,116990,11786,2894,4716,7257,8880,
121686267910,1362,1493,2833,4892,6794,8928,
121686767910,1720,1903,2924,4763,6784,8799,
121688267910,1631,1686,2949,4703,6769,8751,
121689267910,1599,1370,2904,4744,6800,8813,
121689767910,1442,1646,3012,4849,6777,8888,
121690767910,79903,80203,80393,80564,80435,80648,
121691767910,1383,11732,2928,4876,6829,8871,
121692267910,1269,1485,3059,4793,6852,9130,
121692767910,7920,1676,2948,4752,6963,8744,
121694767910,1900,12218,2835,4880,6908,8816,
121695767910,1636,1505,2974,4700,7421,8842,
121696267910,1259,1974,2715,4737,6658,8733,
121696767910,1348,1575,2907,5077,6947,8948,
121697267910,1447,11620,2854,4727,7230,8690,
121698267910,1769,12041,5137,4938,6895,9021,
121698767910,1566,1301,2824,4865,6972,8802,
121699267910,1485,1661,2733,5006,6894,8858,
121699767910,1414,1319,2886,4724,6650,8715,
121700267910,1697,12146,2991,4957,7031,8785,
121700767910,1457,1263,3146,4781,6798,8852,
121701267910,1507,1735,2719,4919,6896,8721,
121701767910,1478,11703,2900,4763,6947,8859,
121702267910,1491,1308,3020,4793,7082,8867,
121702767910,1779,12178,3154,4954,6778,8759,
121703267910,1221,1397,2826,4835,6868,8845,
121704767910,1554,11792,2959,4773,6862,8809,
121706267910,1489,11936,2828,4742,6889,8767,
121706767910,13486,13918,14487,14593,14242,14433,
121707267910,59996,1507,2844,4760,6695,8855,
121707767910,2158,1399,3027,4689,6674,8747,
121708267910,1632,12059,2737,4688,6852,8853,
121709267910,1756,1539,2760,4756,6822,9176,
121709767910,1559,1886,2729,4787,6746,8786,
121713267910,1386,11614,2898,4669,6731,8896,
121713767910,1494,1317,2804,4846,6847,8751,
121714267910,1228,2012,2905,4802,6802,8720,
121714767910,1547,1310,2807,4910,6649,8648,
121715767910,1660,11816,2789,4738,7016,8941,
121716267910,3860,11750,2994,4885,6896,8714,
121716767910,1647,1431,2750,4681,6828,8766,
121718267910,1531,11970,2968,4776,6720,8932,
121721267910,1351,11737,2923,4688,6997,8778,
121723267910,1699,12006,2873,4807,6861,8876,
121725267910,1581,1350,3859,4908,6991,9049,
121725767910,1251,1385,2723,4788,6773,8715,
121726267910,17566,1816,3087,4818,6915,9179,
121727267910,1568,11988,2956,4894,6842,8964,
121727767910,1256,1589,2748,4879,6886,8860,
121729267910,7783,12139,2990,4769,7085,8989,
121730767910,6489,16845,6704,16709,6919,8897,
121731267910,1275,11695,3422,4939,6882,8891,
121732267910,1833,1530,2726,4816,6957,8835,
121733267910,16507,12234,3236,4770,6811,8891,
121733767910,1367,1398,3002,4947,7295,8885,
121734767910,1352,1547,2862,4702,6749,8702,
121736767910,1549,11721,2801,4708,6943,8706,
121737267910,1456,1654,3046,4947,6771,8945,
121737767910,1606,1687,2896,4727,6833,8753,
121738267910,1247,1454,2935,4877,6834,8830,
121739767910,1637,11777,2927,4930,7507,8789,
121741267910,1306,11784,3063,4797,6792,8930,
121741767910,1578,1365,2935,4861,7846,8800,
121742767910,91901,1300,2850,4784,6713,8809,
121743767910,1435,1713,3003,4714,6703,8693,
121744267910,1269,1544,2929,4724,6723,8882,
121744767910,1680,1562,3027,4995,6947,9033,
121745767910,1271,1420,2830,4838,6845,8796,
121746267910,1916,12193,3183,4710,6845,8889,
121746767910,1644,1429,2929,4694,6720,8812,
121747267910,1411,1593,2886,4866,7159,8910,
121747767910,1271,1456,2922,4893,7255,8899,
121748267910,33051,12172,2971,4782,6745,8770,
121749267910,1547,11909,2753,4675,6797,8802,
121749767910,1366,1568,3171,4692,6775,8777,
121750267910,1758,1615,2978,4860,6854,8726,
121750767910,1377,1688,2833,4798,6819,8765,
121752767910,1457,1336,2737,4683,6774,8721,
121753767910,1253,1439,2969,4774,6800,8718,
121754767910,2038,1647,2860,4805,6792,8790,
121756767910,1545,12215,2880,4886,6683,9175,
121759267910,2037,12185,3158,4721,7213,8839,
121760267910,1652,1408,2996,4800,6699,8698,
121760767910,1173,1344,2732,4713,6762,8655,
121761267910,3283,13334,3151,4759,6747,8797,
121762267910,1754,1566,2900,4756,7077,8773,
121763267910,1226,1431,2821,4797,6883,8837,
121763767910,1858,11911,2947,4846,6796,8768,
121764267910,1886,1622,3047,4717,6764,8823,
121764767910,1398,1298,2954,4830,6791,8773,
121765267910,1655,1443,2877,4782,6865,8727,
121766267910,1664,1428,3158,4755,6718,8709,
121766767910,1222,1370,2713,4654,6827,8944,
121768267910,1440,11789,3467,4778,6759,8778,
121769267910,2972,2614,2839,4771,6818,8831,
121773767910,1888,1713,2667,4743,6808,8794,
121774267910,1693,1772,3038,4751,6700,9032,
121775267910,1273,1409,2884,4892,6982,9014,
121775767910,271284,11743,2844,5778,7132,8876,
121776267910,253625,262555,261813,262019,262631,262264,
121777267910,17987,1575,3079,4944,6821,8914,
121778767910,1260,1387,2854,4721,6970,8949,
121779267910,2505,1338,2787,4868,7186,8916,
121780267910,30361,12172,2939,4963,6956,8966,
121780767910,1176,1353,2709,4758,6823,8956,
121781267910,1585,11686,2825,4971,6726,8845,
121781767910,1608,11812,2946,4836,6912,8845,
121782267910,1590,1778,3173,4935,7431,8792,
121783267910,1571,1413,2796,4810,7129,8923,
121783767910,1449,11637,3052,4955,6962,9013,
121784267910,1173,1315,2812,4673,6850,8789,
121784767910,1478,1708,2861,4696,6824,8829,
121785267910,1443,11737,3001,4757,6803,8807,
121785767910,300000,1400,4190,4827,6843,8819,
121788767910,1633,1421,2834,4726,6890,8760,
121789767910,1610,12022,2963,4792,6797,8777,
121790267910,111307,12430,3078,4844,6937,8878,
121790767910,300000,1466,3015,4756,6759,8787,
121792267910,1805,1587,2996,4891,6767,9150,
121792767910,1649,1509,3283,4753,7905,8837,
121795267910,1614,11847,2893,4790,6797,8801,
121797267910,1502,1414,2725,4763,6825,8752,
121798267910,1772,1433,2900,4855,6846,9215,
121798767910,42915,1507,2975,4947,6871,8781,
121799267910,255593,1700,3064,4955,6854,8816,
121800267910,1678,1478,2994,4791,6706,8872,
121800767910,1350,1641,2933,4816,6779,9211,
121802267910,1544,1330,2834,4720,7022,9001,
121803767910,1599,11679,2845,4752,6690,8812,
121804767910,1623,1388,2849,4873,6736,8807,
121805767910,1220,1407,2868,4920,6743,8783,
121807267910,1682,1908,3131,4913,6827,8766,
121809267910,1363,11802,2942,5469,6778,8742,
121810267910,1727,1808,2731,4725,6719,8659,
121811267910,1791,12080,3013,4990,6907,9224,
121811767910,1359,11821,2761,4803,6749,9065,
121817267910,2541,12412,2930,4864,7705,8839,
121818267910,1863,12054,2748,4694,6702,8760,
121818767910,6608,6832,7234,7327,7015,8879,
121819267910,1816,12215,2871,4750,7048,8752,
121820267910,1581,11865,2970,4818,6803,9171,
121820767910,1255,1818,2765,4744,7312,8852,
121821267910,1455,1368,2902,4746,6834,8785,
121821767910,1677,12368,2882,4938,6729,8719,
121823767910,1823,12215,3055,4778,6812,8816,
121825267910,1566,1415,4010,4823,6782,9030,
121825767910,1729,12167,3662,5067,6926,9190,
121827767910,1683,12149,2943,4896,6843,8721,
121829267910,1506,1361,2777,4788,6929,8973,
121829767910,1654,12235,2752,4735,7474,8930,
121830267910,1237,1557,2933,4873,6778,8865,
121830767910,1248,1469,2955,5082,7410,8807,
121831767910,1371,1543,2819,5014,6948,8884,
121832267910,1698,11805,2991,5048,7484,8690,
121833267910,11010,1348,3613,4731,6769,9706,
121834767910,1484,1373,2733,4805,6805,8887,

