,W-0,R-0,R-1,R-2,R-3,R-4,
126126696843,31648,12430,3081,5080,6930,8976,
126127196843,97937,2010,3432,7351,8373,9597,
126128196843,36439,1547,3270,5092,7139,9035,
126129196843,31985,1424,3725,4941,6954,9002,
126130196843,49753,12743,11068,10946,10837,10670,
126133696843,64713,12489,3090,4976,6962,9115,
126134196843,18361,1477,3205,4876,6991,8882,
126135196843,25037,1553,3306,5240,7137,9109,
126139196843,21710,12117,3129,5101,6992,8983,
126141696843,300000,1352,2912,4874,6827,8889,
126142696843,19120,11964,3329,5050,6863,8842,
126144196843,35615,13592,3297,5131,7356,8924,
126144696843,32505,12039,3201,4971,7006,8961,
126145196843,36259,12299,2976,4923,7015,9126,
126148196843,36080,13748,3410,4994,7524,8986,
126148696843,13573,12008,2958,4900,6900,9285,
126149196843,65202,1789,3058,5206,7003,9121,
126149696843,20843,1465,2889,5069,6859,8994,
126150696843,25260,12243,2972,4944,7042,8856,
126153696843,40075,1593,2978,4950,6894,9006,
126155696843,90251,1808,3006,5064,6899,9049,
126156196843,28817,1781,3130,5063,6971,8794,
126156696843,27478,1537,2903,4911,6793,8829,
126158196843,NULL,NULL,NULL,NULL,NULL,NULL,
126158696843,300000,1490,2782,4794,6874,8984,
126161196843,15917,1581,3028,4907,6805,8897,
126162196843,48913,1372,3596,9348,10233,9083,
126162696843,22795,1453,2892,5100,7117,9033,
126164696843,56117,1304,2894,4861,6868,8977,
126165696843,39574,1454,3013,4891,6791,8844,
126166196843,36834,11941,3397,5071,7052,9134,
126167196843,22065,12493,3107,5051,7503,9239,
126168196843,45962,12332,2995,4851,6815,9049,
126168696843,17943,12017,3101,5015,6905,8921,
126170196843,49848,12114,3012,4976,6948,8875,
126171696843,45152,12126,2836,4740,6769,8918,
126172196843,14863,11948,2823,5059,6961,8841,
126174696843,300000,12307,3058,5212,8768,9102,
126175196843,NULL,NULL,NULL,NULL,NULL,NULL,
126175696843,244434,74155,75314,73907,70007,69264,
126176696843,300000,1646,3008,5440,7249,8817,
126177196843,300000,1905,3522,4874,6958,9825,
126177696843,197974,91994,84979,87873,91478,89445,
126179196843,300000,165654,164532,165256,165028,165408,
126179696843,185782,12881,3063,5017,7045,9137,
126180696843,106825,1462,2813,4898,6787,8792,
126181196843,144242,12487,3198,5045,7118,9209,
126182196843,220425,12545,3247,5088,7034,9088,
126182696843,37427,1473,2906,4906,6976,8925,
126183196843,34685,11976,2965,4937,6911,8826,
126183696843,21477,1652,3321,5103,6896,8967,
126185196843,27009,1394,2925,4935,6783,8765,
126187196843,12418,12547,2897,4848,6797,8869,
126188196843,145068,1610,3102,5113,7086,9145,
126188696843,137451,2110,2938,5035,6806,8850,
126189196843,113124,12267,3083,5290,6925,9029,
126189696843,98688,12274,3124,5104,6955,8939,
126191196843,39004,11923,3074,4795,6754,8751,
126193696843,164781,12235,2901,4865,6806,8789,
126194196843,54505,12480,2964,4785,6889,8892,
126194696843,28896,1704,2876,5316,6954,8837,
126195696843,13256,1517,2907,4987,6859,8903,
126196696843,16228,12143,2950,4980,6797,8873,
126197196843,109361,12115,3075,5047,6900,8934,
126197696843,39203,1543,3096,4956,6889,8981,
126198196843,37990,1493,3025,4926,6961,9143,
126199196843,31942,12046,2898,4927,6818,8746,
126200696843,7806,12270,2901,5226,7605,8835,
126201196843,33942,1544,3034,5331,6890,8795,
126201696843,26586,12381,3934,4918,6896,8811,
126202196843,24900,11942,2950,5014,6815,8914,
126203696843,36915,1607,2917,4892,6748,8998,
126204696843,45153,1577,2898,4809,6822,8780,
126205196843,23391,12083,3085,5049,6785,9227,
126205696843,18544,11995,3006,4930,6769,8862,
126206196843,27823,11755,3270,4857,6937,8787,
126207196843,37445,1474,3053,4878,6739,8864,
126207696843,17869,1773,3002,4959,7020,8996,
126211696843,46478,11824,2988,4971,6749,8847,
126212196843,33569,1412,3346,4890,7019,8880,
126214196843,29881,1643,2869,5334,6759,8905,
126214696843,26673,12304,2817,4924,7004,8929,
126215196843,20906,1468,2957,5022,6768,8970,
126215696843,72024,2051,2907,4836,6720,9006,
126217196843,28333,11755,3095,4758,6988,8929,
126218196843,40981,1409,2965,4803,6739,8764,
126220696843,30668,1555,2950,4999,6770,8800,
126221196843,11422,12348,3028,4886,6722,8929,
126221696843,25751,1498,2975,4924,7011,9007,
126222196843,12506,1646,2834,4829,6914,8955,
126223196843,65353,11799,3001,4953,6749,8875,
126223696843,23715,1443,3119,4821,6787,8788,
126224196843,177383,12119,3008,5092,6770,8980,
126227696843,24799,11744,2847,4892,6957,8777,
126228196843,28412,11958,2857,4939,6835,8765,
126229196843,69971,11968,3022,4852,6981,8909,
126231696843,30846,11903,2993,4827,6749,8774,
126232196843,23109,12203,3084,5336,6910,8831,
126233696843,17318,12031,2881,5025,7117,9059,
126234696843,47440,1578,2889,5342,7119,9581,
126235196843,52459,12015,3087,4902,7319,8897,
126235696843,14668,12211,3060,4803,6860,9083,
126236696843,15877,11886,2955,4781,6786,8758,
126237696843,23319,1520,3058,5033,6805,8886,
126238696843,18899,1736,2903,4731,6818,9381,
126240196843,18139,12116,2851,5084,6922,8971,
126240696843,27685,1417,2955,4865,6866,9006,
126241696843,58102,11846,2878,4778,6825,8875,
126242196843,21098,11804,2935,5023,6906,8829,
126242696843,36388,11732,2976,4883,7013,8892,
126243196843,33516,2111,3819,5010,6815,8974,
126244196843,29513,1329,2781,5562,6842,8908,
126245196843,131037,12400,3010,5367,6721,8974,
126245696843,16336,1322,2919,4975,6954,8856,
126246196843,26612,11859,3084,4924,6873,9200,
126246696843,18563,1607,3234,5286,6885,8885,
126249196843,9324,12005,2948,4880,6795,8918,
126249696843,16720,1664,2982,4976,6850,8880,
126251696843,44081,4831,4986,5020,6796,8738,
126252196843,30397,11715,2855,4983,6797,9809,
126252696843,22995,11842,2959,4775,6799,8884,
126253696843,18603,1617,3077,5108,6843,9154,
126254196843,39098,1488,2966,4884,6917,8799,
126258196843,16031,11986,2851,4801,6857,8971,
126258696843,36791,1421,2755,4846,6737,8770,
126259696843,38479,1424,3143,4925,6714,8742,
126262196843,29201,1756,2949,8501,9534,9039,
126263196843,14057,12281,2947,4977,6957,8990,
126264196843,16282,11740,2927,4926,6814,8751,
126266196843,65152,1573,3100,4971,6870,9323,
126266696843,38841,12150,2883,4828,6871,9005,
126267196843,36502,11697,2734,4860,6791,8807,
126267696843,17353,11871,2793,4772,6725,8839,
126268696843,8798,1640,2799,4900,6838,9291,
126269196843,32980,11871,2773,4899,6791,8793,
126269696843,48210,1321,2844,5118,6778,8767,
126270696843,37815,11525,2939,4768,6760,8753,
126271196843,9327,1531,2999,4848,6787,9097,
126272196843,38407,12007,3460,4807,6724,8756,
126272696843,42339,12214,3020,5304,6837,8829,
126273196843,11606,12497,3021,5526,6916,8969,
126274696843,48988,17240,17334,17050,7060,8905,
126275696843,242562,1805,3092,5000,6863,9044,
126277696843,300000,1742,3210,5051,6847,8864,
126278196843,300000,11952,2914,5472,6995,8811,
126278696843,156920,23258,25740,16450,19122,20115,
126279196843,33688,1473,2965,4899,6853,8854,
126280196843,25755,1435,2832,4896,6917,8892,
126281196843,51079,11684,2835,4909,6785,8901,
126281696843,46475,1411,2883,4790,6922,8765,
126282696843,183396,12114,3026,5006,6840,9238,
126283196843,38380,1533,2865,4917,6899,8710,
126283696843,53348,12556,2893,4737,6816,9091,
126284196843,29506,1613,3076,5088,7004,8928,
126285196843,300000,NULL,NULL,NULL,NULL,NULL,
126285696843,NULL,NULL,NULL,NULL,NULL,NULL,
126286696843,111939,11957,2992,4809,6916,8807,
126287196843,45514,1600,3274,4796,6778,8946,
126288196843,21282,11941,2805,4886,6869,8923,
126288696843,26476,1461,2957,4799,6729,8895,
126289696843,32933,1559,2955,4992,6879,8960,
126290196843,9885,1348,2801,5036,6843,8953,
126293196843,141294,1449,2929,4772,6846,8868,
126295196843,42653,13241,3245,5480,8471,9517,
126296196843,50458,11873,3001,4910,6866,8757,
126296696843,31395,11988,3059,4924,6892,8919,
126297196843,41131,11575,2903,4807,6738,8763,
126298196843,16292,1426,2873,5377,6867,8907,
126299196843,39920,1521,2976,4823,6783,8838,
126299696843,38964,1499,2822,4860,6925,8851,
126300196843,19730,1534,2884,4855,6779,8796,
126300696843,12317,11915,2915,4882,6796,8775,
126301196843,49847,4747,4625,4883,6951,9361,
126302696843,39978,1382,2946,5108,6861,8903,
126303696843,25350,1417,3010,4912,6827,8787,
126304196843,51866,1611,2972,4964,6872,9009,
126306696843,14505,1524,2887,4899,6832,8765,
126307696843,39567,2455,3054,4884,6897,9023,
126309196843,34686,1417,3037,4890,6792,9016,
126310196843,25305,1642,3015,4774,6829,9214,
126310696843,41790,12326,2949,4849,6780,8925,
126312196843,19213,1428,3078,4844,6735,9228,
126314696843,11366,1486,2927,5032,6987,8747,
126315196843,37651,1590,2957,5042,6771,8908,
126315696843,12653,1438,2796,4905,6967,8925,
126317196843,300000,1746,3057,4994,6864,9014,
126317696843,NULL,NULL,NULL,NULL,NULL,NULL,
126319696843,46480,4618,6559,7301,10739,9956,
126320196843,39765,2882,6947,5055,7364,8518,
126320696843,13600,1485,3373,5090,6931,8714,
126321696843,54892,2125,2881,4845,6695,8924,
126322696843,24904,1821,2923,4839,6781,8782,
126323196843,72207,15492,15921,16028,7020,8857,
126323696843,49452,11562,2766,4722,6715,8702,
126324196843,54718,1361,2702,4986,6779,8828,
126324696843,44029,11893,2959,4889,6737,8728,
126325196843,285350,1407,2700,4666,6964,9064,
126325696843,140037,1411,2754,4717,6726,8850,
126327196843,36344,12068,2909,4964,6752,8718,
126328696843,300000,1701,3263,4948,6954,9024,
126330696843,29898,1367,2759,4817,6729,8829,
126332196843,12497,1506,2966,4977,7068,8841,
126332696843,27729,1543,3141,4971,6853,9023,
126334196843,130103,88074,88101,88386,88839,88523,
126334696843,52934,11950,3256,5306,7021,8845,
126336696843,29135,1289,2893,4907,6666,8687,
126337696843,69366,12484,2757,4890,6804,8845,
126338696843,20285,1467,2843,4965,6803,8777,
126339196843,13302,11944,2865,4775,6876,8790,
126340196843,37145,1600,3204,5110,6839,8876,
126341196843,21557,11818,2910,5000,6747,9222,
126341696843,13509,11759,2823,4914,6774,8740,
126342196843,34072,1889,3118,4741,6697,8731,
126344696843,41726,1459,2792,4729,6875,8726,
126348196843,26889,1498,2854,4724,6983,8832,
126348696843,24496,1539,2686,4756,6708,8765,
126349196843,33783,1428,2835,5144,6755,8819,
126350196843,76487,12030,8743,9240,9406,8987,
126351196843,28714,1698,2775,5263,6866,9266,
126351696843,25371,1429,2795,4827,6740,8813,
126352696843,10795,11968,2923,4987,6980,8905,
126353196843,29023,11849,2919,4778,6816,8839,
126353696843,44124,11987,2800,4781,6739,8760,
126354196843,27894,1564,2939,4967,6910,8785,
126356196843,44528,1446,2846,4943,6874,8942,
126356696843,13994,1526,3064,4973,7098,8965,
126358196843,26433,11755,2979,4970,6712,8851,
126359196843,43926,12064,3319,4864,6779,8713,
126364696843,35801,2017,3047,5018,7002,8947,
126366696843,23090,12017,3003,5211,7240,8904,
126368196843,41713,1702,2838,4739,7416,8948,
126370696843,15400,1465,2858,4821,7112,8926,
126373196843,40007,11675,2863,4925,6745,8873,
126373696843,15324,11661,2747,4761,6738,8996,
126374196843,31014,1454,2860,4891,6746,8874,
126374696843,37646,12261,2844,4747,6755,8803,
126376196843,52397,11874,2760,5643,6890,8925,
126376696843,22864,1460,2810,4906,6750,9087,
126377196843,15250,1405,2922,4782,6813,8776,
126378196843,34027,1395,2830,4718,6741,8699,
126378696843,20552,1642,3020,4877,6819,8931,
126379196843,13392,1430,2808,5019,6952,8803,
126379696843,140551,1776,3212,5110,6906,8849,
126380696843,37359,1935,2870,4859,6740,8838,
126381196843,41373,1630,3014,4942,6952,8768,
126381696843,22652,1807,2812,4896,6979,9006,
126382196843,43527,11838,2939,4904,6787,8819,
126382696843,36233,1537,3517,4756,6722,8734,
126383196843,46127,1411,2939,4728,6734,8715,
126384696843,13384,1388,2824,4953,6848,8750,
126385196843,35051,11898,2914,4996,6874,8904,
126387196843,20397,1831,2944,4930,6885,8968,
126387696843,86048,1520,2883,4693,6838,8839,
126389196843,76314,14607,14446,5055,6857,8849,
126390196843,106355,1376,2886,4909,6881,8765,
126392696843,20041,1458,2771,4762,6715,8783,
126393196843,98031,1462,2974,4958,6833,8884,
126394196843,92140,1542,2864,4771,6723,8812,
126395696843,116347,1776,3014,4976,6957,8941,
126396696843,8992,1394,2840,4953,6928,9027,
126398696843,44627,1440,3203,4914,6813,8841,
126399196843,60296,2650,3105,4711,6692,8804,
126399696843,102477,1304,2927,4850,6776,8716,
126400196843,104882,11774,2803,4813,6690,8751,
126400696843,50347,1377,2846,4716,6808,8779,
126401696843,31728,1499,2936,4718,6633,8903,
126402696843,9916,1529,3322,4828,6709,8759,
126403196843,24888,1461,2809,4816,6705,8660,
126404196843,54816,1810,2934,4944,6790,8739,
126405196843,33348,1407,2746,4696,6674,8775,
126406196843,12028,1373,2877,4691,6957,8742,
126406696843,27351,1604,2927,4737,6976,8805,
126408696843,81456,1358,2818,4686,6742,8700,
126409196843,24298,11976,2900,4803,6719,9351,
126409696843,42526,12483,2802,4848,6718,8829,
126410196843,300000,1406,3130,4901,6813,8817,
126411696843,31281,1373,2925,4796,6848,8813,
126412196843,23658,1416,2743,4800,6751,8765,
126414196843,26866,1515,2991,4770,6920,8714,
126414696843,16330,1572,2953,4911,6817,8868,
126416696843,17795,1378,2800,4950,6948,9019,
126417696843,47253,1820,3357,4954,6898,8847,
126418196843,55690,1732,2968,5060,7072,8994,
126418696843,53566,1503,2990,4749,6705,8850,
126419196843,40266,1609,2908,4787,6779,8759,
126419696843,48406,1615,2874,4812,6869,8895,
126421196843,13499,1373,2786,4834,6901,8955,
126422696843,41855,1375,2807,4670,6811,8822,
126423196843,19062,1376,2846,4921,6716,8755,
126424196843,31552,1423,2940,4843,6782,8801,
126425196843,128923,12224,3217,4965,7069,8930,
126425696843,16428,1511,2912,4985,6799,8845,
126427696843,24820,1561,2879,4704,6716,8790,
126428196843,43403,1984,2959,4709,6740,8673,
126428696843,14938,1526,2811,4756,6720,8823,
126429196843,9865,1521,2936,4940,6786,8696,
126430196843,54527,11730,3058,4982,7042,8963,
126431696843,41402,12411,2820,4827,6653,8712,
126432696843,25633,1452,2936,4830,6714,8720,
126433196843,23461,11801,3399,4806,6787,8766,
126433696843,38427,11630,3023,4804,6747,8843,
126434196843,16795,1444,2963,5068,6910,8807,
126434696843,32455,1498,2979,5061,6989,8741,
126436196843,34807,NULL,NULL,NULL,NULL,NULL,
126437196843,28096,1387,3142,4654,6762,8688,
126437696843,15544,1624,3039,4974,6974,9291,
126438696843,56349,1315,2722,4846,6622,8739,
126439196843,42995,2021,3829,5650,6721,8700,
126439696843,12528,1234,3432,4734,6639,8775,
126441196843,7808,12098,2950,4889,6930,8798,
126441696843,11004,1375,3476,5000,7103,8892,
126442696843,30140,1496,2952,4955,6834,8963,
126444196843,132433,11754,2906,4840,6761,8782,
126445196843,13117,1508,3396,5140,6898,8783,
126445696843,125391,1621,2886,4848,6886,8894,
126446196843,46811,11733,2973,4972,6871,9383,
126447696843,22797,11746,2936,5015,6957,8813,
126448196843,80313,1694,2898,4982,6850,11336,
126449696843,120445,1521,2885,5537,9017,9561,
126450696843,66556,12513,2889,4679,7111,8872,
126451196843,48010,1434,2765,4852,6851,8882,
126452196843,38071,1477,3065,4937,6851,8839,
126453196843,45060,11825,2905,5400,6725,8740,
126453696843,37431,1411,2759,4775,6727,8726,
126454196843,151786,1619,2994,5107,6744,8786,
126456196843,37556,1422,2829,4821,6757,8802,
126457196843,20674,11801,2828,4753,6841,8894,
126457696843,24117,11777,2743,4779,6687,8748,
126458196843,39408,12528,3040,4892,6724,8781,
126458696843,42526,1385,2772,4725,7890,8860,
126459696843,27192,1535,2912,4722,6790,8831,
126460196843,19348,1531,2867,5572,7095,9493,
126460696843,44923,1658,2930,5212,6855,9136,
126461196843,32543,1376,3307,4736,6893,8814,
126461696843,37814,1507,2784,4707,6849,8764,
126462196843,19515,1324,2791,4882,6769,8731,
126462696843,22413,1285,2877,5247,6838,8879,
126463196843,39282,1401,2856,4826,6803,8957,
126463696843,19412,1397,2758,4745,6811,8856,
126464196843,10535,1373,2789,4842,6934,8886,
126464696843,22653,1417,2711,4818,6768,8720,
126466196843,21526,1466,2854,4719,6796,8844,
126467696843,10477,1516,2894,4970,6812,8794,
126468196843,55634,1352,58455,57739,58743,57980,
126468696843,24359,1561,2820,4727,6733,8816,
126469196843,28720,1579,3047,4889,6865,9246,
126469696843,44112,1960,2829,4771,6877,8715,
126470696843,48725,1531,3039,4993,7009,8803,
126471196843,30132,1717,3035,5093,6841,8922,
126474696843,38265,1344,2838,4694,6699,8669,
126475196843,18536,11743,2868,4749,6704,8688,
126475696843,39390,12069,2884,4727,6776,8829,
126476196843,42833,11735,3100,5378,6835,8975,
126477196843,44073,1442,2820,4712,6725,8730,
126477696843,30771,1554,2877,4749,6758,8751,
126478196843,17031,1467,2786,4731,6877,8892,
126479696843,44500,1395,2670,4691,6706,8683,
126482696843,28718,12322,2971,4758,6945,9005,
126484696843,47996,1873,3008,4883,6769,8745,
126486696843,43071,12039,2893,5042,6929,8789,
126487196843,20697,2740,3272,4939,6821,8763,
126487696843,45062,1387,2852,4847,6721,8814,
126488696843,22986,11773,2806,4795,6904,8802,
126489196843,12486,1688,2903,4867,6781,8807,
126490696843,39869,1594,2909,4943,6811,8777,
126492196843,14262,1348,3077,5305,6730,8842,
126492696843,34522,1305,2825,4853,6789,8789,
126493696843,50014,11901,2852,4873,6911,9706,
126494696843,20247,1635,2854,4841,6895,8950,
126495196843,35643,1323,3005,4891,6807,8802,
126496196843,48719,11574,2825,4729,6711,8741,
126498196843,93730,1326,2840,4967,6794,8804,
126498696843,28510,1600,2859,4734,6805,8901,
126499196843,9568,1650,3351,4738,6714,8794,
126499696843,34445,11779,2747,4896,6870,8833,
126501196843,28111,11790,2891,4767,6795,8747,
126502696843,27331,1473,2706,4862,6823,8786,
126503196843,117891,1412,2704,4829,6834,8805,
126504196843,31479,11822,2804,4780,6848,8849,
126505196843,55487,11610,3077,4741,6720,8710,
126505696843,25322,1643,2910,5010,6976,8810,
126506196843,40441,1459,2991,5020,6757,8747,
126507196843,16479,11861,2748,4753,6737,8810,
126507696843,30406,1324,2986,4784,6825,8934,
126508196843,39971,11944,2785,4828,6782,8797,
126508696843,49312,1647,3226,4936,6772,8756,
126509196843,94047,1414,2871,4719,6688,8679,
126509696843,37977,1298,2747,5600,6829,8720,
126510696843,29655,1656,2870,4815,6869,8929,
126511196843,15585,1417,2874,4956,6746,8668,
126511696843,30436,1539,2817,4885,6807,8709,
126512196843,76278,1542,2807,4746,6801,8808,
126514196843,30984,11734,2797,5283,7451,8728,
126515196843,9117,12395,2844,4795,6848,9399,
126516196843,22252,11717,2855,4806,6790,8954,
126518196843,8000,1445,2896,4797,6814,9032,
126520696843,37453,1582,3831,4693,6743,8814,
126521696843,19005,1387,2759,4787,6783,8726,
126522196843,139694,1584,2760,4814,6912,9281,
126522696843,35458,1393,3407,5000,6920,8787,
126523696843,58934,1376,3032,4779,6849,8990,
126524696843,48901,11767,2975,4827,6935,8922,
126525196843,21282,1474,2948,5309,6713,8755,
126525696843,12850,1523,2972,5008,6836,8758,
126526196843,13384,1479,2707,4712,6669,8720,
126526696843,49087,1581,2973,4966,7276,8953,
126527696843,35399,14465,4445,4901,6796,8729,
126528196843,49976,1260,2759,4767,6783,8783,
126529696843,14749,1524,3388,4921,6705,8815,
126530696843,78372,1611,3135,4969,6871,8754,
126535196843,31250,1667,3095,4980,7131,9079,
126535696843,20949,1618,2829,4906,6721,8778,
126536696843,18586,1465,2921,4763,6790,8759,
126537196843,39377,1429,2835,4991,6922,8895,
126537696843,43090,11733,2835,4796,6832,8795,
126538696843,21195,1500,2964,5012,6807,8812,
126540196843,66405,1818,2989,4956,6840,9035,
126540696843,18690,1455,2801,5053,6803,8735,
126541696843,37730,1657,3062,5042,6998,8995,
126542196843,21713,1353,2804,4717,6718,8782,
126542696843,148375,12363,2775,4960,6892,8893,
126543196843,36715,11737,2934,4875,6976,8947,
126543696843,28120,1475,2813,4915,6822,8891,
126544696843,47952,1600,3092,4789,6882,8781,
126545196843,41955,12232,2857,4748,6712,8748,
126545696843,16901,11568,2732,4721,7477,8753,
126546196843,37676,1352,2847,4818,6790,8809,
126546696843,31133,1446,2952,4985,6787,8752,
126547196843,28138,11683,2735,4873,6718,8826,
126550196843,27983,11797,2892,4776,6915,8803,
126551196843,29131,1505,2787,4880,6732,8788,
126551696843,15862,1389,2730,4731,6874,8770,
126552196843,36838,1695,3030,4821,6828,8900,
126553696843,41763,1660,2980,4974,7049,9663,
126554196843,22465,11565,2826,4743,6689,8776,
126556696843,23380,1439,2784,4832,6827,8933,
126558696843,66095,1426,2953,4798,6747,8904,
126559696843,28902,1348,2701,4745,6821,9020,
126560196843,9492,11646,2885,4921,6786,9604,
126560696843,47568,1475,2902,4961,6827,8758,
126561696843,26269,1547,2964,4741,6742,8756,
126562196843,30237,12445,3198,4926,6908,8944,
126563696843,16526,12087,3676,4978,6894,8851,
126565196843,29386,1437,3000,4979,6825,8726,
126566196843,48498,1305,2809,5011,6748,8856,
126567196843,115995,1754,2841,5072,6894,8703,
126568696843,20747,1457,2980,4865,6693,8727,
126570696843,20746,1567,3109,4698,6649,8677,
126571696843,36805,1597,2655,4716,6804,8823,
126572696843,39855,1609,3008,4784,6852,8818,
126573196843,32754,11524,2691,4778,6682,8813,
126578696843,236701,8812,10427,11018,10819,10330,
126579696843,189629,1699,2963,5115,7072,9320,
126580196843,27962,11894,2919,4709,6809,8826,
126580696843,36632,11977,2779,4761,6748,8736,
126581696843,10798,11627,2929,4827,6717,9058,
126582196843,8469,11880,2878,4876,6948,9057,
126582696843,40718,11899,2956,5009,6943,8987,
126583196843,300000,11764,2756,4827,6761,8742,
126585196843,29197,1494,2766,4737,6773,8702,
126586696843,42465,11733,2726,4765,6747,8853,
126587196843,45906,1243,2768,4740,6661,8679,
126589196843,47023,11848,3018,4924,6734,8710,
126590696843,22319,1542,3119,5098,6986,8975,
126591196843,39861,12001,3096,4873,6826,8939,
126591696843,32462,1491,2810,4658,6904,8857,
126592196843,24434,1421,2913,4806,6886,8873,
126593196843,280408,12402,3017,4949,6821,8929,
126593696843,34298,11721,2902,5097,6761,8761,
126594696843,26722,1555,2787,4987,6888,8872,
126596196843,51862,1453,2823,4783,6859,8910,

