,W-0,R-0,R-1,R-2,R-3,R-4,
135064625231,4061,12347,5513,5027,7055,10862,
135065125231,3657,3270,14202,5026,7031,20047,
135066125231,3295,12969,3236,5449,7076,9128,
135067125231,4076,13053,3072,5110,7170,9384,
135068125231,258994,271047,271296,265607,266472,266297,
135071625231,NULL,NULL,NULL,NULL,NULL,NULL,
135072125231,185724,189541,193276,189125,216542,194699,
135073125231,5812,24483,16667,31757,9688,19731,
135077125231,3726,12013,3002,4993,6946,8972,
135079625231,3347,13002,3089,5413,6948,8921,
135080625231,3937,12305,3040,5020,6919,9026,
135082125231,3532,12289,3009,5029,7037,8963,
135082625231,3854,12549,3019,15924,6891,19848,
135083125231,3110,12110,2881,4968,7071,8962,
135086125231,5181,12529,13883,4937,6995,8834,
135086625231,3978,12048,13762,15683,6984,9922,
135087125231,3652,12050,13880,5062,6914,8811,
135087625231,7983,12167,13911,5078,6998,8942,
135088625231,3722,23916,24869,5599,28652,30385,
135091625231,3928,11967,3030,5137,7169,8980,
135093625231,3632,11958,3073,4995,6898,8907,
135094125231,3142,12089,2947,5521,6736,8925,
135094625231,3133,11997,3597,4805,6873,8809,
135096125231,3817,12531,2815,4943,7599,9035,
135096625231,3732,12546,2912,5016,7281,8921,
135099125231,6824,12182,14898,5401,7060,8985,
135100125231,4702,12167,13729,4950,6913,9081,
135100625231,4000,12183,3132,5100,6834,9137,
135102625231,22485,23463,24419,26540,28626,30682,
135103625231,5112,12226,13868,4956,6839,8914,
135104125231,5239,12121,13978,5063,6909,9086,
135105125231,103883,12260,2858,5017,6929,8907,
135106125231,2929,12014,2815,4740,6864,8889,
135106625231,3546,12585,2975,5022,6812,8765,
135108125231,3324,12348,3014,5061,6971,8967,
135109625231,3941,12146,3018,4981,6937,8900,
135110125231,3682,12075,3056,5043,6953,8960,
135112625231,5216,12637,14076,4963,6952,9011,
135113125231,5346,12548,13946,5064,17719,9082,
135113625231,5091,12439,13746,4920,6808,8685,
135114625231,3702,12561,2837,4891,6736,8977,
135115125231,3103,11965,2881,4920,6735,8747,
135115625231,3905,12996,3000,4915,6965,8912,
135117125231,3174,12062,2876,4992,6876,8868,
135117625231,3605,12076,3001,4922,6858,9003,
135118625231,4073,12725,13736,5117,28662,41189,
135119125231,2693,12067,2895,4895,6938,8910,
135120125231,3924,11947,2904,5094,6964,8905,
135120625231,3902,11918,13728,4869,6814,8904,
135121125231,3720,12354,2877,4876,6833,9691,
135121625231,5576,12149,13680,4905,6898,8903,
135123125231,3695,11841,2950,5033,6824,8760,
135125125231,106376,12285,57101,26746,7012,41318,
135126125231,3696,12153,2928,5028,6847,41634,
135126625231,3799,12180,13853,5012,6966,8951,
135127125231,6679,12502,24610,26572,17608,30814,
135127625231,9376,12144,13836,15847,18019,8930,
135129125231,3306,23164,24959,27059,6947,9028,
135131625231,5748,12299,13717,16406,17958,19920,
135132125231,3702,12591,2951,5068,7009,9062,
135132625231,3685,12087,2868,4987,7297,8925,
135133625231,3391,12318,3142,5040,6918,8842,
135134625231,3632,11909,2927,4958,6869,8882,
135135125231,4538,12303,13740,5047,6918,8940,
135135625231,3727,12134,3016,5091,6817,8977,
135136125231,4369,12022,14076,5059,6931,9358,
135137125231,4962,11851,13963,5894,7151,8712,
135138625231,4428,12205,3156,4857,6854,8944,
135139125231,3496,12218,2862,4898,7128,8981,
135139625231,3582,12233,3201,4854,6884,8908,
135140125231,5824,12526,13920,5135,6962,8964,
135141625231,3677,12008,3162,5106,6907,8894,
135142625231,3684,12713,15390,16422,7069,8968,
135143125231,3667,12308,2962,4912,6908,8831,
135143625231,4015,12259,2906,4891,6988,8763,
135144125231,3650,12471,2893,5066,6926,8890,
135145125231,3673,22842,13926,26626,6872,8797,
135145625231,3718,12109,3012,5032,6901,8925,
135149625231,3710,12132,3008,4885,6968,8859,
135150125231,4062,12116,3095,5185,6981,9004,
135152125231,3062,11956,2858,4910,6855,9339,
135152625231,4116,12112,3183,4967,6879,8736,
135153125231,3919,12097,13755,4925,6895,8867,
135153625231,3748,11985,13876,4857,7015,9403,
135155125231,24211,12077,2888,4923,6822,9041,
135156125231,3966,12908,13880,4947,6928,8835,
135158625231,54940,11984,2943,4826,6720,8836,
135159125231,9739,12242,13881,5135,18294,9019,
135159625231,3540,12005,2812,4901,6881,8905,
135160125231,3532,22583,13860,4917,6920,19720,
135161125231,3574,12016,2816,15949,6947,19942,
135161625231,3673,12450,2901,5239,6829,8813,
135162125231,12744,66517,2950,4916,6923,8893,
135165625231,4894,12008,13929,5056,7105,9112,
135166125231,3467,11942,3022,4863,6665,8914,
135167125231,5015,12749,13598,4913,6736,8896,
135169625231,3961,12585,3001,4973,7093,8893,
135170125231,3914,12379,36735,48455,6941,8993,
135171625231,12269,12397,2933,4863,6741,8938,
135172625231,3747,22763,2890,5488,28413,8901,
135173125231,59417,12392,3124,15916,17985,8987,
135173625231,3764,12344,2734,5099,6767,8902,
135174625231,4965,11634,13567,15596,6856,8742,
135175625231,3859,12135,13907,4875,6837,8755,
135176625231,3582,12180,2904,4868,6693,9024,
135178125231,2623,11964,2846,4949,6755,8881,
135178625231,4174,12484,3007,4908,6836,8747,
135179625231,3856,12148,2972,4989,6819,8819,
135180125231,3854,12002,2997,4907,6937,8873,
135180625231,4017,11846,13764,4862,6754,8913,
135181125231,4016,11842,2967,4921,6899,8730,
135182125231,4531,12161,13817,5730,6742,9530,
135183125231,3874,12340,3153,5049,6767,8883,
135183625231,3521,11980,2931,5002,6910,8836,
135184125231,3907,12171,3049,5067,6978,8934,
135184625231,16140,12112,14024,5532,6879,9037,
135187125231,9068,11655,3045,4813,6652,8702,
135187625231,3825,12237,2970,5626,7052,8802,
135189625231,3489,11841,2908,4892,6832,8945,
135190125231,3708,11908,3004,4972,6999,9953,
135190625231,3641,11864,2971,4912,6703,8898,
135191625231,3525,12299,2998,4886,6880,8918,
135192125231,4354,12071,3129,4889,7022,8950,
135196125231,3560,12311,2879,4923,6756,8763,
135196625231,60713,44351,2940,4760,28563,41176,
135197625231,4391,12333,2867,5097,7282,8956,
135200125231,NULL,NULL,NULL,NULL,NULL,NULL,
135201125231,5183,33185,15221,34762,26953,19600,
135202125231,3487,11936,2714,4913,7291,10365,
135204125231,3735,11988,2868,5009,6949,8837,
135204625231,3908,12337,13657,4956,6992,8980,
135205125231,3705,12235,2767,15727,17486,8899,
135205625231,3697,12062,2996,4969,6846,8763,
135206625231,3494,11872,2925,4879,6841,8937,
135207125231,3842,11807,3701,4737,6912,8762,
135207625231,19326,12030,3005,4972,6766,8756,
135208625231,3588,12041,2932,4919,6969,8994,
135209125231,3749,11996,3068,5021,6882,8838,
135210125231,7873,16736,16341,16414,17898,9118,
135210625231,4953,12180,14004,4745,7157,8939,
135211125231,8507,11895,2966,5068,6727,9013,
135212625231,4492,11843,13877,5140,6736,8897,
135213625231,11536,23316,13868,15898,17599,19826,
135215625231,77262,12024,2980,4834,6838,8753,
135216125231,5819,11701,13633,4872,17729,8725,
135216625231,3650,12736,3012,4948,6875,8993,
135217125231,3553,12041,2830,4812,6742,8914,
135218125231,3823,12266,3083,4880,6927,8873,
135219125231,3814,12458,3115,4805,6918,8855,
135219625231,3617,11924,2744,4890,6817,8765,
135220625231,5081,11696,13503,4899,6859,8926,
135221125231,4949,12385,13812,4743,6705,8704,
135221625231,3997,11858,2980,4921,6956,8953,
135222125231,3653,12004,2732,4959,6719,8936,
135223125231,24102,11714,2843,4826,6863,8838,
135223625231,3683,12000,3057,4888,6855,8879,
135224625231,3756,12205,3006,5095,9645,9427,
135225125231,11225,12134,13558,4710,6676,8897,
135226125231,3563,11887,3188,4950,6894,8815,
135226625231,3536,12245,13831,16414,17399,19523,
135227625231,3949,11975,3097,4966,17662,8890,
135228125231,3003,12068,2830,5058,6688,8804,
135231125231,3761,12264,2902,4904,6897,8804,
135233125231,2556,11911,2733,4749,6711,8804,
135234125231,3502,12180,2744,4988,6881,8945,
135234625231,5125,12060,13671,4956,6686,8876,
135235125231,109998,12052,13667,4728,28574,19567,
135236125231,3590,12323,2813,4806,6912,8759,
135237125231,3630,12038,13741,4872,6767,8833,
135237625231,2935,11952,2752,4802,6743,8857,
135238125231,3845,12159,3053,4964,6934,8949,
135238625231,3536,12211,2846,4699,6714,8729,
135239125231,3825,12178,2937,4936,6882,8927,
135240625231,3548,11839,3013,5192,7266,8919,
135241625231,3568,11916,2958,5514,6741,8887,
135242125231,3620,12010,2983,4853,6696,8750,
135244625231,3686,12381,2929,4876,6703,8716,
135245625231,3647,11984,2960,4946,6835,8952,
135247125231,3729,12008,2923,4697,6948,8698,
135248125231,2961,11914,2835,4897,6890,8846,
135248625231,3506,22932,3022,15910,17700,8936,
135250125231,3568,12110,2756,5138,6836,8892,
135252625231,5152,12299,13932,4938,6748,9399,
135253125231,4948,11965,13990,5132,6719,9171,
135253625231,3594,11999,2886,4859,6708,8836,
135255125231,3881,12073,2976,4752,6998,8835,
135255625231,4983,11864,13644,4733,6716,8727,
135257625231,300000,12641,13680,15641,6704,8872,
135258125231,185526,190195,199977,205742,198137,186038,
135258625231,1197,NULL,NULL,NULL,NULL,NULL,
135259625231,3568,12289,3964,5163,7296,8728,
135260625231,3658,12647,14164,4959,6944,8944,
135261125231,4622,12021,13704,4854,6666,9449,
135261625231,3457,11960,2686,15713,17360,19578,
135262125231,3379,11880,2859,5375,6835,8909,
135262625231,124581,11915,2965,4902,6803,8954,
135263125231,3536,11809,2897,16427,17479,9323,
135263625231,3534,11890,2953,4751,6608,8836,
135265125231,115644,121571,122934,124475,115191,118502,
135266625231,1382,NULL,NULL,NULL,NULL,NULL,
135268625231,3577,11625,2645,4922,6618,8846,
135270125231,45018,44297,45860,48353,49614,52326,
135270625231,4666,12071,3059,5186,6721,8855,
135272125231,3876,11940,3024,4994,6826,9022,
135272625231,3580,11916,13831,4856,6932,8934,
135274625231,3875,12034,2851,4714,6950,19675,
135275625231,300000,12074,35823,16096,17620,8944,
135276625231,39742,11839,13615,4880,6726,8862,
135277125231,3707,12346,2728,4733,6756,8813,
135278125231,4943,12048,13705,4737,6698,8723,
135279125231,2488,11891,2908,4943,6833,8725,
135279625231,22984,34453,24384,37142,28217,41123,
135280125231,18506,33576,35347,26913,17811,19486,
135282625231,3517,11721,13571,4727,6675,8767,
135286125231,3546,11942,2817,4651,6667,8714,
135286625231,3661,11978,2704,4925,6877,8851,
135287125231,3673,11951,2950,5030,6955,8871,
135288125231,32110,12188,3050,44979,6913,19857,
135289125231,7527,22760,13731,16157,6724,30406,
135289625231,2472,11846,2855,15761,6655,8727,
135290625231,65067,12096,3063,4865,6874,9022,
135291125231,5161,12047,13944,4971,6695,8888,
135291625231,3500,12035,2831,15705,17720,8814,
135292125231,3454,11995,2932,4883,6818,8822,
135294125231,3701,11918,13669,4940,17730,9062,
135294625231,3650,11961,2954,4883,17602,8889,
135296125231,3625,12027,2825,4906,6631,8997,
135297125231,3632,11923,2916,5069,6835,8847,
135302625231,3623,12069,2881,5127,6853,8893,
135304625231,1423,NULL,NULL,NULL,NULL,NULL,
135306125231,3944,11732,2681,5197,6549,8672,
135308625231,2956,11953,3222,5028,6835,8879,
135311125231,5227,12050,13927,4854,6739,8943,
135311625231,4211,12068,13594,4948,6729,9333,
135312125231,3537,11936,2838,4897,6808,8883,
135312625231,3702,12050,2667,4961,6913,8876,
135314125231,141960,54395,2978,15704,6707,19368,
135314625231,3978,11672,2819,5157,6662,8678,
135315125231,4039,12305,13609,15640,6827,8733,
135316125231,15328,12117,3054,4895,6644,8722,
135316625231,12666,12405,2801,4762,6835,8851,
135317125231,2911,11530,2766,4807,6732,8761,
135317625231,3861,12252,3028,5032,6872,8931,
135318625231,2910,11888,2831,4826,6864,8757,
135319125231,13011,11981,3031,4925,6839,9362,
135319625231,3027,11755,2899,4649,6904,8913,
135320125231,3546,11884,2938,4907,6873,9074,
135320625231,3689,12704,13568,4971,17546,8811,
135321125231,11933,12051,13902,15882,17359,19492,
135322625231,12311,12393,2914,4964,6942,8924,
135323125231,2489,12236,2876,4942,7004,9059,
135325125231,5322,11723,13549,5055,6651,8825,
135325625231,3576,11923,2951,4893,6813,8882,
135327125231,3947,11848,3309,4922,6819,8710,
135328125231,3543,11817,2821,4875,6763,8886,
135330625231,3500,11868,3002,4846,6757,8721,
135331125231,3613,11854,13342,15415,17446,8756,
135332125231,4477,11736,13519,4901,6663,8739,
135333625231,3818,12096,3262,4876,6871,8927,
135334625231,3670,11926,2859,5173,6765,8847,
135336625231,6441,11726,2929,4803,6734,8743,
135337125231,3626,12050,2974,4692,6871,8718,
135337625231,3082,11767,2932,4942,6733,8867,
135338125231,3801,11841,2874,4878,6754,8859,
135338625231,4586,11808,13597,15822,7035,8878,
135339625231,5987,11835,24546,4942,6822,8895,
135340625231,3694,12095,13522,4748,6900,8861,
135341125231,3428,12010,2951,4730,6827,8919,
135342125231,3055,11861,2835,4933,6864,8913,
135343125231,4900,11657,24115,4717,17529,19448,
135344125231,3641,12027,2911,4756,6714,8736,
135344625231,3612,11883,2994,4763,6683,8988,
135346625231,3623,11680,2887,15621,6701,8706,
135347125231,5187,11958,2934,4733,7036,8832,
135347625231,3724,11635,3223,4884,6766,8742,
135348125231,3997,11932,2931,4946,6846,8927,
135349625231,118834,120096,121245,124052,125111,126977,
135350125231,5049,11685,13597,4724,6767,8808,
135352125231,3768,11888,3017,5661,6680,8695,
135352625231,3169,12069,2968,5097,6707,8674,
135354625231,3083,12141,3105,4888,6829,9196,
135355625231,4912,12009,13608,4847,6886,8913,
135356125231,210720,12015,2911,4850,6809,8863,
135356625231,3485,11557,2993,4903,6993,8912,
135357125231,3556,11853,2888,5049,6734,8726,
135357625231,5138,12034,13553,4979,6909,8743,
135359125231,7310,11892,13393,15560,17481,8760,
135360625231,3730,11862,13704,4832,6746,8818,
135361125231,5762,12095,13453,5146,6918,9120,
135362125231,3628,11824,3129,4813,6685,8757,
135363125231,3750,11917,3147,4980,6648,8740,
135363625231,3498,11676,2819,4717,6730,8729,
135365625231,5036,11855,13487,4874,6823,8721,
135366125231,3321,11808,2978,4852,6873,8724,
135366625231,4913,12254,3103,4855,6947,8739,
135367125231,2766,11852,2995,4912,6727,8832,
135368125231,3535,11608,2959,4676,6677,8664,
135369625231,3577,11641,46329,15531,6801,8907,
135370625231,2505,11820,2845,4701,6954,8804,
135371125231,3944,11901,13580,4825,6866,8819,
135371625231,3610,11969,2838,4847,6692,8739,
135372125231,3700,22396,3005,15647,28302,30211,
135372625231,5000,33164,3002,15637,17367,8880,
135374125231,3549,11879,2725,4746,6765,8753,
135375125231,3641,58736,13826,4862,28920,30824,
135375625231,1090,NULL,NULL,NULL,NULL,NULL,
135376625231,2685,11631,2647,4732,6871,8541,
135377125231,4042,11840,13377,4703,6620,8707,
135377625231,3194,11883,25130,37329,17445,30101,
135379125231,3721,11651,2921,4818,6677,8915,
135379625231,3425,11888,2729,4741,6690,8768,
135380625231,3690,22690,2758,15714,17474,30428,
135382125231,3568,11958,2973,4813,6822,8828,
135383125231,5062,12023,13552,4929,6944,8848,
135383625231,3953,11863,13581,4755,6834,8950,
135384125231,2877,11697,2810,4853,6649,8697,
135385625231,5167,11897,13641,4992,6841,8940,
135386125231,3544,11923,2900,4879,6716,8853,
135387625231,5085,13564,14826,5418,7014,9053,
135388625231,3511,22531,3007,4852,6739,19833,
135389125231,3926,12046,13599,4852,6980,8828,
135390125231,3628,11861,2931,4795,7102,8984,
135391125231,3476,11935,2967,5014,6661,8934,
135391625231,3888,11895,3309,4913,6849,8958,
135392125231,3755,11838,2849,4944,6815,9187,
135394125231,3949,11871,2825,4893,6716,8854,
135395125231,106134,119383,111730,112890,115366,116066,
135395625231,4136,11892,2970,4989,6754,8831,
135396125231,5076,22742,13631,26670,17722,19443,
135396625231,3931,11689,2750,4938,6812,8885,
135397625231,3655,11949,13559,5001,6900,8704,
135398125231,3439,11976,13655,5026,6805,8758,
135398625231,3759,12181,3022,5051,6821,8768,
135399125231,4443,11993,3002,4739,6816,8677,
135399625231,3954,11896,2937,4678,6839,8698,
135400125231,3714,12042,2847,4744,6810,9109,
135400625231,5020,12135,13693,4842,6632,8854,
135401125231,5722,11735,13648,4817,6631,8846,
135401625231,3720,12051,2826,4891,6888,8904,
135402125231,3746,11650,2881,4860,6965,8759,
135402625231,3521,11869,2919,5227,6720,8761,
135404125231,3501,11876,2730,4759,6719,8748,
135405625231,194178,55879,3196,4909,18055,30690,
135406125231,3118,11658,2963,4945,6696,8948,
135406625231,3452,12018,2898,5006,7007,8748,
135407125231,3829,12328,2991,5059,6924,8755,
135407625231,3727,11575,2869,5076,6744,9042,
135408625231,3882,12000,2696,4897,6834,8872,
135409125231,3561,12110,2965,4866,6824,8870,
135412625231,5116,12002,13866,4944,17474,8843,
135413125231,3706,11869,24432,26520,17449,8767,
135413625231,3941,12276,3038,4932,6862,8862,
135414125231,4694,11886,13605,4883,6803,8827,
135415125231,83729,86533,88660,112425,113921,95297,
135415625231,3622,11894,2933,4886,6956,8837,
135416125231,25177,11958,2932,15668,6742,8801,
135417625231,3517,11931,13677,15591,6869,8810,
135420625231,3655,12524,3070,4821,7189,8949,
135422625231,3853,11949,2972,5447,6999,8914,
135424625231,3553,11965,2821,4881,6628,8961,
135425125231,3655,16222,2681,4849,6734,8847,
135425625231,3454,11831,2727,4907,6739,8914,
135426625231,5054,13407,13720,5114,6845,8855,
135427125231,3667,11923,3023,4805,6687,8999,
135428625231,3919,11940,3478,4870,6665,9094,
135430125231,3675,11983,3023,4722,6750,8872,
135430625231,12945,12283,13946,15965,17618,19660,
135431625231,3626,12014,13334,4913,6817,8814,
135432625231,3586,11940,2926,4690,6886,8869,
135433125231,4428,11985,3416,4874,6882,8985,
135434125231,3678,11885,2954,4911,6768,8831,
135436125231,3676,11732,2859,4928,6734,9090,
135436625231,4379,12169,2894,4912,6818,8813,
135437125231,4942,12329,13880,4852,6897,8712,
135437625231,4543,11911,13608,4804,6809,10169,
135439125231,2452,11656,2911,4702,6675,8834,
135440625231,4039,12050,3085,5019,6902,8739,
135441125231,3954,11750,3160,38101,28479,8835,
135442125231,3972,12038,13578,4714,6838,9079,
135443125231,3662,11834,2860,4815,6884,8688,
135443625231,3439,11753,2810,4766,6721,8801,
135444125231,3697,12471,13660,4978,7036,8886,
135445125231,4149,11950,2819,4900,6914,9205,
135445625231,4462,11946,2883,4656,6755,19744,
135446125231,3581,11924,3178,4897,6867,8828,
135446625231,70678,11932,3075,4979,6896,8838,
135447125231,3697,11912,13767,4839,6988,8956,
135447625231,3358,11963,2869,4947,6978,8887,
135448625231,3258,15120,3146,5024,6836,9162,
135449125231,3535,11697,2720,4685,6659,8651,
135449625231,3642,11908,2895,16093,17553,8803,
135450125231,3882,11843,13701,16308,6706,8894,
135452125231,3523,11599,2925,4865,6902,8742,
135453125231,5691,11674,2809,5087,6753,8914,
135454125231,3849,11903,3028,4894,6933,8891,
135456125231,2515,11623,2679,4690,6705,8753,
135458625231,5687,12069,2828,5106,6879,8945,
135459625231,3687,11935,3094,5025,6897,9012,
135460125231,9685,22735,3102,15697,6854,8877,
135460625231,3537,11914,2930,4908,6809,8877,
135461625231,3577,11705,2754,4906,6880,8687,
135462625231,4592,11916,13574,4737,6676,8683,
135463125231,3856,11861,3038,5077,6705,8712,
135463625231,7627,14399,13954,15642,6946,8729,
135464125231,3882,11929,2943,5051,6684,9011,
135464625231,11449,22470,13566,15501,17557,19653,
135465625231,3661,11907,3073,4928,18375,8744,
135466125231,3665,11929,2901,15561,28336,19595,
135467625231,3568,11826,3104,4878,6665,8961,
135468625231,3869,11917,2935,4828,6886,9295,
135473125231,4921,11983,13598,5068,6853,8993,
135473625231,3517,11606,13650,4764,6696,8768,
135474625231,4896,11938,13543,4716,6743,8829,
135475125231,3560,11677,2738,4747,6667,8724,
135475625231,3579,12397,3092,4932,6818,8740,
135476625231,3560,11870,2819,4732,6679,8696,
135478125231,5079,11948,13563,4921,6760,8813,
135478625231,3527,11661,2796,4765,6677,8813,
135479625231,2447,11684,2681,4726,6816,8733,
135480125231,3893,11916,2898,4879,6756,8813,
135480625231,4878,12055,13554,4679,6749,19335,
135481125231,3658,11906,2826,4911,6699,8759,
135481625231,3076,11704,2848,4881,6811,8816,
135482625231,10217,54642,13455,4808,7197,8713,
135483125231,3880,11965,13831,5445,6870,8914,
135483625231,3546,11885,2828,4761,6852,8744,
135484125231,3696,11976,2918,4748,6649,9140,
135484625231,4116,12053,13747,5064,7025,8817,
135485125231,6417,12719,13903,4890,6810,8846,
135488125231,3625,12097,3401,4924,6705,8856,
135489125231,3544,11895,3032,5031,6743,8761,
135489625231,3532,11696,2819,4835,7235,8812,
135490125231,3484,11679,2820,5096,6973,8902,
135491625231,2463,11663,3016,4822,7045,8820,
135492125231,3739,11638,2829,4763,6664,8638,
135494625231,3930,11929,2958,4892,6763,9118,
135496625231,3695,12183,2968,5762,6986,9412,
135497625231,3468,11540,2751,4738,6658,8846,
135498125231,3486,11890,2704,4879,6820,8934,
135498625231,3504,11821,2929,4899,6727,8745,
135499625231,3114,11726,2810,4832,6724,8721,
135500125231,3638,13520,2894,4724,6808,8865,
135501625231,3641,11893,2935,4843,6854,8965,
135503125231,3187,22550,35294,26545,6833,8761,
135504125231,5170,12338,13487,15567,6850,8662,
135505125231,3641,11882,24387,15895,17920,19808,
135506625231,2519,11601,2865,4842,6700,8832,
135508625231,2553,11741,4712,5539,6624,8857,
135509625231,5950,11865,13433,4858,7150,8902,
135510625231,5243,12127,13899,5082,6721,8751,
135511125231,2399,11830,2963,4964,6892,8861,
135516625231,45033,44871,46087,48075,50271,51922,
135517625231,3928,11931,3025,4866,6714,8934,
135518125231,4984,11691,13498,4893,6822,8739,
135518625231,3914,12180,3104,4658,6869,8863,
135519625231,3848,11735,2877,4765,6858,8899,
135520125231,3660,12037,2990,4830,6659,8831,
135520625231,3925,11896,14384,9304,9206,9120,
135521125231,3478,11705,2687,4751,6820,8902,
135523125231,3640,12068,2749,4868,6705,11704,
135524625231,9661,12263,35472,15480,50702,19538,
135525125231,5168,34437,14122,15715,6899,8930,
135527125231,4914,11838,13652,4694,6712,8735,
135528625231,4894,11965,13838,15585,17291,9025,
135529125231,3460,11828,2897,4887,6730,8948,
135529625231,3733,11748,3015,15750,6926,8962,
135530125231,2926,11671,2747,5308,6823,8750,
135531125231,2419,11656,2710,4848,6762,8821,
135531625231,2485,11750,2704,4803,6696,8854,
135532625231,3728,11734,2939,4931,7176,8758,
135534125231,146033,11982,2949,15760,6868,8834,

