,W-0,R-0,R-1,R-2,R-3,R-4,
139236698589,1,1,1,1,1,1,
139237198589,1,2,1,1,1,1,
139238198589,1,1,1,1,1,1,
139239198589,1,1,1,1,1,1,
139240198589,1,2,1,1,1,1,
139243698589,1,1,1,1,1,1,
139244198589,1,1,1,1,1,1,
139245198589,1,1,1,1,1,1,
139249198589,1,2,1,1,1,1,
139251698589,1,1,1,1,1,1,
139252698589,1,1,1,1,1,1,
139254198589,1,1,1,1,1,1,
139254698589,1,1,1,1,1,1,
139255198589,1,1,1,1,1,1,
139258198589,1,1,1,1,1,1,
139258698589,1,1,1,1,1,1,
139259198589,1,1,1,1,1,1,
139259698589,1,2,1,1,1,1,
139260698589,1,1,1,1,1,1,
139263698589,1,1,1,1,1,1,
139265698589,1,1,1,1,1,1,
139266198589,1,2,1,1,1,1,
139266698589,1,1,1,1,1,1,
139268198589,1,1,1,1,1,1,
139268698589,1,1,1,1,1,1,
139271198589,1,1,1,1,1,1,
139272198589,1,1,1,1,1,1,
139272698589,1,1,1,1,1,1,
139274698589,1,1,1,1,1,1,
139275698589,1,2,1,1,1,1,
139276198589,1,1,1,1,1,1,
139277198589,1,1,1,1,1,1,
139278198589,1,1,1,1,1,1,
139278698589,1,1,1,1,1,1,
139280198589,1,1,1,1,1,1,
139281698589,1,1,1,1,1,1,
139282198589,1,2,1,1,1,1,
139284698589,1,1,1,1,1,1,
139285198589,1,1,1,1,1,1,
139285698589,1,2,1,1,1,1,
139286698589,1,1,1,1,1,1,
139287198589,1,1,1,1,1,1,
139287698589,1,2,1,1,1,1,
139289198589,1,1,1,1,1,1,
139289698589,1,1,1,1,1,1,
139290698589,1,1,1,1,1,1,
139291198589,1,2,1,1,1,1,
139292198589,1,1,1,1,1,1,
139292698589,1,2,1,1,1,1,
139293198589,1,1,1,1,1,1,
139293698589,1,1,1,1,1,1,
139295198589,1,1,1,1,1,1,
139297198589,1,2,1,1,1,1,
139298198589,1,1,1,1,1,1,
139298698589,1,2,1,1,1,1,
139299198589,1,2,1,1,1,1,
139299698589,1,2,1,1,1,1,
139301198589,1,1,1,1,1,1,
139303698589,1,1,1,1,1,1,
139304198589,1,2,1,1,1,1,
139304698589,1,2,1,1,1,1,
139305698589,1,2,1,1,1,1,
139306698589,1,1,1,1,1,1,
139307198589,1,2,1,1,1,1,
139307698589,1,1,1,1,1,1,
139308198589,1,1,1,1,1,1,
139309198589,1,1,1,1,1,1,
139310698589,1,1,1,1,1,1,
139311198589,1,1,1,1,1,1,
139311698589,1,1,1,1,1,1,
139312198589,1,1,1,1,1,1,
139313698589,1,1,1,1,1,1,
139314698589,1,1,1,1,1,1,
139315198589,1,2,1,1,1,1,
139315698589,1,1,1,1,1,1,
139316198589,1,1,1,1,1,1,
139317198589,1,2,1,1,1,1,
139317698589,1,2,1,1,1,1,
139321698589,1,1,1,1,1,1,
139322198589,1,1,1,1,1,1,
139324198589,1,2,1,1,1,1,
139324698589,1,2,1,1,1,1,
139325198589,1,1,1,1,1,1,
139325698589,1,2,1,1,1,1,
139327198589,1,2,1,1,1,1,
139328198589,1,1,1,1,1,1,
139330698589,1,1,1,1,1,1,
139331198589,1,1,1,1,1,1,
139331698589,1,2,1,1,1,1,
139332198589,1,2,1,1,1,1,
139333198589,1,2,1,1,1,1,
139333698589,1,1,1,1,1,1,
139334198589,1,1,1,1,1,1,
139337698589,1,1,1,1,1,1,
139338198589,1,2,1,1,1,1,
139339198589,1,1,1,1,1,1,
139341698589,1,2,1,1,1,1,
139342198589,1,1,1,1,1,1,
139343698589,1,1,1,1,1,1,
139344698589,1,2,1,1,1,1,
139345198589,1,1,1,1,1,1,
139345698589,1,1,1,1,1,1,
139346698589,1,2,1,1,1,1,
139347698589,1,1,1,1,1,1,
139348698589,1,1,1,1,1,1,
139350198589,1,2,1,1,1,1,
139350698589,1,1,1,1,1,1,
139351698589,1,1,1,1,1,1,
139352198589,1,1,1,1,1,1,
139352698589,1,1,1,1,1,1,
139353198589,1,1,1,1,1,1,
139354198589,1,1,1,1,1,1,
139355198589,1,2,1,1,1,1,
139355698589,1,2,1,1,1,1,
139356198589,1,2,1,1,1,1,
139356698589,1,1,1,1,1,1,
139359198589,1,1,1,1,1,1,
139359698589,1,2,1,1,1,1,
139361698589,1,1,1,1,1,1,
139362198589,1,2,1,1,1,1,
139362698589,1,1,1,1,1,1,
139363698589,1,2,1,1,1,1,
139364198589,1,1,1,1,1,1,
139368198589,1,2,1,1,1,1,
139368698589,1,2,1,1,1,1,
139369698589,1,2,1,1,1,1,
139372198589,1,1,1,1,1,1,
139373198589,1,1,1,1,1,1,
139374198589,1,2,1,1,1,1,
139376198589,1,1,1,1,1,1,
139376698589,1,2,2,1,1,1,
139377198589,1,1,1,1,1,1,
139377698589,1,2,1,1,1,1,
139378698589,1,1,1,1,1,1,
139379198589,1,1,1,1,1,1,
139379698589,1,1,1,1,1,1,
139380698589,1,1,1,1,1,1,
139381198589,1,2,1,1,1,1,
139382198589,1,1,1,1,1,1,
139382698589,1,2,1,1,1,1,
139383198589,1,1,1,1,1,1,
139384698589,1,1,1,1,1,1,
139385698589,1,2,1,1,1,1,
139387698589,1,1,1,1,1,1,
139388198589,1,1,1,1,1,1,
139388698589,1,1,1,1,1,1,
139389198589,1,1,1,1,1,1,
139390198589,1,2,1,1,1,1,
139391198589,1,2,1,1,1,1,
139391698589,1,2,1,1,1,1,
139392698589,1,1,1,1,1,1,
139393198589,1,1,1,1,1,1,
139393698589,1,2,1,1,1,1,
139394198589,1,2,1,1,1,1,
139395198589,1,1,1,1,1,1,
139395698589,1,1,1,1,1,1,
139396698589,1,1,1,1,1,1,
139397198589,1,1,1,1,1,1,
139398198589,1,1,1,1,1,1,
139398698589,1,1,1,1,1,1,
139399698589,1,1,1,1,1,1,
139400198589,1,1,1,1,1,1,
139403198589,1,2,1,1,1,1,
139405198589,1,1,1,1,1,1,
139406198589,1,1,1,1,1,1,
139406698589,1,1,1,1,1,1,
139407198589,1,1,1,1,1,1,
139408198589,1,2,1,1,1,1,
139409198589,1,1,1,1,1,1,
139409698589,1,1,1,1,1,1,
139410198589,1,2,1,1,1,1,
139410698589,1,1,1,1,1,1,
139411198589,1,2,1,1,1,1,
139412698589,1,2,1,1,1,1,
139413698589,1,1,1,1,1,1,
139414198589,1,1,1,1,1,1,
139416698589,1,1,1,1,1,1,
139417698589,1,1,1,1,1,1,
139419198589,1,2,1,1,1,1,
139420198589,1,1,1,1,1,1,
139420698589,1,1,1,1,1,1,
139422198589,1,1,1,1,1,1,
139424698589,1,1,1,1,1,1,
139425198589,1,1,1,1,1,1,
139425698589,1,1,1,1,1,1,
139427198589,1,1,1,1,1,1,
139427698589,1,2,1,1,1,1,
139429698589,1,1,1,1,1,1,
139430198589,1,1,1,1,1,1,
139430698589,1,2,1,1,1,1,
139431698589,1,1,1,1,1,1,
139432698589,1,1,1,1,1,1,
139433198589,1,1,1,1,1,1,
139433698589,1,1,1,1,1,1,
139434198589,1,2,1,1,1,1,
139434698589,1,1,1,1,1,1,
139435198589,1,2,1,1,1,1,
139435698589,1,1,1,1,1,1,
139437198589,1,1,1,1,1,1,
139438698589,1,1,1,1,1,1,
139440698589,1,1,1,1,1,1,
139442198589,1,1,1,1,1,1,
139442698589,1,1,1,1,1,1,
139444198589,1,2,1,1,1,1,
139444698589,1,1,1,1,1,1,
139446698589,1,1,1,1,1,1,
139447698589,1,1,1,1,1,1,
139448698589,1,2,1,1,1,1,
139449198589,1,2,1,1,1,1,
139450198589,1,1,1,1,1,1,
139451198589,1,1,1,1,1,1,
139451698589,1,1,1,1,1,1,
139452198589,1,1,1,1,1,1,
139454698589,1,1,1,1,1,1,
139458198589,1,1,1,1,1,1,
139458698589,1,2,1,1,1,1,
139459198589,1,1,1,1,1,1,
139460198589,1,1,1,1,1,1,
139461198589,1,1,1,1,1,1,
139461698589,1,1,1,1,1,1,
139462698589,1,1,1,1,1,1,
139463198589,1,1,1,1,1,1,
139463698589,1,1,1,1,1,1,
139464198589,1,1,1,1,1,1,
139466198589,1,2,1,1,1,1,
139466698589,1,2,1,1,1,1,
139468198589,1,1,1,1,1,1,
139469198589,1,2,1,1,1,1,
139474698589,1,2,1,1,1,1,
139476698589,1,2,2,2,2,2,
139478198589,1,1,1,1,1,1,
139480698589,1,2,1,1,1,1,
139483198589,1,1,1,1,1,1,
139483698589,1,1,1,1,1,1,
139484198589,1,1,1,1,1,1,
139484698589,1,1,1,1,1,1,
139486198589,1,1,1,1,1,1,
139486698589,1,1,1,1,1,1,
139487198589,1,2,1,1,1,1,
139488198589,1,1,1,1,1,1,
139488698589,1,2,1,1,1,1,
139489198589,1,1,1,1,1,1,
139489698589,1,1,1,1,1,1,
139490698589,1,1,1,1,1,1,
139491198589,1,1,1,1,1,1,
139491698589,1,2,1,1,1,1,
139492198589,1,1,1,1,1,1,
139492698589,1,2,1,1,1,1,
139493198589,1,1,1,1,1,1,
139494698589,1,2,1,1,1,1,
139495198589,1,2,1,1,1,1,
139497198589,1,1,1,1,1,1,
139497698589,1,1,1,1,1,1,
139499198589,1,1,1,1,1,1,
139500198589,1,2,1,1,1,1,
139502698589,1,1,1,1,1,1,
139503198589,1,1,1,1,1,1,
139504198589,1,1,1,1,1,1,
139505698589,1,1,1,1,1,1,
139506698589,1,1,1,1,1,1,
139508698589,1,1,1,1,1,1,
139509198589,1,1,1,1,1,1,
139509698589,1,2,1,1,1,1,
139510198589,1,1,1,1,1,1,
139510698589,1,1,1,1,1,1,
139511698589,1,1,1,1,1,1,
139512698589,1,2,1,1,1,1,
139513198589,1,1,1,1,1,1,
139514198589,1,1,1,1,1,1,
139515198589,1,1,1,1,1,1,
139516198589,1,2,1,1,1,1,
139516698589,1,1,1,1,1,1,
139518698589,1,2,1,1,1,1,
139519198589,1,2,1,1,1,1,
139519698589,1,1,1,1,1,1,
139520198589,1,1,1,1,1,1,
139521698589,1,2,1,1,1,1,
139522198589,1,1,1,1,1,1,
139524198589,1,1,1,1,1,1,
139524698589,1,1,1,1,1,1,
139526698589,1,1,1,1,1,1,
139527698589,1,1,1,1,1,1,
139528198589,1,1,1,1,1,1,
139528698589,1,2,1,1,1,1,
139529198589,1,1,1,1,1,1,
139529698589,1,1,1,1,1,1,
139531198589,1,1,1,1,1,1,
139532698589,1,2,1,1,1,1,
139533198589,1,2,1,1,1,1,
139534198589,1,1,1,1,1,1,
139535198589,1,2,1,1,1,1,
139535698589,1,2,1,1,1,1,
139537698589,1,1,1,1,1,1,
139538198589,1,2,1,1,1,1,
139538698589,1,2,1,1,1,1,
139539198589,1,1,1,1,1,1,
139540198589,1,2,1,1,1,1,
139541698589,1,1,1,1,1,1,
139542698589,1,1,1,1,1,1,
139543198589,1,2,1,1,1,1,
139543698589,1,1,1,1,1,1,
139544198589,1,1,1,1,1,1,
139544698589,1,2,2,2,2,2,
139546198589,1,1,1,1,1,1,
139547198589,1,2,1,1,1,1,
139547698589,1,2,1,1,1,1,
139548698589,1,1,1,1,1,1,
139549198589,1,1,1,1,1,1,
139549698589,1,1,1,1,1,1,
139551198589,1,1,1,1,1,1,
139551698589,1,1,1,1,1,1,
139552698589,1,1,1,1,1,1,
139554198589,1,2,1,1,1,1,
139555198589,1,1,1,1,1,1,
139555698589,1,1,1,1,1,1,
139556198589,1,1,1,1,1,1,
139557698589,1,2,1,1,1,1,
139558198589,1,1,1,1,1,1,
139559698589,1,1,1,1,1,1,
139560698589,1,1,1,1,1,1,
139561198589,1,1,1,1,1,1,
139562198589,1,1,1,1,1,1,
139563198589,1,1,1,1,1,1,
139563698589,1,1,1,1,1,1,
139564198589,1,1,1,1,1,1,
139566198589,1,1,1,1,1,1,
139567198589,1,1,1,1,1,1,
139567698589,1,1,1,1,1,1,
139568198589,1,1,1,1,1,1,
139568698589,1,1,1,1,1,1,
139569698589,1,1,1,1,1,1,
139570198589,1,1,1,1,1,1,
139570698589,1,1,1,1,1,1,
139571198589,1,1,1,1,1,1,
139571698589,1,1,1,1,1,1,
139572198589,1,1,1,1,1,1,
139572698589,1,1,1,1,1,1,
139573198589,1,1,1,1,1,1,
139573698589,1,1,1,1,1,1,
139574198589,1,1,1,1,1,1,
139574698589,1,1,1,1,1,1,
139576198589,1,1,1,1,1,1,
139577698589,1,1,1,1,1,1,
139578198589,1,1,1,1,1,1,
139578698589,1,2,1,1,1,1,
139579198589,1,1,1,1,1,1,
139579698589,1,2,1,1,1,1,
139580698589,1,1,1,1,1,1,
139581198589,1,1,1,1,1,1,
139584698589,1,2,1,1,1,1,
139585198589,1,1,1,1,1,1,
139585698589,1,2,1,1,1,1,
139586198589,1,2,1,1,1,1,
139587198589,1,1,1,1,1,1,
139587698589,1,1,1,1,1,1,
139588198589,1,2,1,1,1,1,
139589698589,1,2,1,1,1,1,
139592698589,1,2,1,1,1,1,
139594698589,1,2,1,1,1,1,
139596698589,1,2,1,1,1,1,
139597198589,1,1,1,1,1,1,
139597698589,1,1,1,1,1,1,
139598698589,1,2,1,1,1,1,
139599198589,1,2,1,1,1,1,
139600698589,1,1,1,1,1,1,
139602198589,1,2,1,1,1,1,
139602698589,1,1,1,1,1,1,
139603698589,1,1,1,1,1,1,
139604698589,1,1,1,1,1,1,
139605198589,1,1,1,1,1,1,
139606198589,1,2,1,1,1,1,
139608198589,1,1,1,1,1,1,
139608698589,1,1,1,1,1,1,
139609198589,1,2,1,1,1,1,
139609698589,1,2,1,1,1,1,
139611198589,1,1,1,1,1,1,
139612698589,1,1,1,1,1,1,
139613198589,1,2,1,1,1,1,
139614198589,1,1,1,1,1,1,
139615198589,1,1,1,1,1,1,
139615698589,1,1,1,1,1,1,
139616198589,1,2,1,1,1,1,
139617198589,1,2,1,1,1,1,
139617698589,1,1,1,1,1,1,
139618198589,1,2,1,1,1,1,
139618698589,1,1,1,1,1,1,
139619198589,1,2,1,1,1,1,
139619698589,1,2,1,1,1,1,
139620698589,1,1,1,1,1,1,
139621198589,1,1,1,1,1,1,
139621698589,1,2,1,1,1,1,
139622198589,1,1,1,1,1,1,
139624198589,1,2,1,1,1,1,
139625198589,1,1,1,1,1,1,
139626198589,1,1,1,1,1,1,
139628198589,1,2,1,1,1,1,
139630698589,1,1,1,1,1,1,
139631698589,1,1,1,1,1,1,
139632198589,1,1,1,1,1,1,
139632698589,1,1,1,1,1,1,
139633698589,1,2,1,1,1,1,
139634698589,1,1,1,1,1,1,
139635198589,1,1,1,1,1,1,
139635698589,1,1,1,1,1,1,
139636198589,1,1,1,1,1,1,
139636698589,1,1,1,1,1,1,
139637698589,1,1,1,1,1,1,
139638198589,1,1,1,1,1,1,
139639698589,1,2,1,1,1,1,
139640698589,1,2,1,1,1,1,
139645198589,1,1,1,1,1,1,
139645698589,1,1,1,1,1,1,
139646698589,1,2,1,1,1,1,
139647198589,1,2,1,1,1,1,
139647698589,1,1,1,1,1,1,
139648698589,1,2,1,1,1,1,
139650198589,1,1,1,1,1,1,
139650698589,1,1,1,1,1,1,
139651698589,1,1,1,1,1,1,
139652198589,1,2,1,1,1,1,
139652698589,1,1,1,1,1,1,
139653198589,1,1,1,1,1,1,
139653698589,1,1,1,1,1,1,
139654698589,1,1,1,1,1,1,
139655198589,1,1,1,1,1,1,
139655698589,1,1,1,1,1,1,
139656198589,1,2,1,1,1,1,
139656698589,1,1,1,1,1,1,
139657198589,1,1,1,1,1,1,
139660198589,1,1,1,1,1,1,
139661198589,1,2,1,1,1,1,
139661698589,1,1,1,1,1,1,
139662198589,1,1,1,1,1,1,
139663698589,1,1,1,1,1,1,
139664198589,1,1,1,1,1,1,
139666698589,1,1,1,1,1,1,
139668698589,1,1,1,1,1,1,
139669698589,1,2,1,1,1,1,
139670198589,1,1,1,1,1,1,
139670698589,1,1,1,1,1,1,
139671698589,1,1,1,1,1,1,
139672198589,1,2,1,1,1,1,
139673698589,1,1,1,1,1,1,
139675198589,1,2,2,2,2,1,
139676198589,1,2,1,1,1,1,
139677198589,1,2,1,1,1,1,
139678698589,1,2,1,1,1,1,
139680698589,1,1,1,1,1,1,
139681698589,1,1,1,1,1,1,
139682698589,1,2,1,1,1,1,
139683198589,1,1,1,1,1,1,
139688698589,1,2,1,1,1,1,
139689698589,1,2,1,1,1,1,
139690198589,1,2,1,1,1,1,
139690698589,1,2,1,1,1,1,
139691698589,1,2,1,1,1,1,
139692198589,1,1,1,1,1,1,
139692698589,1,1,1,1,1,1,
139693198589,1,1,1,1,1,1,
139695198589,1,1,1,1,1,1,
139696698589,1,1,1,1,1,1,
139697198589,1,2,1,1,1,1,
139699198589,1,1,1,1,1,1,
139700698589,1,2,1,1,1,1,
139701198589,1,1,1,1,1,1,
139701698589,1,1,1,1,1,1,
139702198589,1,1,1,1,1,1,
139703198589,1,1,1,1,1,1,
139703698589,1,1,1,1,1,1,
139704698589,1,1,1,1,1,1,
139706198589,1,1,1,1,1,1,

