,W-0,R-0,R-1,R-2,R-3,R-4,
116602654829,1634,3773,3281,4920,8660,9030,
116603154829,1609,192544,183643,175382,209382,182557,
116604154829,1823,12479,3282,5135,7112,8901,
116605154829,114702,12305,14359,16102,18017,19839,
116606154829,10399,12449,3648,4966,6989,9013,
116609654829,1696,12502,3121,5077,7148,8982,
116610154829,1571,11959,3279,4932,7216,9013,
116611154829,33166,13130,2920,4935,6911,9044,
116615154829,24091,34699,36927,38321,29110,31634,
116617654829,1810,12531,3339,5166,6945,8904,
116618654829,1610,12848,14022,4904,6876,8890,
116620154829,1701,12438,2981,5004,7014,8977,
116620654829,21885,12156,14102,5115,7140,8961,
116621154829,1728,12523,14271,4930,7222,8961,
116624154829,1815,12276,3073,4868,7067,8969,
116624654829,1616,12790,3357,4861,6946,9060,
116625154829,1629,12358,2834,4783,6948,9142,
116625654829,3942,23034,13975,15845,18004,19918,
116626654829,1883,12091,3297,5211,7025,9371,
116629654829,1445,12820,2881,4961,6993,9665,
116631654829,3261,11947,14064,4969,6937,8954,
116632154829,1836,12927,3102,5004,7111,8992,
116632654829,1402,12037,3130,4923,6964,9016,
116634154829,1828,12780,3031,5121,7006,10000,
116634654829,1646,12277,15018,17508,7164,9449,
116637154829,1607,12278,13911,5027,7105,8959,
116638154829,1571,12268,3744,5437,7336,8992,
116638654829,1954,12854,14299,5064,7225,9141,
116640654829,1670,12316,2948,4850,6770,8809,
116641654829,1579,16351,3367,4932,7643,9096,
116642154829,1819,12362,2990,5324,7049,9076,
116643154829,32373,12338,3078,5003,6990,8909,
116644154829,1664,12082,3120,4917,6839,8849,
116644654829,1540,12520,3412,4895,6937,8982,
116646154829,1441,11931,13732,5012,7370,8848,
116647654829,1545,12141,3106,5090,7038,8936,
116648154829,1806,12863,14108,4985,7311,9008,
116650654829,1487,11897,2984,4936,6963,8945,
116651154829,1811,12825,3226,5057,7047,8902,
116651654829,1379,12490,13802,5321,6936,9161,
116652654829,12633,12798,3121,5131,6936,9042,
116653154829,1587,12510,3050,5013,7113,9100,
116653654829,1568,12348,14060,15937,18122,8851,
116655154829,1315,11835,13879,4827,7549,8961,
116655654829,1658,12490,3079,5135,6897,8903,
116656654829,1549,12075,2994,4878,6842,8957,
116657154829,35580,45073,49280,49472,40940,42274,
116658154829,176113,12168,3064,5108,18047,20006,
116658654829,1568,12220,3331,16167,17943,20106,
116659154829,26254,34253,35530,37825,40282,31240,
116659654829,1562,34244,2942,15782,6933,41823,
116661154829,1488,11940,2991,5014,6903,8870,
116663154829,1513,11983,13954,4855,6810,8840,
116664154829,9252,11965,13938,4911,6996,8882,
116664654829,1412,11968,3071,5146,6889,9090,
116665154829,122666,12162,13760,15726,6873,19930,
116665654829,150585,166915,163000,163341,163871,162884,
116667154829,1993,23949,3159,5035,40375,8761,
116669654829,1588,11859,3047,15799,50302,8795,
116670154829,1503,33820,24733,37486,28725,19740,
116670654829,10448,12299,13967,37557,6908,30956,
116671654829,1617,12128,2963,26661,7085,8956,
116672654829,1677,12165,3098,5252,7009,9115,
116673154829,2222,12896,3357,4820,7510,9209,
116673654829,1534,12401,3363,4947,6969,9104,
116674154829,11620,23311,13877,15814,17879,19814,
116675154829,6640,23035,25212,5618,29150,9048,
116676654829,1505,12049,3088,4992,6886,8851,
116677154829,1602,12346,13903,5046,7087,9092,
116677654829,1660,11998,13876,4755,6905,8786,
116678154829,1652,12416,14275,5034,6993,9037,
116679654829,30983,44800,3078,4832,6803,41949,
116680654829,1623,11822,3068,16023,18545,8983,
116681154829,1868,12479,3304,4966,6911,8983,
116681654829,125451,12021,2970,4987,7130,8777,
116682154829,1417,12468,3141,5120,7002,8951,
116683154829,1807,12076,3004,4999,6938,9053,
116683654829,5607,12554,14008,15987,7044,8933,
116687654829,1475,12134,2958,5305,6798,8896,
116688154829,1484,11926,78784,15869,29319,8960,
116690154829,1470,11904,3149,4813,6926,8860,
116690654829,1538,12269,14329,4788,6854,8906,
116691154829,1434,12034,2899,4891,7379,8815,
116691654829,1713,12454,13908,4937,6964,8954,
116693154829,1923,33810,3602,26458,6948,20226,
116694154829,1660,12475,3114,5159,6912,8997,
116696654829,253597,22817,13761,19088,30890,9005,
116697154829,1591,12106,3092,4981,6983,8856,
116697654829,197693,12127,4114,4902,6852,9664,
116698154829,1414,12320,3013,15822,6862,8807,
116699154829,1543,33997,2956,69771,17582,30436,
116699654829,1515,13036,14048,4899,6932,9036,
116700154829,1670,12315,3158,5068,6973,9003,
116703654829,3627,13897,14244,15755,6953,8859,
116704154829,2023,13117,3058,4981,7045,8930,
116705154829,1800,12666,3467,5109,6943,9074,
116707654829,1650,11972,3259,5122,6968,8906,
116708154829,1580,12237,2978,4987,7011,8959,
116709654829,1732,12392,3073,4942,6925,8868,
116710654829,1317,11866,2955,4947,17922,10453,
116711154829,1519,11980,2924,4834,6952,8833,
116711654829,1481,12276,2947,4883,6828,8969,
116712654829,1329,11767,2837,4787,6880,8795,
116713654829,1318,11886,2941,4862,6862,8895,
116714654829,119722,12662,3110,5041,6923,8985,
116716154829,1715,12420,3105,5037,6854,8870,
116716654829,12106,12352,2907,37886,7042,19685,
116717654829,1740,12723,3289,4902,6902,8957,
116718154829,1352,12326,14082,4975,7010,8846,
116718654829,1644,12234,13893,5316,7017,8876,
116719154829,1497,12163,13913,15698,17841,19548,
116720154829,1740,12380,3595,5152,7022,8762,
116721154829,1589,12416,3053,4996,6949,9129,
116721654829,1779,11915,13530,4982,6968,8757,
116722154829,1520,12573,3094,5467,7219,8983,
116722654829,1739,12402,3120,5083,6980,8838,
116725154829,1519,12091,2992,4990,6904,8890,
116725654829,1389,12101,2944,4832,6800,9045,
116727654829,300000,12572,3302,5003,7164,9040,
116728154829,1758,12458,3272,15806,6795,8830,
116728654829,1634,12232,3002,4947,6849,8930,
116729654829,1408,11846,3057,4906,6851,8863,
116730154829,1646,12327,2956,4999,6903,8871,
116734154829,1540,12221,3031,5071,6925,9038,
116734654829,1428,34103,24867,4875,17665,9809,
116735654829,1436,12255,14243,16420,17898,19825,
116738154829,11766,12433,13758,4819,7271,8938,
116739154829,1563,12444,14316,4804,17795,9064,
116740154829,1585,12339,13951,5124,7097,9097,
116742154829,1585,12001,3074,5002,7058,9138,
116742654829,2438,12312,4427,4814,7900,9156,
116743154829,1504,23395,13817,16045,17870,19948,
116743654829,1921,12598,3422,5140,6985,8814,
116744654829,1737,12599,13925,5086,7026,9051,
116745154829,1558,11823,2863,4821,6807,8920,
116745654829,1548,12370,3032,5013,6880,8842,
116746654829,1562,12219,2978,4872,6871,9287,
116747154829,1341,12071,3553,4957,7217,8753,
116748154829,5288,16134,15678,15799,17922,20211,
116748654829,17860,12330,3017,4850,6883,9014,
116749154829,1405,11853,13706,4911,6811,8776,
116750654829,1380,12335,3342,5145,6909,8830,
116751654829,1552,13913,14228,4847,7018,8836,
116753654829,1602,12532,2930,5001,6979,8900,
116754154829,1400,11766,3034,4837,6843,8734,
116754654829,1414,12440,3828,4813,6814,8732,
116755154829,1333,12367,2984,4872,6760,8754,
116756154829,1985,22912,14117,15722,6776,19749,
116757154829,1614,11859,2993,4808,6880,8861,
116757654829,1462,11811,13753,5007,6818,8791,
116758654829,9623,12253,13597,4861,7040,9395,
116759154829,1545,11779,2978,5134,6918,8932,
116759654829,1794,12398,3517,4884,6814,8898,
116760154829,1497,12095,2907,4848,6901,9201,
116761154829,1682,12357,26291,16367,18097,19877,
116761654829,1388,12236,3080,4885,7042,8896,
116762654829,1739,13420,14011,4837,6784,8762,
116763154829,1454,11919,2827,4891,7058,8867,
116764154829,1538,12274,14251,15752,6965,9025,
116764654829,1352,12034,13892,4842,6951,9138,
116765654829,1448,11960,2894,4883,6815,8795,
116766154829,1441,12618,13955,5091,17796,9368,
116769154829,1826,11877,13769,15965,17718,20043,
116771154829,1400,12303,3017,5033,6994,8835,
116772154829,1457,12014,2958,4908,7243,8899,
116772654829,1568,12016,2968,4947,9139,9040,
116773154829,7158,12165,2814,4944,6969,8872,
116774154829,1623,11968,13868,4858,7040,8901,
116775154829,1469,12049,13847,4851,18061,8884,
116775654829,1656,12106,2846,4941,6803,8731,
116776154829,1443,11893,2913,5008,6857,8891,
116776654829,1396,11849,3304,4900,6847,8910,
116777154829,1519,12338,2852,4787,6896,8848,
116778654829,9605,11987,13796,5507,6812,8758,
116779654829,1362,11900,2957,4926,7064,8838,
116780154829,1465,11889,2954,4891,6741,8820,
116782654829,1411,12033,13868,4950,6786,20710,
116783654829,1410,12325,2866,5030,7004,9015,
116785154829,1520,12074,2802,15775,6863,8722,
116786154829,1436,12139,2828,15594,6845,8856,
116786654829,1467,12244,2945,5240,6888,8955,
116788154829,1639,12505,3086,5321,6958,9027,
116790654829,1467,12031,3077,4987,6855,8778,
116791154829,1406,23064,14239,4928,17901,9020,
116791654829,1362,12156,2907,4968,7047,8761,
116793154829,4759,15672,15556,15869,6981,8904,
116793654829,1299,11704,13591,4807,7029,8826,
116795654829,1364,11764,3581,4821,6941,8830,
116796154829,1464,11985,3015,4889,7047,9043,
116796654829,1702,12606,14067,5040,17831,9016,
116797654829,1438,12038,2839,4855,6926,8751,
116798654829,4556,11949,3109,5090,7238,9383,
116799154829,3765,12347,13955,5254,6933,8840,
116799654829,1497,12221,2906,4796,6983,8906,
116800154829,1631,11903,3364,4988,6887,8764,
116800654829,1487,12234,3012,4868,6852,9315,
116801154829,1479,12238,13998,5008,7263,8950,
116801654829,1521,12327,3158,4911,6799,9213,
116803154829,1443,12695,13891,4817,6833,8819,
116804654829,1238,12103,3280,4828,6890,8939,
116806654829,1682,12151,3215,4865,6972,8886,
116808154829,1534,12339,2898,5089,7020,8891,
116808654829,1563,12488,3151,5159,7220,9110,
116810154829,12221,12352,14619,26778,6955,8917,
116810654829,1535,12081,2893,4940,7054,8824,
116812654829,1606,12314,3117,4877,6988,8835,
116813654829,1434,11928,2991,4739,6775,8872,
116814654829,1622,12037,13926,4812,6919,8960,
116815154829,4539,12317,3108,5026,7207,9133,
116816154829,33569,12223,3166,5148,7157,8947,
116817154829,1328,12125,2973,4966,6960,8920,
116817654829,5847,12248,4106,5069,6770,8846,
116818154829,1604,12257,13713,4886,7014,8915,
116820654829,1511,11887,3063,5216,6959,8896,
116824154829,1542,23278,3108,5088,6984,19815,
116824654829,6120,12206,3053,4864,6955,8878,
116825154829,1782,12464,3387,15747,6801,19805,
116826154829,1587,12095,36310,4926,51134,8860,
116827154829,1735,12053,13814,4868,7134,8977,
116827654829,1325,12053,2888,4821,6909,11511,
116828654829,1562,12439,3008,5085,6884,8840,
116829154829,1400,11801,2933,5079,7023,8890,
116829654829,1699,12431,3132,5260,6778,8755,
116830154829,1382,12127,3051,4943,7048,8886,
116832154829,19642,11812,13833,4905,6846,9871,
116832654829,1629,12091,13724,4983,6954,8759,
116834154829,1473,11896,13696,4956,6877,8834,
116835154829,3169,12108,3032,4763,6705,8790,
116840654829,2446,11978,13855,4852,6923,8841,
116842654829,1853,12131,14286,15841,7231,19965,
116844154829,1398,12050,2915,4803,6900,8801,
116846654829,1573,12249,2855,4881,6776,9003,
116849154829,1657,12373,3235,4868,6979,9037,
116849654829,1339,11975,2959,4877,6851,8930,
116850154829,1407,11849,2926,4921,7054,8877,
116850654829,300000,12242,3077,4921,6868,9039,
116852154829,168812,190414,181141,187690,186661,184467,
116852654829,1222,13718,2800,4739,6761,8663,
116853154829,1474,11876,3513,4705,6914,8721,
116854154829,1551,12611,2845,4789,6721,8882,
116854654829,1797,12301,3163,4990,6945,8895,
116855154829,15436,22939,24764,26317,17832,19893,
116855654829,3481,12485,3037,5010,7108,9094,
116856654829,1229,12539,3230,4862,6830,8763,
116857154829,7539,12635,13749,5017,6857,8780,
116857654829,1326,11863,3001,5110,7316,8811,
116858154829,1650,12289,3096,5022,7153,8975,
116858654829,1507,22840,13859,5032,28360,19736,
116859154829,1819,12095,2991,4873,6851,8957,
116860654829,1532,12699,13712,5011,7388,9328,
116861154829,1287,11710,3024,5052,6917,8862,
116863154829,1473,12340,14129,5403,7051,9031,
116863654829,2114,11964,13974,5062,6917,9433,
116865154829,9709,12231,3076,4941,7774,9476,
116866154829,1497,12038,14477,4857,6892,8833,
116868654829,1499,34024,2923,15833,6901,30915,
116869154829,1405,12086,2921,4873,6905,8963,
116870154829,2150,12369,13835,4801,6885,8926,
116871654829,1951,12034,13914,5082,6974,9009,
116872654829,1351,11883,3071,5082,7002,9067,
116874654829,7457,12356,13926,4960,7103,8861,
116875154829,3155,11839,13923,5126,6890,9029,
116875654829,1472,11968,13547,4800,7016,8831,
116876154829,1479,12265,14202,5269,6764,8893,
116876654829,1323,12781,13970,4959,6906,8857,
116877654829,1517,12098,13828,5050,6909,11707,
116878654829,1538,12277,3051,4962,6987,9507,
116879154829,1442,11659,13727,4968,6875,8864,
116880154829,1460,12054,13736,15717,17462,9099,
116881154829,1553,11924,13887,4773,6851,8794,
116882154829,1662,12127,13744,5031,6881,8867,
116882654829,2152,22652,24377,26315,28484,19576,
116884654829,8969,11637,3046,4836,6877,9130,
116885154829,1469,12268,3147,4750,7023,8860,
116885654829,1302,12399,2829,4865,6814,8842,
116886154829,1500,11860,2966,15964,18011,8948,
116887654829,9708,12397,13867,16794,18208,20226,
116888154829,2016,12346,13887,15823,7092,8880,
116890154829,2047,12553,13832,15810,28388,19484,
116890654829,1504,12050,13760,15727,6795,8885,
116892654829,16361,12136,2961,4867,6767,9063,
116893654829,1584,12148,3030,5167,6902,8957,
116894154829,1409,12112,3142,4790,7330,8915,
116894654829,1505,12153,13596,5077,6827,9023,
116895154829,1481,12103,13853,15859,6848,9444,
116895654829,1829,11916,13933,4977,7363,8923,
116897154829,1399,12049,2922,4856,6972,8813,
116898654829,1561,12137,13667,5290,6826,8956,
116899154829,1460,11937,2993,4898,6783,8840,
116900154829,1521,12056,14404,4849,6978,8976,
116901154829,1442,11975,2948,4875,7030,9036,
116901654829,1345,12084,3013,4890,7034,9040,
116903654829,1257,12316,13921,4975,7009,8945,
116904154829,1614,11947,3273,4955,6956,8880,
116904654829,1413,23745,25079,4919,18168,8872,
116905154829,1398,11781,3027,4875,6919,8890,
116906154829,1484,12018,13883,4883,6917,8924,
116907654829,1570,12242,3104,5034,6918,8691,
116908654829,1456,12267,3013,4913,6903,8995,
116909154829,1845,12449,13862,5040,17860,19626,
116909654829,1533,12257,2977,4992,7031,8906,
116910154829,1742,12323,3072,5073,7010,8904,
116910654829,1451,12022,3021,4818,6848,8957,
116912154829,3398,12339,2988,4921,7049,9299,
116913154829,1453,11960,3115,5143,6964,8921,
116913654829,47773,12241,13562,15665,17991,9049,
116914654829,1550,12049,2945,4867,6990,10419,
116915154829,1346,12595,14294,4844,7297,8982,
116915654829,1323,12322,13650,15777,17716,8766,
116917154829,1852,12293,3484,4836,7001,9141,
116917654829,1497,11804,2960,5027,6955,8902,
116918654829,1401,15021,2953,4829,18439,8991,
116920154829,1322,12224,13725,4839,6796,8771,
116921154829,1368,11817,2979,4834,6939,8829,
116921654829,1580,12728,13935,4978,7054,8987,
116922154829,1591,12136,2899,4807,7087,9050,
116923654829,1749,12300,2951,4836,28655,19671,
116924154829,1796,12464,3304,4988,6794,8985,
116925654829,12051,11750,3337,4840,6920,8833,
116926654829,1332,12218,13739,4811,6776,8809,
116927154829,25660,12156,13938,5027,6920,8791,
116928154829,1752,12407,3294,5043,7035,9098,
116929154829,1781,23312,13794,4907,6944,8842,
116929654829,1369,12101,2888,4661,6696,8958,
116930154829,1635,12292,3042,5071,6794,8768,
116932154829,1332,11835,13901,4886,6960,8872,
116933154829,1644,12286,3347,15788,17712,8897,
116933654829,1422,12095,2981,4942,7069,8810,
116934154829,1402,12150,2851,4890,6884,9001,
116934654829,1596,23448,3682,15985,17917,9094,
116935654829,1400,11889,2852,4970,7031,9012,
116936154829,1374,11892,3346,4768,6755,8852,
116936654829,1334,11931,2798,4896,6890,8891,
116937154829,1488,11987,3104,4882,6779,8858,
116937654829,1568,11937,3232,4767,7143,8865,
116938154829,1135,12107,2802,5084,7055,9019,
116938654829,1368,11972,2904,4908,6838,8946,
116939154829,1442,12086,2979,5105,6965,8895,
116939654829,2883,12084,3877,4966,6869,8854,
116940154829,1622,33800,13748,4946,6970,8885,
116940654829,1340,11747,3427,4872,6973,8778,
116942154829,1251,11799,2832,4759,6795,8802,
116943654829,1663,12345,3240,5364,6933,8949,
116944154829,1739,12056,2779,4867,6966,9053,
116944654829,1376,12100,3293,4823,6863,8956,
116945154829,1599,12261,3033,4874,6806,9023,
116945654829,4976,11884,2945,4863,6912,8867,
116946654829,1838,12893,2966,4939,7004,8963,
116947154829,1281,11610,13672,4957,7012,8864,
116950654829,29419,12035,2861,4758,6750,9479,
116951154829,1479,12088,13921,4878,6811,8916,
116951654829,1329,11908,13907,4831,6896,8824,
116952154829,1316,11936,3001,4895,6846,8900,
116953154829,1437,12525,3016,4971,6944,9004,
116953654829,2393,23035,13737,15821,28828,19676,
116954154829,1325,11709,13955,4760,6837,8801,
116955654829,1572,11878,13497,4733,6791,8865,
116958654829,2032,12412,24824,15913,61109,8992,
116960654829,1575,11854,13449,4816,6750,8806,
116962654829,1407,12090,2961,4911,6940,8958,
116963154829,1355,11623,13708,4961,6957,8822,
116963654829,1386,11617,2930,4771,6799,8793,
116964654829,1337,13021,3322,5095,6944,8738,
116965154829,1374,11837,15333,5152,6966,8882,
116966654829,1273,11988,3257,4823,6886,8800,
116968154829,1375,22810,13972,4902,6795,8767,
116968654829,1601,23059,3291,26808,6978,9331,
116969654829,1474,12442,2999,4839,6850,8954,
116970654829,2048,12784,13849,4846,6826,8864,
116971154829,1449,11878,13834,4945,6833,8970,
116972154829,1564,11804,2991,4901,6960,8852,
116974154829,1600,12245,3231,5117,7168,9039,
116974654829,1462,23038,24572,15798,28284,30307,
116975154829,1397,12062,15428,17392,6964,9007,
116975654829,1403,12075,3108,4753,6797,8793,
116977154829,1334,11634,2880,4694,6838,8786,
116978654829,1455,12152,13903,4893,6944,8814,
116979154829,1348,22461,2908,4733,28389,20023,
116980154829,1401,11890,3216,15591,6839,8842,
116981154829,1563,66569,35644,37819,39999,32523,
116981654829,1307,44726,46822,37346,60757,41480,
116982154829,1457,45158,36798,48076,39381,41389,
116983154829,1274,14297,2990,4850,6842,8785,
116983654829,1400,11733,2885,4717,7069,8823,
116984154829,1374,88073,90033,93310,104504,107576,
116984654829,1318,419431,419326,408340,409125,407026,
116985154829,9221,70278,78419,70162,70052,73341,
116985654829,1536,12124,15035,5100,7339,9040,
116986654829,6622,11914,3024,4998,8504,10047,
116987154829,1536,12291,14323,4952,7013,9025,
116987654829,1393,12212,2996,15888,7045,19563,
116988154829,1288,11738,2945,4776,6916,8799,
116990154829,1499,12326,3784,4876,6959,8859,
116991154829,1518,12419,3027,4921,7087,8915,
116992154829,37840,12311,3232,4913,7111,9076,
116994154829,45666,12318,3317,5016,6990,9165,
116996654829,2019,12834,14403,4980,6888,19654,
116997654829,1431,11936,3215,5043,6959,8830,
116998154829,1417,11859,13858,4842,6896,9033,
116998654829,1331,11799,3092,4881,6789,8873,
116999654829,1431,11819,2895,4763,6887,8836,
117000654829,1456,12100,2904,4818,6918,8936,
117001154829,1365,11972,3338,15995,18024,19941,
117001654829,1288,11899,2761,4847,6749,8673,
117002154829,1474,11924,3318,4792,6861,8838,
117002654829,1421,12070,13716,4849,6933,8835,
117003654829,1670,12269,3259,5155,7061,8954,
117004154829,7787,11805,2944,4846,6992,8890,
117005654829,1820,12596,3046,5043,6906,9072,
117006654829,1665,12085,3007,4776,6792,8885,
117011154829,4035,12428,3987,5084,6905,8766,
117011654829,1304,12526,2881,4887,7028,8936,
117012654829,8058,11980,14012,5385,6749,8841,
117013154829,1294,22831,35906,40252,6919,19555,
117013654829,1346,22975,3085,15895,17772,31338,
117014654829,1362,12333,13846,4850,7103,8989,
117016154829,1697,11857,3490,16085,6970,8873,
117016654829,1282,12126,3020,4874,6937,9113,
117017654829,1332,12308,2918,4757,6660,8937,
117018154829,1610,12006,13908,15887,7260,9262,
117018654829,31016,12110,13703,4951,6921,8947,
117019154829,1630,11962,3004,4892,7005,8934,
117019654829,1379,11949,2834,4770,6731,8799,
117020654829,1495,12396,13592,4802,6782,8848,
117021154829,1398,12080,2917,4817,6811,9246,
117021654829,1842,12096,13822,4838,6987,8704,
117022154829,1703,12416,3475,4929,7043,9001,
117022654829,1561,12139,3215,5085,7006,9146,
117023154829,1540,12273,3027,4818,6976,8829,
117026154829,1488,11986,3144,4817,7041,8894,
117027154829,1487,12143,3066,4812,7350,9481,
117027654829,1343,12351,3153,4954,6985,8927,
117028154829,1983,11934,24924,4927,6925,8995,
117029654829,11867,23601,13892,15594,6774,19529,
117030154829,1677,12204,3066,4946,6969,8998,
117032654829,14799,12149,3087,5099,6868,9014,
117034654829,1615,12337,3094,4898,7217,9099,
117035654829,37047,44084,45746,47399,39316,41600,
117036154829,1428,12245,2921,4918,7141,9281,
117036654829,10398,12009,3115,4894,6977,9006,
117037654829,1536,11757,2842,4856,6913,8900,
117038154829,1517,12215,3211,4768,6934,8942,
117039654829,1626,12319,3050,4923,6825,8919,
117041154829,1506,11826,3426,4835,6976,8903,
117042154829,1254,11863,2886,5038,7210,8876,
117043154829,1438,11920,3403,4783,6776,8788,
117044654829,1439,12138,2876,4911,6742,8968,
117046654829,13164,12106,3040,4843,7319,8896,
117047654829,1381,11895,2883,4972,6960,8996,
117048654829,1773,12232,3510,4974,7085,8949,
117049154829,1428,11868,2959,4834,6831,8967,
117054654829,6984,12768,3037,4859,7200,8842,
117055654829,2018,11753,13761,4803,6859,8765,
117056154829,1448,12114,2851,4913,6761,8837,
117056654829,5377,12027,13864,5115,7136,9022,
117057654829,1425,12332,3122,4806,6915,8867,
117058154829,1963,12281,3224,5365,8557,8998,
117058654829,1396,12380,3036,4954,6805,8852,
117059154829,1359,11932,13841,4949,6879,8964,
117061154829,1782,12329,13627,15941,7025,8863,
117062654829,1378,11966,2979,4909,6786,8750,
117063154829,1528,15970,3024,16114,18280,9028,
117065154829,1488,11889,2997,4838,6721,8789,
117066654829,1736,11987,13846,4850,7158,9157,
117067154829,1363,11784,2952,4736,6902,8736,
117067654829,1416,11818,3089,4886,7003,8825,
117068154829,1394,11990,3001,4896,6852,9063,
117069154829,1381,11889,3030,4912,6774,8811,
117069654829,35808,45803,46657,45575,45890,46141,
117070654829,1374,15665,2898,4863,6794,8740,
117072154829,1543,12230,2965,5051,6883,9428,

