,W-0,R-0,R-1,R-2,R-3,R-4,
122555923933,61046,13663,5561,5121,9219,10895,
122556423933,82849,12385,14027,16105,7443,19820,
122557423933,2361,14416,3298,4955,6946,9045,
122558423933,5926,12231,14053,5041,6931,8987,
122559423933,1693,12174,3151,5028,7010,9131,
122562923933,1628,12546,3118,5029,7165,9139,
122563423933,46889,13439,3324,28025,18506,20585,
122564423933,122160,12405,2835,4899,6835,8944,
122568423933,1592,26388,2845,15969,6885,19885,
122570923933,1358,12562,2973,5064,6832,8924,
122571923933,1699,12357,13902,16268,6960,19783,
122573423933,1666,23547,15238,28221,6927,8870,
122573923933,1711,12305,3738,4854,6762,8774,
122574423933,2121,12324,14538,17957,7033,8946,
122577423933,2112,12716,13998,5040,6847,8794,
122577923933,1627,12186,3419,4877,6870,8819,
122578423933,27278,34328,14267,38589,17991,8847,
122578923933,1719,12478,13904,4833,6866,8826,
122579923933,1512,13600,13981,5105,18317,19547,
122582923933,1595,12194,13847,5120,6800,8834,
122584923933,87632,111584,105512,106830,114900,109340,
122585423933,1424,12234,24543,15611,6764,30561,
122585923933,79611,23420,24976,37837,17911,31023,
122587423933,1552,11933,14004,4832,6872,8794,
122587923933,29210,55995,46708,70122,61333,53015,
122590423933,1641,12329,2896,15850,6844,9325,
122591423933,1313,12889,25120,15775,28808,8956,
122591923933,1564,12317,14017,4949,7153,8925,
122593923933,1546,23271,13751,4893,6841,8807,
122594923933,1617,12247,3198,4977,6962,8802,
122595423933,1358,12437,2910,4845,6878,9662,
122596423933,1720,12445,14158,5182,7036,9037,
122597423933,1639,12348,13858,4908,6834,8797,
122597923933,1630,12289,2846,4846,6959,9122,
122599423933,1480,12213,2849,4809,6756,9110,
122600923933,1698,11819,13982,5017,6845,8932,
122601423933,1703,11897,2926,5140,6866,8941,
122603923933,1648,12172,3350,4918,6937,9201,
122604423933,10908,11973,2985,4999,6989,8894,
122604923933,2570,12219,14029,4999,7206,8942,
122605923933,1632,12497,13923,5063,7639,8835,
122606423933,1789,12189,13996,16195,17776,8875,
122606923933,5319,12250,13816,26596,17706,19747,
122608423933,1564,12048,2814,4947,6934,9030,
122608923933,1534,12252,2827,4830,6805,9001,
122609923933,1580,12148,2922,4864,6783,8813,
122610423933,10423,12457,13715,4785,6970,8907,
122611423933,1479,11800,13745,4927,6953,9168,
122611923933,3191,12405,14355,26706,17898,8901,
122612423933,1615,12364,2829,16124,6950,8899,
122612923933,3332,12244,14300,4840,7270,9169,
122614423933,1709,23217,13840,15717,17771,8866,
122616423933,1510,12047,2939,15837,17747,9258,
122617423933,1445,11995,2760,4770,6815,9413,
122617923933,1566,12222,2860,4774,6809,8939,
122618423933,1555,11869,13751,4704,6857,19960,
122618923933,1663,12313,13900,4809,6973,8750,
122620423933,1249,11937,3107,4946,6999,8807,
122622923933,1553,12415,3384,4969,7126,8998,
122623423933,1697,12397,2943,4997,7176,8907,
122623923933,5141,11861,2975,4954,19515,8888,
122624923933,1453,12321,2792,4817,6878,8779,
122625923933,1738,12630,14194,5518,7129,9145,
122626423933,1536,12243,2848,4891,6938,8963,
122626923933,1763,12308,2942,4811,6905,8884,
122627423933,1384,11749,14873,4861,6841,8851,
122628423933,1555,33847,24523,15696,6832,41444,
122629923933,1642,12280,3385,4736,6786,8811,
122630423933,1651,12222,14398,5048,6894,8985,
122630923933,1481,12009,2829,4813,6812,8871,
122631423933,1721,12301,3259,5176,6979,8876,
122632923933,5358,12205,13821,5774,6814,8730,
122633923933,1541,23042,2804,5002,7126,19930,
122634423933,1557,12187,14570,4928,6933,8904,
122634923933,1729,12382,14013,4987,6988,9573,
122635423933,1513,23161,13817,15866,17889,19853,
122636423933,1591,12243,2980,4858,6922,8867,
122636923933,1722,12367,2880,15802,6966,8938,
122640923933,1718,12772,13930,4924,6876,8861,
122641423933,1519,12126,2828,4786,6773,8823,
122643423933,1593,12226,2982,4836,6839,8836,
122643923933,1481,12047,3198,4812,6785,8720,
122644423933,1440,23373,2774,26635,6969,30731,
122644923933,1623,12206,2792,4893,6749,8739,
122646423933,1676,12005,13959,4813,18374,20144,
122647423933,1269,11661,13629,4801,6839,8731,
122649923933,1656,12485,35941,4912,6824,8782,
122650423933,1694,12408,2986,4899,6906,8883,
122650923933,26571,12002,3047,5022,6939,9027,
122651423933,1436,12494,14178,4934,6814,9277,
122652423933,1450,11681,13709,5317,6763,8786,
122652923933,2992,14274,3579,4776,6735,8772,
122653423933,1429,11993,13874,4883,6946,9872,
122656923933,9255,11974,3901,4922,6882,9013,
122657423933,6425,11739,3032,4815,6794,8767,
122658423933,153030,12771,3176,5196,7013,9173,
122660923933,1414,12043,14003,4940,6817,8893,
122661423933,1409,12280,2818,4929,6822,8760,
122662923933,1571,12283,2795,4866,6867,8783,
122663923933,15331,11813,14602,4801,6853,8847,
122664423933,1292,12229,2897,4826,6749,8777,
122664923933,1544,12110,3026,4943,6793,8745,
122665923933,1564,12065,2881,4839,6840,8993,
122666923933,1299,22745,2849,4877,6765,8973,
122667923933,1455,14181,3401,5108,7328,9175,
122669423933,1263,11796,13549,4791,6959,8766,
122669923933,1343,12251,3030,4748,7214,8923,
122670923933,1215,33420,13772,15617,6816,19744,
122671423933,70948,23411,24957,4896,7034,19769,
122671923933,1333,55519,2901,5022,28890,19748,
122672423933,1560,12152,13841,4786,6763,8703,
122673423933,1326,12442,2983,5006,6783,8835,
122674423933,1231,11763,2990,4943,6793,8739,
122674923933,1422,12363,3140,4755,6817,8877,
122675423933,166946,11909,2931,4899,6875,8818,
122675923933,45213,11899,2880,4865,6955,8938,
122678423933,1409,22847,13802,15839,17852,8986,
122678923933,8689,11949,3005,5124,6929,9043,
122680923933,1292,11778,2875,48787,72146,30785,
122681423933,1888,11989,13991,26762,7054,8883,
122681923933,1989,12374,14115,4873,6892,9309,
122682923933,1483,12430,13815,4888,6955,8901,
122683423933,2478,12163,13851,5131,7837,8782,
122687423933,40284,12269,13831,4858,6762,9024,
122687923933,116700,11924,2813,4968,6905,8944,
122688923933,63044,11977,3008,17411,6994,8819,
122691423933,2745,12192,13758,15662,6967,20194,
122692423933,1211,11824,2821,4830,6952,8745,
122693423933,1704,12478,13783,4773,6835,8898,
122695423933,1272,12192,13748,4769,6909,8805,
122695923933,1639,12333,3049,4800,7056,8927,
122696423933,1627,12146,2985,4884,6782,8766,
122696923933,1391,11956,2811,4816,7009,8764,
122697923933,1342,11989,2888,5058,6757,8800,
122698423933,1839,13357,3275,4917,6893,9122,
122698923933,1995,12503,13982,5014,7126,8923,
122699923933,1739,12304,2859,4912,6961,8894,
122700423933,1468,12148,13553,15561,6920,19862,
122701423933,1584,11987,3183,15552,17908,20459,
122701923933,1296,13648,14259,5063,6998,9006,
122702423933,1516,12410,2962,4805,6978,8943,
122703923933,1676,12235,14187,4806,6811,8741,
122704923933,1259,12458,2923,4840,6812,8768,
122706923933,1397,12385,2789,4837,17688,8797,
122707423933,76948,12118,2913,4818,6831,8787,
122707923933,1943,11726,13679,4807,7455,8888,
122708423933,5376,15642,16800,15773,6817,9048,
122709423933,14491,12305,14157,4799,6785,8831,
122710423933,1255,12469,13953,4877,6906,8922,
122710923933,1471,12010,13743,4850,6800,8810,
122711923933,1578,12558,2943,4942,7309,9211,
122712423933,1249,34308,35322,4873,6737,19945,
122712923933,1439,11952,2772,4713,6789,8785,
122713423933,1642,12252,2911,4889,6872,8939,
122714423933,1805,12392,2850,4891,6859,8844,
122714923933,1442,12501,13684,4693,6875,8930,
122715923933,4037,15178,16919,16767,6753,8841,
122716423933,1506,12253,3147,4945,6983,8948,
122717423933,132478,12137,25044,15937,6987,19771,
122717923933,1454,12052,2858,4894,6853,8849,
122718923933,1012,12320,13839,15736,7261,8905,
122719423933,1518,12192,3256,4873,6758,8754,
122722423933,1585,12211,13953,4892,6716,8878,
122724423933,1624,12582,3016,4839,6913,8833,
122725423933,1644,12310,2809,4894,6913,8853,
122725923933,1351,11664,2816,4849,6736,8841,
122726423933,1445,11978,2815,4882,6821,8779,
122727423933,1462,11952,2824,4712,6781,8762,
122728423933,1740,12193,3410,4914,6939,8941,
122728923933,1411,11762,2880,4730,6742,8718,
122729423933,1548,11915,2981,4981,6968,8932,
122729923933,1537,12115,2821,4828,6912,8893,
122730423933,1396,12062,2862,4723,6791,9212,
122731923933,1519,12246,2869,4752,6862,8840,
122732923933,1440,12016,2911,4826,6774,8890,
122733423933,1801,12487,14399,15700,6746,8758,
122735923933,1582,12317,2878,4738,6821,8752,
122736923933,1193,11595,2936,4795,6812,8769,
122738423933,5893,12394,14046,4891,6911,8925,
122739423933,1617,12233,2764,4744,6846,9594,
122739923933,1317,12289,2931,4893,6757,8952,
122741423933,1218,11815,2811,4829,6753,8757,
122743923933,1457,12026,2965,5002,6823,8840,
122744423933,1532,12250,13826,4768,6808,8762,
122744923933,1638,11885,15237,4743,6826,8796,
122746423933,1436,12451,2946,5006,6812,8756,
122746923933,1532,12018,13634,4859,6854,19853,
122748923933,12854,11976,3016,4795,6865,8801,
122749423933,1595,12181,13806,4900,6812,8849,
122749923933,1773,12483,2944,5195,6958,9045,
122750923933,10129,11940,13687,15474,6887,8880,
122751923933,1481,12057,14043,15838,17916,9160,
122752423933,1481,11987,13642,4767,18305,9219,
122752923933,1461,12130,2769,4821,6812,8806,
122753423933,1687,12380,2900,4833,6734,8784,
122753923933,1662,11878,14040,5047,6783,8712,
122754423933,1262,11604,2791,4830,6758,8688,
122754923933,12241,12396,13834,4866,6855,8947,
122756423933,1644,12431,3041,4840,6929,8985,
122757923933,1622,12450,2883,15529,6789,8927,
122759923933,1396,12017,13907,5245,7057,8832,
122761423933,1752,12719,2975,4859,6803,8901,
122761923933,1539,11989,2897,4799,6824,9289,
122763423933,1453,12197,2810,4881,6897,8910,
122763923933,1485,12252,2937,4759,6905,8868,
122765923933,1462,12015,13517,4926,6846,8824,
122766923933,1391,12188,2891,4956,6786,9158,
122767923933,1427,12129,13745,15487,6914,8917,
122768423933,1475,12050,13598,4824,6773,8780,
122769423933,1522,12188,3360,5009,6815,8840,
122770423933,5772,12120,24748,5005,7165,9306,
122770923933,3941,11854,2943,4749,6904,8943,
122771423933,1534,12438,3224,4758,6897,8944,
122773923933,2161,12810,14186,4781,6814,8970,
122777423933,1272,11999,13641,4727,6768,8828,
122777923933,1227,34813,24834,15907,17953,8948,
122778423933,1718,11769,13993,16337,6856,8949,
122779423933,1437,12141,2912,4843,7271,9127,
122780423933,1564,12152,13844,4961,6787,8714,
122780923933,1564,12775,14449,5116,6971,8819,
122781923933,8893,11941,3004,4962,6982,9172,
122782423933,1381,12006,3024,4899,7039,8713,
122782923933,1581,12005,13788,5105,6803,8798,
122783423933,1447,22921,2752,26587,17566,8805,
122785423933,1474,11923,2928,4714,6709,8790,
122785923933,1437,12005,2828,4801,6853,8823,
122787423933,1737,12547,3120,5220,6940,8964,
122788423933,1473,11925,2877,4867,7027,8901,
122793923933,1480,12183,2809,4753,6932,8848,
122795923933,1219,12221,2987,4872,6722,9158,
122797423933,1291,12212,2754,4844,6836,8866,
122799923933,1366,11991,13855,4967,7055,8882,
122802423933,1430,12050,2903,5146,6794,8904,
122802923933,1452,11785,2794,4871,6858,8833,
122803423933,1623,12179,13858,4830,6776,8902,
122803923933,1794,12368,13960,4962,6991,8861,
122805423933,51423,12209,2930,5379,6822,8775,
122805923933,131644,12136,13819,81546,17566,30413,
122806423933,1616,11963,2994,5017,6920,9062,
122807423933,169003,11901,13823,15831,6883,8943,
122807923933,1904,11834,13761,4775,6855,9187,
122808423933,1893,13127,3142,4796,6846,8858,
122808923933,1295,11774,2937,4825,6735,8713,
122809923933,1712,12857,24775,15870,7016,8895,
122810423933,1549,12240,3382,5211,6976,9436,
122810923933,1429,12120,2877,4785,6782,9468,
122811423933,1467,12122,3121,4777,7174,8822,
122811923933,1458,22961,13596,4772,17615,19503,
122812423933,1312,11723,14142,4766,6818,8706,
122813923933,1383,11873,13724,15758,6871,8735,
122814423933,1442,11436,13840,4793,6789,8842,
122816423933,1421,12026,2757,4720,6749,8721,
122816923933,1647,12290,13755,4770,6849,8843,
122818423933,1525,12331,2734,4728,6943,8776,
122819423933,1412,11999,13974,4737,6729,8740,
122821923933,1735,12161,2843,4707,6942,9053,
122822423933,1520,11971,2965,4921,6795,8735,
122823423933,1405,12148,2875,5143,6794,8886,
122824923933,1507,12145,2781,4913,7813,9200,
122825923933,1479,11719,2807,4697,6830,8848,
122827923933,1547,12360,13766,4745,6719,8645,
122828423933,1787,12297,14170,4897,6735,8744,
122828923933,14653,11781,2919,4739,6731,8762,
122829423933,1401,12319,2808,4914,7133,8860,
122829923933,19354,11781,2813,4805,6860,8961,
122830923933,1422,11965,2846,4758,6944,8775,
122831923933,1555,12049,2897,15504,6807,8772,
122832423933,1406,12022,2972,4778,6760,8757,
122833423933,1780,12424,3150,4916,6915,8928,
122834423933,18369,12246,13875,4831,6848,9008,
122835423933,1870,11785,36275,15468,18295,8746,
122835923933,73660,79933,80175,82827,75918,78307,
122837923933,1341,11659,2912,5297,6827,8969,
122838423933,1506,11868,13773,4888,6853,8844,
122838923933,1521,11985,13612,4820,6766,8719,
122839423933,1477,12401,2839,4739,7056,9050,
122840923933,1608,12047,3004,4842,6840,9007,
122841423933,1534,12150,13871,15680,17965,8866,
122843423933,1693,12317,3157,4873,6949,8840,
122843923933,1648,12208,3423,5349,7166,8921,
122845923933,1671,12450,3318,5037,6985,9363,
122846923933,5682,12249,2865,4820,6707,8779,
122847423933,1640,22856,13542,26755,39504,30669,
122847923933,2137,12353,14265,4838,6907,8964,
122848423933,1763,12441,2945,4900,7006,9181,
122848923933,10170,11761,3018,4768,6793,8879,
122850423933,1398,12017,3130,4959,6960,8885,
122851923933,1472,12036,2903,4945,6686,8908,
122852423933,1517,12156,2871,5055,6811,8834,
122853423933,1393,12218,3221,4901,6853,8765,
122854423933,1257,11902,24727,4702,17726,8792,
122854923933,1717,11822,13623,4738,6865,8776,
122856923933,1443,11950,2912,4789,6746,8751,
122857423933,1665,12166,13768,4881,6972,8904,
122857923933,1341,11837,3018,4830,7102,8813,
122858423933,1507,12255,14101,4787,6711,8901,
122859423933,1587,12237,3336,4809,7030,9151,
122860923933,11381,12290,13765,15479,6934,9038,
122861923933,1639,12327,3175,4972,6884,8828,
122862423933,1939,12002,13882,8378,8847,9100,
122862923933,1386,12021,2860,4757,6820,8771,
122863423933,4976,12254,13759,4797,6824,8711,
122863923933,1632,34748,13575,26884,28371,30402,
122865423933,1433,12051,2829,4836,6887,8784,
122866423933,1611,12000,24695,4847,17544,19417,
122866923933,1420,12689,13459,4907,6772,8804,
122867923933,1241,11724,13616,4714,17649,19735,
122868423933,1335,23058,3034,4933,6865,8779,
122868923933,1509,11785,14055,4750,17530,19480,
122870423933,1443,11936,2813,4789,6857,8804,
122870923933,1359,12280,3128,4902,6797,8790,
122871923933,1275,12045,2904,4858,6764,8816,
122873423933,1418,12055,2786,4780,6825,8865,
122874423933,1663,12259,3066,4877,6963,9543,
122874923933,1445,12026,13798,4769,6838,8877,
122875423933,1464,12032,13746,4853,7052,9063,
122876923933,1360,12243,13807,4771,6929,9003,
122877423933,1610,12420,3188,4953,6861,8868,
122878923933,3150,11955,13591,4793,7449,19785,
122879923933,1543,12160,3012,4847,6849,8804,
122880423933,1542,12498,13704,4709,7160,8814,
122881423933,1598,12165,2952,4777,6835,8820,
122882423933,2782,24316,14267,15983,6871,8991,
122882923933,1307,11992,13682,4758,6766,8855,
122883423933,1547,11653,13720,4939,6940,8853,
122885423933,1534,12364,14867,4917,6974,8988,
122886423933,1631,12186,3214,4878,6797,8740,
122886923933,1392,11738,14727,5113,6968,8807,
122887423933,1248,12141,2979,4916,6935,8976,
122887923933,1356,11761,2856,4844,6812,8775,
122888923933,1837,12580,13506,4841,6807,8729,
122889423933,1589,12126,13805,5141,6759,8879,
122889923933,1308,11882,2871,4819,6852,8854,
122890423933,1559,12187,13830,4730,6916,8781,
122890923933,1574,12202,2958,4845,6863,8834,
122891423933,1428,12155,13950,4893,7118,8859,
122891923933,3433,12012,2932,4938,6933,8987,
122892423933,1519,12213,3050,4983,6954,8853,
122892923933,1276,12512,13855,4841,6787,8921,
122893423933,1336,11774,13797,4818,6864,8825,
122893923933,11343,12224,2947,4940,6918,8856,
122895423933,1484,12436,2745,4823,7124,8944,
122896923933,1396,12108,2753,4909,7051,8940,
122897423933,1463,12206,13896,16011,6890,9139,
122897923933,1784,12428,3050,4885,6868,8941,
122898423933,1457,12129,2879,4836,7005,8762,
122898923933,1767,12747,2918,4866,17914,8801,
122899923933,1917,12130,13748,4796,6830,8677,
122900423933,1553,34501,24448,26492,28823,9340,
122903923933,1433,11925,13828,4910,6850,8777,
122904423933,1583,22748,2901,15701,38968,19522,
122904923933,6576,12122,13429,15848,17802,19670,
122905423933,1411,12120,2922,15729,6792,8929,
122906423933,1916,13066,14272,15943,7037,31189,
122906923933,52587,12023,14260,4881,6811,8937,
122907423933,1628,12178,13678,17965,18044,19954,
122908923933,1558,12160,2951,4773,6876,8857,
122911923933,1661,12219,2845,4698,6854,8858,
122913923933,1769,12317,2916,4796,6889,8780,
122915923933,1640,12163,13964,4756,6727,9180,
122916423933,1579,12041,13522,5398,6762,8838,
122916923933,1457,12113,2863,4729,6700,8839,
122917923933,1691,11988,14185,4842,6790,8958,
122918423933,1441,12204,14171,4770,6866,8832,
122919923933,13550,12184,24388,37669,6866,8796,
122921423933,6000,12207,2856,5369,6951,9001,
122921923933,1507,11957,2781,4686,6727,8793,
122922923933,4507,12013,3957,4843,6726,8748,
122923923933,1546,12192,2985,4872,6867,8830,
122924423933,1671,22940,3001,16442,6868,19682,
122925423933,1262,11849,3035,5631,6909,8707,
122927423933,1507,12400,2755,5313,6755,8863,
122927923933,3105,12234,2922,5056,6829,8842,
122928423933,1876,12104,13605,4762,7432,8836,
122928923933,1620,12241,3030,4803,6789,8772,
122930423933,1337,11963,2937,4831,6775,8852,
122931923933,1563,22847,13663,26255,6706,8880,
122932423933,1581,11670,2999,4951,6854,9015,
122933423933,1428,12261,14151,5220,6948,8876,
122934423933,1396,12452,2858,4836,6798,8764,
122934923933,35897,12160,2946,26902,6938,19812,
122935423933,1511,12208,24985,4717,17551,30336,
122936423933,1316,11964,2907,15600,6799,19443,
122936923933,1281,22738,2858,15838,6849,8853,
122937423933,99443,23248,24814,4936,17806,30990,
122937923933,1474,12267,3210,4917,6887,9215,
122938423933,1684,11786,3008,4777,6810,9036,
122938923933,1628,11893,13716,4812,6992,8884,
122939923933,1461,12111,2861,4850,7004,8772,
122940423933,1359,12416,2959,4909,6913,8824,
122940923933,1400,11886,13856,4762,6936,8893,
122941423933,1447,12184,2934,4938,7148,9568,
122943423933,1587,12308,3181,4859,6880,8980,
122944423933,1307,11712,3106,4744,6794,8736,
122945423933,1671,12275,13694,4818,6727,8942,
122947423933,14385,23169,24657,26416,28682,30473,
122949923933,1434,12057,4002,4946,6757,8796,
122950923933,5916,12022,2981,5465,7157,8805,
122951423933,1267,12931,13708,4896,6755,8748,
122951923933,1897,12361,2966,4961,6882,8779,
122952923933,2143,11985,13781,4733,6794,8835,
122953923933,1772,12370,3111,4795,6907,8876,
122954423933,1480,12218,13797,4852,6916,8950,
122954923933,1249,12434,2785,4765,6863,8977,
122955423933,1554,12132,2814,4951,6790,9193,
122955923933,1224,12229,13992,4954,6700,9237,
122956923933,1479,12122,2906,15891,6809,8795,
122957423933,1603,12405,13571,5455,6739,8767,
122958923933,95625,23037,14228,38202,18141,31235,
122959923933,1413,11947,2838,5244,6802,8885,
122964423933,1269,11950,2789,4728,6943,9181,
122964923933,1480,12243,3051,4868,6794,8969,
122965923933,1453,12127,2913,4802,6960,8905,
122966423933,1382,11722,2896,4924,6807,8759,
122966923933,1475,12045,13628,4867,6749,8744,
122967923933,106986,23764,24961,26662,40350,9125,
122969423933,NULL,NULL,NULL,NULL,NULL,NULL,
122969923933,NULL,NULL,NULL,NULL,NULL,NULL,
122970923933,1183,17909,5503,5310,15851,16249,
122971423933,1324,6981,7924,12742,53207,55892,
122971923933,36725,11857,3228,5126,6832,8940,
122972423933,1321,13154,14773,4826,6762,8682,
122972923933,123782,11625,2973,4756,6701,8787,
122973923933,1414,12042,2709,4801,17781,21016,
122974423933,1872,12534,2932,4874,6846,8905,
122974923933,1584,12184,2872,4978,6983,8948,
122975423933,21238,11962,2886,4890,6738,8829,
122975923933,1611,22616,35567,4778,6765,8698,
122976423933,1220,12132,3041,4865,6756,8743,
122979423933,1478,22866,35017,15742,17819,8886,
122980423933,1613,12268,2926,4913,6848,8722,
122980923933,1431,12390,3022,4815,6848,9121,
122981423933,1290,12037,3114,4949,6779,8746,
122982923933,1521,12841,2884,4827,6837,8920,
122983423933,1246,11786,2937,4908,6776,8808,
122985923933,136565,142359,143824,145306,148061,148793,
122987923933,5570,12276,2911,4822,6786,8811,
122988923933,9942,12221,3171,4871,6967,8792,
122989423933,91688,11747,2754,4866,6836,8902,
122989923933,1631,12002,6802,6580,7167,8855,
122990923933,1515,11935,2898,4906,6953,8756,
122991423933,1281,11675,2805,4869,6967,8744,
122992923933,1608,12394,3226,4894,6922,9230,
122994423933,1399,12179,2845,4762,6774,8905,
122995423933,1585,12054,2730,4833,6741,9040,
122996423933,216851,11983,13721,4851,6994,8757,
122997923933,1473,12137,2891,4875,6857,8826,
122999923933,1444,11967,2861,4921,8014,8942,
123000923933,1541,11760,2826,4734,6869,8803,
123001923933,1264,11826,13869,4899,6825,8719,
123002423933,1342,11650,2777,4818,6737,8710,
123007923933,1535,12309,3435,4723,6744,8803,
123008923933,1655,12376,3127,5171,6964,8807,
123009423933,1241,11980,2813,4808,6755,8704,
123009923933,1451,12222,25057,5155,51497,9034,
123010923933,1199,22467,2825,4698,6727,19500,
123011423933,1374,11616,3221,4810,6745,8760,
123011923933,1196,11635,2834,4758,6752,8725,
123012423933,1455,12199,13704,4864,6785,8770,
123014423933,1668,12171,13815,15921,6895,9012,
123015923933,1337,11890,2932,5213,6725,8766,
123016423933,1377,11840,2786,4741,6689,8720,
123018423933,1346,11862,2913,4717,6683,8767,
123019923933,1445,12042,2828,4835,6836,8973,
123020423933,1187,11668,13561,4803,6779,8756,
123020923933,1324,11829,2878,4849,6761,8821,
123021423933,2869,13395,3023,5056,6841,8724,
123022423933,1228,12198,2781,4848,6722,8990,
123022923933,1242,12356,2802,5156,7622,9575,
123023923933,1305,11848,2805,4767,6832,8780,
123025423933,1418,12126,2921,4851,6863,8879,

