,W-0,R-0,R-1,R-2,R-3,R-4,
131485303064,6613,13906,5159,6854,7145,9609,
131485803064,3772,12848,5318,4980,8140,11039,
131486803064,3763,1578,3211,4859,7042,8924,
131487803064,3762,12629,2903,4928,7021,9048,
131488803064,3744,1595,2895,5290,7098,9132,
131492303064,4809,12305,3157,5034,7089,9099,
131492803064,3713,12722,3191,4908,6864,9047,
131493803064,3888,12385,13901,4926,18102,8806,
131497803064,4004,12696,3332,5063,7193,9285,
131500303064,3974,12491,3049,4909,6933,9169,
131501303064,4601,1548,13765,5079,6836,8811,
131502803064,3870,1514,3017,4861,7049,8849,
131503303064,3445,11903,3187,4778,6757,9027,
131503803064,4463,12767,3077,5033,7023,9173,
131506803064,3806,12718,3274,5059,7198,9051,
131507303064,3452,12196,2910,4864,6831,8997,
131507803064,2547,12152,3116,6044,6981,8855,
131508303064,3475,1552,3108,4902,7094,9066,
131509303064,5252,12117,14073,5027,6861,9156,
131512303064,3655,1525,2894,4888,6791,8821,
131514303064,3770,1502,2929,4869,6978,9577,
131514803064,4547,12542,13866,4914,6915,8797,
131515303064,3728,12541,3094,4913,7070,8923,
131516803064,5151,12724,25340,16606,18241,8902,
131517303064,3716,1580,15133,4996,7302,8816,
131519803064,2754,12093,3035,5034,6803,8787,
131520803064,3992,12256,3117,4919,7181,9287,
131521303064,3596,12437,3116,4991,7099,9011,
131523303064,4642,12147,14071,4875,6889,9046,
131524303064,4160,12170,2811,5097,6913,8822,
131524803064,3153,12045,2886,4975,7143,8843,
131525803064,4473,1698,3232,4834,6862,8817,
131526803064,4306,1841,2975,58306,7065,20435,
131527303064,3654,12099,3141,4896,7001,8817,
131528803064,4667,12101,14008,5088,6806,8889,
131530303064,3632,12573,3208,5013,6895,9169,
131530803064,8085,17500,7509,7139,6874,9140,
131533303064,3978,12552,2846,5007,7183,8862,
131533803064,3245,11894,3072,4899,6887,8858,
131534303064,3681,12015,2978,4793,6992,8895,
131535303064,4538,11927,3244,4901,6882,8926,
131535803064,5262,12303,3077,4994,7184,8868,
131536303064,3257,11894,3233,4985,6882,9131,
131537803064,5176,13713,3406,5121,18001,8835,
131538303064,3550,12075,3164,5021,6787,8783,
131539303064,4345,3801,3985,4766,6889,8826,
131539803064,4067,22707,16364,5002,6875,19677,
131540803064,5194,12533,14086,4900,7117,8924,
131541303064,10930,12356,14103,16186,17764,8784,
131541803064,4490,12153,3291,4988,6850,9092,
131542303064,3759,1235,2821,5144,7144,8813,
131543803064,3779,12253,3170,4832,6802,9064,
131545803064,3704,1400,3145,4822,6877,9075,
131546803064,3741,12144,14334,16462,6884,8890,
131547303064,3687,1444,36135,15796,18003,31383,
131547803064,3628,12141,3018,5013,6804,9025,
131548303064,3787,12207,3259,4862,6771,8821,
131549803064,5912,12314,3412,4855,6991,9091,
131552303064,3608,1350,3014,4933,6863,9020,
131552803064,4644,12110,3016,5135,6865,9297,
131553303064,3434,11991,3501,4814,6971,8819,
131554303064,8441,12148,3269,4740,7178,8798,
131555303064,3675,23560,25284,5244,6870,31060,
131555803064,3791,1665,3300,4795,7072,8979,
131556303064,3710,1521,2971,4861,6877,8750,
131556803064,3860,1636,3176,4778,6851,8877,
131557803064,33972,12100,3088,4927,6903,8839,
131559303064,5558,12440,13928,4987,6997,9847,
131559803064,3520,12088,2899,4802,6759,8862,
131560303064,4067,12381,3252,5083,6823,8934,
131560803064,3911,1713,2912,4833,6869,9084,
131562303064,4038,1656,14118,4820,6877,8973,
131563303064,3815,1626,3128,5682,7026,9506,
131563803064,20176,12064,2890,4765,6802,8799,
131564303064,3827,23288,3125,38219,6813,20271,
131564803064,4697,12397,3087,5258,6909,9035,
131565803064,3764,1658,3119,4934,6886,9017,
131566303064,3312,13021,3202,4805,6762,8831,
131570303064,4559,11979,2880,4984,6882,9078,
131570803064,3577,12238,3122,4828,6930,8770,
131572803064,3742,12320,3106,4983,7171,20072,
131573303064,3455,12528,3164,4763,6787,8822,
131573803064,2985,1458,3176,4767,7137,8779,
131574303064,2626,1602,2842,4790,7006,8886,
131575803064,6127,1406,2883,15859,17634,8856,
131576803064,3594,12109,2836,4725,6864,20302,
131579303064,3873,11858,13870,4838,6921,8884,
131579803064,3132,11842,2888,5027,6832,9098,
131580303064,3849,12264,2979,4934,7132,8923,
131580803064,13754,23106,14091,4894,17825,20599,
131581803064,10186,11827,2830,4908,19521,20009,
131582303064,40831,11817,3098,4997,7071,8842,
131582803064,4636,11786,13824,4864,6826,8856,
131586303064,3563,12488,2878,4883,6783,9037,
131586803064,3550,1413,3040,4850,6766,8914,
131587803064,3674,1334,2953,17033,18193,8847,
131590303064,5282,12328,13915,5089,6892,8874,
131590803064,2866,12233,2777,4834,7024,8900,
131592303064,3150,11718,2842,4894,6883,8805,
131593303064,3495,1237,2909,4808,6792,8867,
131593803064,3453,11686,2876,4851,6740,8780,
131594303064,4418,12139,3068,4801,6844,8789,
131595303064,3581,1340,2876,4751,6801,8776,
131596303064,28208,1317,3222,4840,6836,8784,
131597303064,3662,12367,3069,5118,7026,8795,
131598803064,3607,1370,2976,4820,6827,8914,
131599303064,3605,12099,3120,4794,6803,8796,
131600303064,4132,12215,3270,4993,6763,8749,
131600803064,4140,12037,3088,5063,7017,9050,
131601303064,3663,12251,3008,5459,7058,8874,
131601803064,3844,12174,3106,5018,7024,8911,
131602803064,3769,12197,3016,4857,6838,8807,
131603803064,4115,1484,3392,4923,7060,9073,
131604303064,3482,12084,2855,4767,6857,8886,
131604803064,3609,12429,3334,4841,6831,9102,
131605303064,5330,12132,3122,5200,6906,8868,
131607803064,3598,12240,3067,5537,18381,9222,
131608303064,98919,3079,3172,27518,18237,8848,
131610303064,4150,12250,3026,4851,7027,8798,
131610803064,2749,1402,2989,5193,7156,9053,
131611303064,3543,11902,24394,4841,6738,8774,
131612303064,27504,1374,2816,4828,6834,8787,
131612803064,3751,11719,2906,4897,7042,8896,
131616803064,3427,12161,2890,4830,6928,8829,
131617303064,3531,1296,3017,5036,6858,8887,
131618303064,3451,12860,13724,5080,7025,8866,
131620803064,2691,12121,3237,4857,6841,8928,
131621803064,3712,12050,2809,4692,6717,8807,
131622803064,5708,12414,13844,5079,17751,9100,
131624803064,7437,12310,3103,4924,7124,8723,
131625303064,12361,12107,24733,5071,28542,41537,
131625803064,3139,1223,2833,4867,6781,8755,
131626303064,3496,12066,3060,5024,6905,8931,
131627303064,3534,1389,2989,4908,6809,8766,
131627803064,3753,11907,3032,5060,6887,8696,
131628303064,3780,12660,14116,15997,6915,8853,
131629303064,3687,12162,2801,15913,6856,8787,
131629803064,3609,12042,2848,4805,6792,8743,
131630803064,3708,1495,3034,4913,6990,8845,
131631303064,5041,11992,2782,4821,6825,8813,
131631803064,11772,12854,14084,4841,6806,8738,
131633303064,3647,11600,2779,4836,6797,8837,
131634303064,3443,12006,3128,4797,7112,8774,
131636303064,3306,12199,2822,4774,6876,8837,
131636803064,4381,15745,5759,6058,6919,8725,
131637303064,68644,12059,3091,5088,7161,9070,
131637803064,3781,12060,2971,5010,6846,8902,
131638803064,3666,1597,3070,27093,17849,19986,
131639803064,4524,12549,13902,4915,7024,8851,
131640303064,3675,25723,2748,4858,6836,8816,
131641303064,3058,11673,24493,4763,17543,8767,
131641803064,3681,11847,13726,4865,6836,8828,
131642303064,4446,4750,5292,5164,6908,8990,
131642803064,4445,2049,13731,4861,6747,8917,
131643803064,140519,11848,3069,4782,6758,8867,
131644303064,6069,1710,14040,5031,6911,8992,
131645303064,4586,12089,3501,4786,6756,8795,
131645803064,4294,12349,3459,4899,6972,8786,
131646803064,3374,11860,2923,4830,6840,9384,
131647303064,10921,12089,2846,4762,7071,8767,
131648303064,3644,11989,3065,4828,6832,8711,
131648803064,4595,12196,13781,4895,6858,8740,
131651803064,3925,14263,2935,4777,6765,9288,
131653803064,4379,33232,2854,4793,6832,9080,
131654803064,3710,12046,2874,4995,18064,19793,
131655303064,5263,11918,13841,4894,7142,9308,
131655803064,3530,12045,3077,4866,7039,8797,
131656803064,3731,1575,13754,4761,6803,8721,
131657803064,3643,12014,3133,26521,6790,8933,
131658303064,3506,12024,2913,15756,6775,8820,
131658803064,4533,1483,3071,5001,6804,8769,
131659303064,4415,12305,3270,5169,6795,8806,
131659803064,3588,12262,2867,5188,6981,8817,
131661303064,3611,12253,3078,4732,6771,8711,
131662303064,3053,12112,2867,4803,6890,8925,
131662803064,3579,12180,2751,4786,6804,8900,
131665303064,7306,1406,3004,7974,7724,8981,
131666303064,3791,12075,3060,5107,6839,8892,
131667803064,5161,12154,13766,4909,7087,8911,
131668803064,54750,12239,3069,5102,7109,8844,
131669303064,3419,11850,2819,4784,7045,8899,
131670803064,3561,11807,2838,4726,6852,8849,
131673303064,4008,11878,3011,5121,7060,8754,
131673803064,3469,11915,2907,4856,6909,8877,
131674303064,3637,12033,3300,5035,6865,8712,
131675803064,4857,23034,13684,26378,7192,8787,
131676303064,5004,12302,13791,4779,6776,9040,
131678303064,11645,1533,13857,37187,17787,31060,
131678803064,4518,1930,14335,4822,7091,8818,
131679303064,3913,1537,3096,4736,6786,8757,
131680303064,4764,12078,13606,5151,6860,8833,
131681303064,4110,23095,36082,4919,28393,8892,
131681803064,300000,34507,14134,16024,51355,9105,
131682303064,300000,312265,310779,304175,302542,307769,
131682803064,4927,12025,13605,16022,17799,8886,
131683303064,219458,12487,14388,16133,7066,9074,
131683803064,17650,12203,3131,37578,39867,9074,
131684303064,4549,1664,3058,5152,18437,8880,
131685803064,3774,1206,3571,4724,6890,8886,
131687303064,300000,1278,3018,5130,6932,9070,
131689303064,3846,12014,3103,5032,7086,9093,
131690803064,3770,12193,3228,5134,7101,9083,
131691303064,3849,12399,3252,4906,6820,8836,
131692803064,4057,11851,2772,4887,6742,8874,
131693303064,3855,12056,3096,5154,6935,8783,
131695303064,7797,13590,14066,4931,6904,8697,
131696303064,4172,12408,3385,5004,7029,8887,
131697303064,3346,12073,3160,4796,6770,8718,
131697803064,3705,12038,3227,4929,6923,8851,
131698803064,2518,12010,2890,4729,6709,9054,
131699803064,3718,12081,3255,4776,6734,9019,
131700303064,3764,1424,3101,4759,6811,8816,
131700803064,5511,12103,2993,5258,7040,8769,
131703303064,3463,1209,2781,4718,6838,8782,
131706803064,3263,11805,13981,4873,6785,8731,
131707303064,3663,11857,3338,4806,6794,8842,
131707803064,3482,12016,2821,4743,6783,8785,
131708803064,3805,1628,3106,4758,6795,8830,
131709803064,3414,1306,2820,4800,6894,8902,
131710303064,3820,1335,24897,4769,7117,8905,
131711303064,3532,12037,2829,4905,6924,8876,
131711803064,3506,1221,2753,15461,6776,24132,
131712303064,4433,12309,14072,5030,7009,9040,
131712803064,6350,11843,3032,4920,6852,8766,
131714803064,3450,12366,24535,4813,6696,8702,
131715303064,41735,35368,3202,5033,6892,9027,
131716803064,3521,1461,3144,5006,7007,8900,
131717803064,3768,1384,13798,15843,6925,8879,
131723303064,8398,1255,2882,4809,6756,8729,
131725303064,3035,12032,2839,4813,6816,9130,
131726803064,2552,11866,2857,4849,6807,8857,
131729303064,3750,1592,3091,4814,6782,8884,
131731803064,3546,11920,3033,4931,7042,8896,
131732303064,3653,11850,2872,4813,6744,8721,
131732803064,5420,1683,13766,4749,6775,19828,
131733303064,3268,1381,13622,5076,6709,8696,
131734803064,68297,73804,74875,74002,73599,73302,
131735303064,3562,12426,2899,5297,6779,8715,
131735803064,300000,12280,2844,15795,6866,9007,
131736803064,NULL,NULL,NULL,NULL,NULL,NULL,
131737303064,5219,13819,23883,8873,7465,9258,
131737803064,34565,39020,38191,23931,36081,38567,
131738303064,3696,12322,2793,5344,6822,8995,
131739303064,4076,12547,3350,4918,7077,8870,
131739803064,3693,12162,13985,4787,6755,8877,
131740303064,3751,12236,2912,5095,6802,8703,
131740803064,4409,11896,3015,4901,6831,8884,
131741303064,14275,23447,14352,12364,28634,12257,
131741803064,3658,12082,3085,4871,6807,8714,
131743303064,4930,11935,13748,4742,7191,19977,
131743803064,4540,12763,2820,4832,6765,9015,
131745803064,7633,11804,2725,5758,6879,8823,
131746303064,4359,1393,3196,4780,6778,8853,
131747803064,2555,11924,2852,4821,6838,8679,
131748803064,3556,12242,13689,5602,6806,8984,
131751303064,26554,1376,2894,4761,6765,8971,
131751803064,3164,12100,2852,4828,6814,8793,
131752803064,4136,12221,2861,4862,6974,9025,
131754303064,3569,12044,3039,4795,6912,8733,
131755303064,3504,11817,2899,4985,6842,8865,
131757303064,3534,11975,2974,4742,6793,8865,
131757803064,3589,12043,13629,5243,6842,8773,
131758303064,3618,12120,3022,4790,6903,8989,
131758803064,6013,12071,3020,4923,7048,9189,
131759303064,3664,11744,2874,4814,6807,8890,
131760303064,3655,12385,2828,4703,6754,8854,
131761303064,3546,12089,2772,15615,6849,8756,
131761803064,3564,12161,13820,4821,6865,8871,
131762803064,3846,11807,3025,4890,6805,8770,
131763803064,4175,13314,14087,5024,6829,9217,
131764803064,4844,11922,13762,26490,17458,8768,
131765303064,3589,11926,2807,4875,7022,8851,
131767303064,3169,11972,2933,5126,6833,8750,
131767803064,90168,23084,2820,16161,7099,19862,
131768303064,4083,1600,2754,4932,7095,8820,
131768803064,3973,12136,3064,4783,6799,8757,
131770303064,3674,11677,2913,4731,6906,8746,
131770803064,3456,12184,2838,4749,6803,8791,
131772803064,3683,12086,3064,5423,7180,8830,
131773303064,4772,12455,3029,4906,6870,9289,
131775303064,3924,11925,2878,4744,6808,8718,
131776303064,3186,11751,2997,4701,6736,8793,
131776803064,2655,11791,2834,4808,6754,8803,
131777303064,3850,1554,2823,4788,6833,8794,
131777803064,293621,13105,3005,4782,6710,8848,
131778303064,3589,12095,2844,4712,6721,8722,
131779803064,2561,1200,2825,4702,6776,8719,
131781303064,3691,1285,3023,4817,7006,9220,
131781803064,2458,11914,2734,4751,6800,9746,
131782803064,3494,12313,2831,4786,6991,8867,
131783803064,5161,11982,2973,16036,17808,8877,
131784303064,4871,11804,13764,4805,6855,8846,
131786303064,3539,1318,3003,4814,6890,8872,
131786803064,3744,12089,2898,4729,6826,8662,
131787303064,3463,1296,2811,4750,6834,19651,
131787803064,4063,12510,3034,4934,6824,8817,
131788803064,232886,1482,2887,5019,7045,8843,
131790303064,4738,12013,2892,4843,6980,10227,
131791303064,5445,11900,2873,5119,6687,8654,
131791803064,3893,12111,3102,4980,6811,8760,
131792303064,3761,12119,24492,4754,6770,8806,
131792803064,5024,1563,13781,4826,6800,8853,
131793303064,15097,1427,13843,15724,6779,19746,
131794803064,4313,11601,2899,4657,6730,8776,
131795803064,80278,12149,2919,4855,6793,8853,
131796303064,3553,11792,3073,4776,6885,8777,
131797303064,4995,12132,13670,4753,6835,8766,
131797803064,2448,11932,2837,4720,6758,8825,
131798303064,2686,11882,3086,5064,6813,8757,
131799803064,2477,12019,13554,4986,6837,8871,
131800303064,5140,11889,13406,4829,6790,8732,
131801303064,3497,12194,3036,4780,6786,8724,
131802803064,5764,11866,3218,4768,17623,8931,
131803803064,4548,11796,13756,15886,17577,9079,
131804303064,3824,1518,2824,5067,50870,8996,
131804803064,3583,1450,2850,4847,6694,8910,
131806303064,3740,1511,2808,4676,7342,8791,
131806803064,3444,11844,2865,4801,6929,8732,
131808303064,3649,12381,2895,4845,6881,8792,
131809303064,3494,12064,2801,4833,6755,8858,
131809803064,164479,168212,168810,167842,167887,167756,
131810803064,3769,11922,13614,4793,17709,8807,
131811803064,5552,11852,13726,4774,6715,8853,
131812303064,5001,22553,24413,4797,29302,8792,
131812803064,4382,11918,2735,4896,6773,8848,
131814803064,3076,12087,2799,5079,6804,8832,
131815803064,3456,11777,3001,4820,6806,8782,
131816303064,3619,12055,3444,5328,6694,8829,
131816803064,3574,11834,3107,4791,6969,8783,
131817303064,4505,12044,2912,4998,6847,8766,
131818303064,28149,11902,3018,4783,6801,8759,
131818803064,39711,44900,25149,59152,17709,8879,
131819303064,3566,1401,13795,4787,6761,19597,
131819803064,3443,1368,2695,4712,6662,8652,
131820303064,3674,12110,3183,4811,6834,8757,
131820803064,4717,12433,3029,5193,6872,8752,
131821303064,2761,11995,2913,4689,6794,8904,
131821803064,3461,11905,2831,4759,6771,9078,
131822303064,2489,11852,2911,4745,6688,8926,
131822803064,3541,12146,13856,4714,6772,8911,
131823303064,3513,11880,2836,4724,6751,8740,
131824803064,3918,12122,13911,15510,28802,8896,
131826303064,4149,11789,3021,4916,6935,8824,
131826803064,4526,11739,2775,4916,6873,8815,
131827303064,4365,12188,13861,15738,17480,19570,
131827803064,4400,1378,2892,4832,6913,8878,
131828303064,3617,12377,3409,4930,6694,9056,
131829303064,21800,11807,13794,15609,17463,20264,
131829803064,4506,12017,13725,4754,6840,8826,
131833303064,3783,1325,13720,4715,6842,9133,
131833803064,13037,11889,13921,15765,6886,19657,
131834303064,4675,12045,13767,4847,6859,8784,
131834803064,7816,1393,2869,15574,6805,8816,
131835803064,3605,11702,2872,4800,6810,8817,
131836303064,3721,11925,2750,4670,6724,8763,
131836803064,3346,1250,2742,4833,6765,8847,
131838303064,3446,11550,2879,4813,6853,8774,
131841303064,3808,11986,3089,4863,7282,9036,
131843303064,8554,12065,3087,4869,6897,9008,
131845303064,4931,22921,13599,4702,6786,8641,
131845803064,4000,11840,3336,4771,6718,8729,
131846303064,3484,1409,2989,4794,6865,8786,
131847303064,4564,11796,13639,15603,6823,8782,
131847803064,3735,1712,13897,5003,6792,8721,
131849303064,2533,11700,2892,4827,17885,19642,
131850803064,4348,12497,2858,4715,6801,8697,
131851303064,244299,12201,3200,4982,6879,20121,
131852303064,3403,23421,2899,15809,6781,19641,
131853303064,3595,1522,3123,4710,6678,8706,
131853803064,3319,1302,3111,4748,6742,8666,
131854803064,3224,12103,3085,4717,6819,8797,
131856803064,3568,1500,3054,5153,6788,8750,
131857303064,3612,1365,2829,4822,6781,8867,
131857803064,16384,12055,3112,26893,6987,19588,
131858303064,3682,11883,2855,4662,6798,8798,
131859803064,3564,12035,3354,5162,7697,8731,
131861303064,3693,1505,13838,4747,17738,30406,
131861803064,3579,12073,2929,4846,6834,8808,
131862803064,63599,63449,65153,64548,64786,63276,
131863803064,3480,12130,2808,4760,6819,8704,
131864303064,7892,12031,3220,16030,6830,19798,
131864803064,3738,1487,13650,4870,6906,9146,
131865803064,4571,11749,3274,4756,6916,8713,
131866303064,11768,1417,2916,4754,6734,8684,
131866803064,3729,1639,3160,4858,6851,9016,
131867303064,3802,1496,2918,4917,6805,8848,
131867803064,3479,11765,2906,4697,17545,19405,
131868303064,30336,1520,3123,4781,6808,8827,
131869303064,3153,12072,2984,4797,7051,8705,
131869803064,3500,23120,2784,15599,6807,8839,
131870303064,4601,11861,3048,4848,6712,8718,
131870803064,3464,11557,2746,4760,6816,8757,
131872803064,22513,34139,25053,15675,6787,9002,
131873803064,3560,1388,3010,4835,7103,8774,
131874803064,3370,11818,3125,4865,6787,8751,
131876803064,3766,12210,13808,4998,6928,8842,
131879303064,8661,1353,8664,8410,8563,8795,
131880303064,3655,1412,3056,16078,7806,9110,
131880803064,3465,1370,13707,4805,6974,8702,
131881303064,17686,15761,14317,26393,17854,19686,
131882303064,4568,1661,13481,4837,6859,8752,
131883303064,3704,12126,3096,5063,7114,8848,
131883803064,3622,11919,13981,4919,17678,9168,
131884303064,3566,1387,13929,4805,40111,8929,
131884803064,4839,12064,13837,4737,6769,8811,
131885303064,12785,12102,2880,4656,17719,8787,
131886303064,4613,2494,15134,5061,6760,8709,
131886803064,3231,1466,2846,4859,6744,9065,
131888303064,5043,12131,13740,4847,7228,8784,
131889303064,7042,15290,14293,16211,6867,9148,
131893803064,4140,12201,3032,4901,6778,8765,
131894303064,3979,11616,2717,4668,6727,8854,
131895303064,11140,14004,9251,15578,9181,20317,
131895803064,3592,1229,2877,4860,6868,8676,
131896303064,3807,11819,13580,4771,17562,8801,
131897303064,2702,11855,2987,4712,6712,8658,
131898803064,135827,138769,130838,139743,130269,139611,
131899303064,3527,11682,2856,4810,6802,8751,
131900303064,3829,12100,3240,4832,7017,8879,
131900803064,3459,11828,2713,4737,6823,8730,
131901303064,3525,11717,3025,4730,6866,8799,
131901803064,3698,12040,24821,26496,6787,8772,
131902303064,3153,11871,2889,4825,6860,8775,
131903303064,3365,1207,2741,4711,6746,8653,
131903803064,4738,12312,14190,4930,7022,8927,
131904303064,3834,1761,3023,4908,6830,9097,
131904803064,3158,11981,2789,4848,6755,8725,
131905303064,135899,11909,13617,15601,17591,8828,
131905803064,3571,11833,2914,4844,6984,8846,
131908803064,5018,12168,14033,4803,6913,8721,
131909803064,3670,12187,2870,4917,6977,9057,
131910303064,4111,1527,2701,4845,6917,8880,
131910803064,3389,11849,2844,4783,6808,8810,
131912303064,3530,12041,3077,4743,6785,8811,
131912803064,3622,12108,2981,4928,7054,8994,
131915303064,4324,11876,13722,4926,6798,8791,
131917303064,4568,1212,14013,4881,6848,8738,
131918303064,3644,1299,2978,4754,6791,8717,
131918803064,83079,12141,13981,4878,6801,9080,
131919303064,4715,11694,2843,4647,6783,8733,
131920303064,3842,12135,3013,5135,6890,8718,
131920803064,3367,12200,2871,4706,6929,8886,
131922303064,4214,12235,2809,5007,6865,8757,
131923803064,3847,1698,3023,4824,6864,8674,
131924803064,3802,12093,2876,15585,17660,8904,
131925803064,5309,13461,13826,5086,6871,8863,
131927303064,3701,11928,2811,5005,6896,8757,
131929303064,2919,11914,3181,4852,6754,8847,
131930303064,3183,11838,3013,4834,6777,8806,
131931303064,96323,11840,3067,4711,6766,8842,
131931803064,6763,11782,2764,15768,17829,8749,
131937303064,4034,1721,3217,4894,6783,8877,
131938303064,4540,1599,2845,4860,6829,8813,
131938803064,3688,12242,2931,4776,17739,30718,
131939303064,3441,11751,2788,4820,6826,8769,
131940303064,3550,12350,2997,5033,6910,8857,
131940803064,5081,1189,2876,4810,6983,8795,
131941303064,5135,11741,14265,4826,7046,8808,
131941803064,45971,12104,2980,5126,7015,8727,
131943803064,3746,11581,2726,4816,7256,8715,
131945303064,10217,11878,14200,4669,18405,8863,
131945803064,3713,1554,3113,4881,7193,8912,
131947803064,3594,1395,2853,15501,6841,8807,
131949303064,3488,11813,2850,4758,6661,8632,
131949803064,15302,12033,14025,11150,10852,11089,
131950303064,2426,11753,13599,4796,6739,9269,
131950803064,6471,12209,13876,16439,7009,8792,
131951803064,NULL,NULL,NULL,NULL,NULL,NULL,
131952303064,7789,12997,3550,7540,7078,9116,
131953303064,3573,12306,2812,4688,6760,8770,
131954803064,34879,35116,37445,37558,41059,37625,

