,W-0,R-0,R-1,R-2,R-3,R-4,
118388926706,1,2,2,1,1,1,
118389426706,1,2,2,1,2,1,
118390426706,1,2,1,1,1,1,
118391426706,1,2,1,1,1,1,
118392426706,1,2,1,1,1,1,
118395926706,1,1,1,1,1,1,
118396426706,1,2,1,2,2,1,
118397426706,1,2,2,1,1,1,
118401426706,1,2,1,1,1,1,
118403926706,1,2,1,1,1,1,
118404926706,1,1,1,1,1,1,
118406426706,1,2,1,1,1,1,
118406926706,1,2,2,2,1,1,
118407426706,1,1,1,1,1,1,
118410426706,1,2,1,1,1,1,
118410926706,1,2,2,1,1,1,
118411426706,1,2,2,1,1,1,
118411926706,1,2,1,1,1,1,
118412926706,1,2,1,1,1,1,
118415926706,1,1,1,1,1,1,
118417926706,1,2,2,2,1,1,
118418426706,1,2,1,2,1,2,
118418926706,1,2,1,1,1,1,
118420426706,1,2,2,1,1,1,
118420926706,1,2,1,1,1,1,
118423426706,1,2,2,1,1,1,
118424426706,1,2,1,1,1,1,
118424926706,1,2,2,1,1,1,
118426926706,1,2,1,1,1,1,
118427926706,1,2,1,1,1,1,
118428426706,1,2,1,1,1,1,
118429426706,1,2,2,1,1,1,
118430426706,1,2,1,1,1,1,
118430926706,1,2,2,2,1,1,
118432426706,1,2,1,1,1,1,
118433926706,1,2,2,1,1,1,
118434426706,1,2,1,1,1,1,
118436926706,1,1,1,1,1,1,
118437426706,1,2,1,1,1,1,
118437926706,1,2,1,1,1,1,
118438926706,1,2,1,1,1,1,
118439426706,1,2,2,2,2,2,
118439926706,1,2,1,1,1,1,
118441426706,1,2,1,1,1,1,
118441926706,1,2,2,1,1,1,
118442926706,1,2,2,1,2,2,
118443426706,1,2,1,1,1,1,
118444426706,1,2,2,1,1,1,
118444926706,1,2,1,1,1,1,
118445426706,1,2,2,1,1,1,
118445926706,1,2,1,1,1,1,
118447426706,1,2,1,1,1,1,
118449426706,1,2,1,1,1,1,
118450426706,1,2,1,1,1,1,
118450926706,1,2,2,2,1,1,
118451426706,1,2,1,2,1,2,
118451926706,1,2,1,1,2,1,
118453426706,1,2,1,1,1,1,
118455926706,1,2,1,1,1,1,
118456426706,1,2,2,1,1,1,
118456926706,1,2,1,1,1,1,
118457926706,1,2,2,2,2,2,
118458926706,1,1,1,1,1,1,
118459426706,1,2,2,1,2,2,
118459926706,1,2,2,2,2,2,
118460426706,1,2,1,1,1,1,
118461426706,1,2,1,1,1,1,
118462926706,1,2,2,1,1,1,
118463426706,1,2,2,1,1,1,
118463926706,1,2,1,1,1,1,
118464426706,1,2,1,1,1,1,
118465926706,1,2,1,1,1,1,
118466926706,1,2,1,1,1,1,
118467426706,1,2,1,1,1,1,
118467926706,1,2,2,2,1,2,
118468426706,1,2,2,2,2,1,
118469426706,1,2,1,1,1,1,
118469926706,1,2,2,2,1,2,
118473926706,1,2,1,1,1,1,
118474426706,1,2,2,2,1,1,
118476426706,1,2,1,1,1,1,
118476926706,1,2,2,1,1,2,
118477426706,1,2,2,1,1,1,
118477926706,1,2,2,1,1,1,
118479426706,1,2,1,1,1,1,
118480426706,1,2,1,1,1,1,
118482926706,1,2,1,1,1,1,
118483426706,1,2,2,1,2,1,
118483926706,1,2,1,1,1,1,
118484426706,1,2,2,2,2,2,
118485426706,1,2,1,1,1,1,
118485926706,1,2,1,1,1,1,
118486426706,1,2,2,1,1,2,
118489926706,1,2,1,1,1,1,
118490426706,1,2,1,1,1,1,
118491426706,1,2,2,2,2,2,
118493926706,1,2,2,2,2,2,
118494426706,1,2,2,2,1,2,
118495926706,1,2,2,1,1,1,
118496926706,1,2,2,1,1,1,
118497426706,1,2,1,1,1,1,
118497926706,1,2,1,1,1,1,
118498926706,1,1,1,1,1,1,
118499926706,1,2,2,2,2,2,
118500926706,1,2,1,1,1,1,
118502426706,1,2,1,1,1,1,
118502926706,1,2,2,2,2,2,
118503926706,1,2,1,1,1,1,
118504426706,1,2,1,1,1,1,
118504926706,1,1,1,1,1,1,
118505426706,1,2,1,1,1,1,
118506426706,1,2,1,1,1,1,
118507426706,1,2,1,1,1,1,
118507926706,1,2,1,1,1,1,
118508426706,1,2,2,1,1,1,
118508926706,1,2,1,1,1,1,
118511426706,1,2,1,2,1,2,
118511926706,1,2,1,1,1,1,
118513926706,1,2,2,1,1,1,
118514426706,1,2,2,2,2,2,
118514926706,1,2,2,1,1,1,
118515926706,1,2,1,1,1,1,
118516426706,1,2,1,2,2,2,
118520426706,1,2,1,1,1,1,
118520926706,1,2,1,1,1,1,
118521926706,1,2,2,1,1,1,
118524426706,1,2,2,1,2,1,
118525426706,1,2,1,1,1,2,
118526426706,1,2,2,2,1,2,
118528426706,1,2,1,1,1,1,
118528926706,1,2,1,1,1,1,
118529426706,1,2,1,1,1,1,
118529926706,1,2,1,1,1,1,
118530926706,1,2,2,1,1,1,
118531426706,1,2,1,1,1,1,
118531926706,1,2,2,1,1,1,
118532926706,1,2,1,2,2,2,
118533426706,1,2,1,1,1,1,
118534426706,1,2,1,1,1,1,
118534926706,1,2,2,1,1,2,
118535426706,1,2,1,1,1,1,
118536926706,1,2,1,1,1,1,
118537926706,1,2,2,2,1,1,
118539926706,1,2,2,1,1,1,
118540426706,1,2,2,1,1,1,
118540926706,1,2,1,2,2,1,
118541426706,1,2,2,1,1,1,
118542426706,1,2,1,1,1,1,
118543426706,1,2,1,2,2,2,
118543926706,1,2,1,1,1,1,
118544926706,1,2,1,2,2,1,
118545426706,1,2,1,1,1,1,
118545926706,1,2,1,1,1,1,
118546426706,1,2,2,1,1,1,
118547426706,1,2,1,1,1,1,
118547926706,1,2,1,1,1,1,
118548926706,1,2,2,1,1,1,
118549426706,1,2,2,1,1,1,
118550426706,1,2,1,1,1,1,
118550926706,1,2,1,1,1,1,
118551926706,1,2,1,1,1,1,
118552426706,1,2,2,2,1,1,
118555426706,1,2,1,1,1,1,
118557426706,1,1,1,1,1,1,
118558426706,1,2,1,1,1,1,
118558926706,1,2,1,1,1,1,
118559426706,1,2,2,1,1,1,
118560426706,1,2,1,1,1,1,
118561426706,1,1,1,1,2,1,
118561926706,1,2,2,1,1,1,
118562426706,1,2,1,1,1,1,
118562926706,1,2,1,1,1,1,
118563426706,1,2,1,1,1,1,
118564926706,1,2,1,1,1,1,
118565926706,1,2,1,1,1,1,
118566426706,1,2,2,1,1,1,
118568926706,1,2,2,2,1,1,
118569926706,1,2,1,1,1,1,
118571426706,1,2,1,1,1,1,
118572426706,1,2,2,2,1,2,
118572926706,1,2,1,1,1,1,
118574426706,1,2,1,1,1,1,
118576926706,1,2,2,1,1,1,
118577426706,1,2,1,1,1,1,
118577926706,1,2,1,1,1,1,
118579426706,1,2,1,1,1,1,
118579926706,1,1,1,1,1,1,
118581926706,1,2,1,1,1,1,
118582426706,1,2,2,1,1,1,
118582926706,1,2,1,1,2,1,
118583926706,1,2,1,1,1,1,
118584926706,1,2,1,1,1,1,
118585426706,1,2,2,1,1,1,
118585926706,1,2,2,2,2,2,
118586426706,1,2,1,1,1,1,
118586926706,1,2,1,1,1,1,
118587426706,1,2,2,2,2,2,
118587926706,1,2,2,2,1,1,
118589426706,1,2,1,1,1,1,
118590926706,1,2,2,1,1,1,
118592926706,1,2,1,1,1,1,
118594426706,1,2,1,1,1,1,
118594926706,1,2,1,1,1,1,
118596426706,1,2,1,1,2,1,
118596926706,1,2,2,2,2,1,
118598926706,1,2,2,1,1,1,
118599926706,1,2,1,1,1,1,
118600926706,1,2,1,1,1,1,
118601426706,1,2,1,1,1,1,
118602426706,1,1,1,1,1,1,
118603426706,1,2,2,1,1,1,
118603926706,1,2,2,1,1,1,
118604426706,1,2,1,1,1,1,
118606926706,1,2,1,2,2,2,
118610426706,1,2,1,1,2,1,
118610926706,1,2,1,1,1,1,
118611426706,1,2,1,2,2,2,
118612426706,1,1,1,1,1,1,
118613426706,1,2,1,1,1,1,
118613926706,1,2,2,1,1,1,
118614926706,1,2,1,1,1,1,
118615426706,1,2,1,1,1,1,
118615926706,1,2,1,1,1,1,
118616426706,1,2,2,2,2,2,
118618426706,1,2,2,1,1,1,
118618926706,1,2,2,1,1,2,
118620426706,1,2,2,2,1,1,
118621426706,1,2,1,1,1,1,
118626926706,1,2,2,2,1,1,
118628926706,1,2,1,1,1,1,
118630426706,1,2,2,1,1,1,
118632926706,1,2,1,1,1,1,
118635426706,1,2,1,1,1,1,
118635926706,1,2,1,1,1,1,
118636426706,1,2,2,1,1,1,
118636926706,1,2,2,1,1,1,
118638426706,1,2,1,1,1,1,
118638926706,1,2,1,1,1,1,
118639426706,1,2,2,2,2,2,
118640426706,1,2,2,2,1,2,
118640926706,1,2,2,1,1,1,
118641426706,1,2,1,1,1,1,
118641926706,1,2,2,2,1,1,
118642926706,1,2,1,1,1,1,
118643426706,1,2,1,1,1,1,
118643926706,1,2,1,1,1,1,
118644426706,1,2,1,1,1,1,
118644926706,1,2,1,1,1,1,
118645426706,1,2,2,1,1,1,
118646926706,1,2,2,1,2,1,
118647426706,1,2,1,1,1,1,
118649426706,1,2,1,1,1,1,
118649926706,1,2,2,1,1,1,
118651426706,1,2,1,1,1,1,
118652426706,1,2,2,1,1,1,
118654926706,1,2,1,1,1,1,
118655426706,1,2,1,1,1,1,
118656426706,1,2,1,1,1,1,
118657926706,1,2,1,1,1,1,
118658926706,1,2,2,1,1,1,
118660926706,1,2,2,2,2,1,
118661426706,1,2,2,1,1,1,
118661926706,1,2,1,1,1,1,
118662426706,1,2,1,1,1,1,
118662926706,1,2,1,1,1,1,
118663926706,1,2,1,2,1,2,
118664926706,1,2,1,1,1,1,
118665426706,1,2,2,1,1,1,
118666426706,1,2,2,1,1,1,
118667426706,1,2,1,2,1,2,
118668426706,1,2,1,1,1,1,
118668926706,1,2,1,1,1,1,
118670926706,1,2,2,1,1,1,
118671426706,1,2,1,1,1,1,
118671926706,1,2,1,1,1,1,
118672426706,1,2,2,2,2,2,
118673926706,1,2,1,1,1,1,
118674426706,1,2,1,1,1,1,
118676426706,1,2,1,1,1,1,
118676926706,1,2,2,1,1,1,
118678926706,1,2,1,1,1,1,
118679926706,1,2,1,1,1,1,
118680426706,1,2,1,1,1,1,
118680926706,1,2,1,1,1,1,
118681426706,1,2,2,2,2,2,
118681926706,1,2,1,1,1,1,
118683426706,1,2,2,1,1,1,
118684926706,1,2,1,1,1,1,
118685426706,1,2,1,1,1,1,
118686426706,1,2,1,1,1,1,
118687426706,1,2,2,1,1,1,
118687926706,1,2,1,1,1,1,
118689926706,1,2,1,1,1,1,
118690426706,1,2,1,1,1,1,
118690926706,1,2,1,1,1,1,
118691426706,1,2,1,2,1,1,
118692426706,1,2,1,1,1,1,
118693926706,1,2,1,1,1,2,
118694926706,1,2,2,1,2,2,
118695426706,1,2,1,1,1,1,
118695926706,1,2,2,2,1,1,
118696426706,1,2,1,1,1,1,
118696926706,1,2,1,1,1,1,
118698426706,1,2,1,1,1,1,
118699426706,1,2,2,1,2,1,
118699926706,1,2,1,1,1,1,
118700926706,1,2,2,2,2,2,
118701426706,1,2,1,1,1,1,
118701926706,1,2,1,1,1,1,
118703426706,1,2,1,2,1,1,
118703926706,1,2,2,1,1,1,
118704926706,1,2,1,1,1,1,
118706426706,1,2,2,1,1,1,
118707426706,1,2,2,1,1,1,
118707926706,1,2,1,1,1,1,
118708426706,1,2,2,1,1,1,
118709926706,1,2,1,1,1,1,
118710426706,1,2,1,1,1,1,
118711926706,1,2,2,1,1,1,
118712926706,1,2,2,1,1,1,
118713426706,1,2,1,1,1,1,
118714426706,1,2,1,1,1,1,
118715426706,1,2,1,1,1,1,
118715926706,1,2,2,1,1,1,
118716426706,1,2,2,1,1,1,
118718426706,1,2,1,2,1,2,
118719426706,1,2,1,1,1,1,
118719926706,1,2,1,1,1,1,
118720426706,1,2,2,1,1,1,
118720926706,1,2,2,1,1,1,
118721926706,1,2,2,1,1,1,
118722426706,1,2,1,2,1,1,
118722926706,1,2,1,1,1,1,
118723426706,1,2,1,1,1,1,
118723926706,1,2,1,1,1,1,
118724426706,1,2,2,2,2,2,
118724926706,1,2,1,1,1,1,
118725426706,1,2,1,2,1,1,
118725926706,1,1,1,1,1,1,
118726426706,1,2,1,1,1,1,
118726926706,1,2,2,2,2,1,
118728426706,1,2,2,1,1,1,
118729926706,1,2,1,1,1,1,
118730426706,1,2,2,1,1,1,
118730926706,1,2,2,1,2,1,
118731426706,1,2,2,1,1,1,
118731926706,1,2,1,1,1,1,
118732926706,1,2,1,1,1,1,
118733426706,1,2,2,1,1,1,
118736926706,1,2,1,1,1,1,
118737426706,1,2,1,1,1,1,
118737926706,1,2,1,1,1,1,
118738426706,1,2,1,1,1,1,
118739426706,1,2,1,1,1,1,
118739926706,1,2,1,1,1,1,
118740426706,1,2,1,1,1,1,
118741926706,1,2,2,1,1,1,
118744926706,1,2,1,1,1,1,
118746926706,1,2,2,2,2,1,
118748926706,1,2,1,1,1,1,
118749426706,1,2,2,1,2,1,
118749926706,1,2,1,1,1,1,
118750926706,1,2,1,1,1,1,
118751426706,1,2,2,1,1,1,
118752926706,1,2,2,1,1,1,
118754426706,1,2,2,2,2,2,
118754926706,1,2,1,2,1,2,
118755926706,1,2,2,1,1,1,
118756926706,1,2,2,2,1,1,
118757426706,1,2,1,1,1,1,
118758426706,1,2,2,1,1,2,
118760426706,1,2,2,1,1,1,
118760926706,1,2,1,1,1,1,
118761426706,1,2,1,1,1,1,
118761926706,1,2,2,1,1,1,
118763426706,1,2,1,1,1,1,
118764926706,1,2,1,1,1,1,
118765426706,1,2,1,2,1,1,
118766426706,1,2,2,1,1,1,
118767426706,1,2,1,1,1,1,
118767926706,1,2,2,1,1,1,
118768426706,1,2,2,2,2,2,
118769426706,1,2,1,1,1,1,
118769926706,1,2,1,1,1,1,
118770426706,1,2,1,1,1,1,
118770926706,1,2,1,1,1,1,
118771426706,1,2,2,1,1,1,
118771926706,1,2,1,1,2,1,
118772926706,1,2,1,1,1,1,
118773426706,1,2,1,1,1,1,
118773926706,1,2,2,2,1,1,
118774426706,1,2,1,1,1,1,
118776426706,1,2,1,1,1,1,
118777426706,1,2,1,1,1,1,
118778426706,1,2,2,2,2,1,
118780426706,1,2,2,2,1,1,
118782926706,1,2,1,1,1,1,
118783926706,1,2,1,1,1,1,
118784426706,1,2,1,1,1,1,
118784926706,1,2,1,1,1,1,
118785926706,1,2,1,1,1,1,
118786926706,1,2,1,2,2,1,
118787426706,1,2,1,1,1,1,
118787926706,1,2,1,1,1,1,
118788426706,1,2,1,1,1,1,
118788926706,1,2,2,2,2,1,
118789926706,1,2,1,1,1,1,
118790426706,1,2,1,1,1,1,
118791926706,1,2,1,1,2,2,
118792926706,1,2,1,1,1,1,
118797426706,1,2,1,1,1,1,
118797926706,1,2,1,1,1,1,
118798926706,1,2,1,1,1,1,
118799426706,1,2,1,1,1,1,
118799926706,1,2,1,1,1,1,
118800926706,1,2,2,1,1,1,
118802426706,1,2,1,1,1,1,
118802926706,1,2,2,1,1,1,
118803926706,1,2,2,2,2,2,
118804426706,1,2,1,1,1,1,
118804926706,1,2,1,1,1,1,
118805426706,1,2,1,1,1,1,
118805926706,1,2,1,1,1,1,
118806926706,1,2,1,1,1,1,
118807426706,1,2,2,1,1,1,
118807926706,1,2,1,1,1,1,
118808426706,1,2,1,1,1,1,
118808926706,1,2,1,1,1,1,
118809426706,1,2,2,1,1,1,
118812426706,1,2,1,1,1,1,
118813426706,1,2,1,1,1,1,
118813926706,1,2,1,1,1,1,
118814426706,1,2,2,1,2,2,
118815926706,1,2,1,1,1,1,
118816426706,1,2,1,1,1,1,
118818926706,1,2,1,1,1,1,
118820926706,1,1,1,1,1,1,
118821926706,1,2,1,1,1,1,
118822426706,1,2,1,1,1,1,
118822926706,1,2,2,1,1,1,
118823926706,1,2,2,2,1,1,
118824426706,1,2,1,1,1,1,
118825926706,1,2,1,2,1,2,
118827426706,1,2,1,1,1,1,
118828426706,1,2,1,1,1,1,
118829426706,1,2,2,1,1,1,
118830926706,1,2,2,2,2,2,
118832926706,1,2,1,1,1,1,
118833926706,1,2,1,1,1,1,
118834926706,1,2,1,1,1,1,
118835426706,1,2,1,1,2,2,
118840926706,1,2,2,2,2,2,
118841926706,1,2,1,1,1,1,
118842426706,1,2,1,1,1,1,
118842926706,1,2,1,2,1,2,
118843926706,1,2,1,1,1,1,
118844426706,1,2,2,2,2,2,
118844926706,1,2,1,1,1,1,
118845426706,1,2,2,2,1,1,
118847426706,1,2,2,2,1,2,
118848926706,1,2,1,1,1,1,
118849426706,1,2,1,1,1,1,
118851426706,1,2,2,1,1,1,
118852926706,1,2,2,1,1,1,
118853426706,1,2,1,1,1,1,
118853926706,1,2,1,1,1,1,
118854426706,1,2,2,1,1,1,
118855426706,1,2,1,1,1,1,
118855926706,1,2,2,1,1,1,
118856926706,1,2,1,1,1,1,
118858426706,1,2,1,1,1,1,

