,W-0,R-0,R-1,R-2,R-3,R-4,
138045827441,1,1,1,1,1,1,
138046327441,1,1,1,1,1,1,
138047327441,1,1,1,1,1,1,
138048327441,1,1,1,1,1,1,
138049327441,1,1,1,1,1,1,
138052827441,1,1,1,1,1,1,
138053327441,1,1,1,1,1,1,
138054327441,1,1,1,1,1,1,
138058327441,1,1,1,1,1,1,
138060827441,1,1,1,1,1,1,
138061827441,1,1,1,1,1,1,
138063327441,1,1,1,1,1,1,
138063827441,1,1,1,1,1,1,
138064327441,1,1,1,1,1,1,
138067327441,1,2,1,1,1,1,
138067827441,1,1,1,1,1,1,
138068327441,1,1,1,1,1,1,
138068827441,1,1,1,1,1,1,
138069827441,1,1,1,1,1,1,
138072827441,1,1,1,1,1,1,
138074827441,1,1,1,1,1,1,
138075327441,1,1,1,1,1,1,
138075827441,1,2,1,1,1,1,
138077327441,1,1,1,1,1,1,
138077827441,1,1,1,1,1,1,
138080327441,1,1,1,1,1,1,
138081327441,1,1,1,1,1,1,
138081827441,1,2,1,1,1,1,
138083827441,1,1,1,1,1,1,
138084827441,1,1,1,1,1,1,
138085327441,1,1,1,1,1,1,
138086327441,1,1,1,1,1,1,
138087327441,1,2,1,1,1,1,
138087827441,1,1,1,1,1,1,
138089327441,1,2,1,1,1,1,
138090827441,1,2,1,1,1,1,
138091327441,1,1,1,1,1,1,
138093827441,1,2,1,1,1,1,
138094327441,1,2,1,1,1,1,
138094827441,1,1,1,1,1,1,
138095827441,1,1,1,1,1,1,
138096327441,1,1,1,1,1,1,
138096827441,1,1,1,1,1,1,
138098327441,1,1,1,1,1,1,
138098827441,1,1,1,1,1,1,
138099827441,1,1,1,1,1,1,
138100327441,1,1,1,1,1,1,
138101327441,1,1,1,1,1,1,
138101827441,1,1,1,1,1,1,
138102327441,1,2,1,1,1,1,
138102827441,1,1,1,1,1,1,
138104327441,1,1,1,1,1,1,
138106327441,1,1,1,1,1,1,
138107327441,1,1,1,1,1,1,
138107827441,1,1,1,1,1,1,
138108327441,1,1,1,1,1,1,
138108827441,1,1,1,1,1,1,
138110327441,1,1,1,1,1,1,
138112827441,1,1,1,1,1,1,
138113327441,1,1,1,1,1,1,
138113827441,1,1,1,1,1,1,
138114827441,1,1,1,1,1,1,
138115827441,1,1,1,1,1,1,
138116327441,1,1,1,1,1,1,
138116827441,1,1,1,1,1,1,
138117327441,1,1,1,1,1,1,
138118327441,1,1,1,1,1,1,
138119827441,1,1,1,1,1,1,
138120327441,1,1,1,1,1,1,
138120827441,1,2,1,1,1,1,
138121327441,1,2,1,1,1,1,
138122827441,1,2,1,1,1,1,
138123827441,1,1,1,1,1,1,
138124327441,1,1,1,1,1,1,
138124827441,1,2,1,1,1,1,
138125327441,1,2,1,1,1,1,
138126327441,1,2,1,1,1,1,
138126827441,1,1,1,1,1,1,
138130827441,1,2,1,1,1,1,
138131327441,1,1,1,1,1,1,
138133327441,1,1,1,1,1,1,
138133827441,1,1,1,1,1,1,
138134327441,1,1,1,1,1,1,
138134827441,1,1,1,1,1,1,
138136327441,1,1,1,1,1,1,
138137327441,1,1,1,1,1,1,
138139827441,1,1,1,1,1,1,
138140327441,1,1,1,1,1,1,
138140827441,1,1,1,1,1,1,
138141327441,1,2,1,1,1,1,
138142327441,1,1,1,1,1,1,
138142827441,1,1,1,1,1,1,
138143327441,1,2,1,1,1,1,
138146827441,1,2,1,1,1,1,
138147327441,1,2,1,1,1,1,
138148327441,1,1,1,1,1,1,
138150827441,1,1,1,1,1,1,
138151327441,1,1,1,1,1,1,
138152827441,1,2,1,1,1,1,
138153827441,1,1,1,1,1,1,
138154327441,1,1,1,1,1,1,
138154827441,1,1,1,1,1,1,
138155827441,1,2,1,1,1,1,
138156827441,1,2,1,1,1,1,
138157827441,1,1,1,1,1,1,
138159327441,1,2,1,1,1,1,
138159827441,1,1,1,1,1,1,
138160827441,1,2,1,1,1,1,
138161327441,1,1,1,1,1,1,
138161827441,1,1,1,1,1,1,
138162327441,1,1,1,1,1,1,
138163327441,1,1,1,1,1,1,
138164327441,1,1,1,1,1,1,
138164827441,1,1,1,1,1,1,
138165327441,1,1,1,1,1,1,
138165827441,1,1,1,1,1,1,
138168327441,1,1,1,1,1,1,
138168827441,1,1,1,1,1,1,
138170827441,1,1,1,1,1,1,
138171327441,1,1,1,1,1,1,
138171827441,1,1,1,1,1,1,
138172827441,1,2,1,1,1,1,
138173327441,1,1,1,1,1,1,
138177327441,1,1,1,1,1,1,
138177827441,1,1,1,1,1,1,
138178827441,1,1,1,1,1,1,
138181327441,1,1,1,1,1,1,
138182327441,1,1,1,1,1,1,
138183327441,1,1,1,1,1,1,
138185327441,1,1,1,1,1,1,
138185827441,1,1,1,1,1,1,
138186327441,1,1,1,1,1,1,
138186827441,1,1,1,1,1,1,
138187827441,1,1,1,1,1,1,
138188327441,1,1,1,1,1,1,
138188827441,1,2,1,1,1,1,
138189827441,1,2,1,1,1,1,
138190327441,1,2,1,1,1,1,
138191327441,1,1,1,1,1,1,
138191827441,1,1,1,1,1,1,
138192327441,1,2,1,1,1,1,
138193827441,1,1,1,1,1,1,
138194827441,1,1,1,1,1,1,
138196827441,1,1,1,1,1,1,
138197327441,1,1,1,1,1,1,
138197827441,1,2,1,1,1,1,
138198327441,1,1,1,1,1,1,
138199327441,1,1,1,1,1,1,
138200327441,1,2,1,1,1,1,
138200827441,1,1,1,1,1,1,
138201827441,1,1,1,1,1,1,
138202327441,1,1,1,1,1,1,
138202827441,1,1,1,1,1,1,
138203327441,1,2,1,1,1,1,
138204327441,1,1,1,1,1,1,
138204827441,1,1,1,1,1,1,
138205827441,1,1,1,1,1,1,
138206327441,1,1,1,1,1,1,
138207327441,1,1,1,1,1,1,
138207827441,1,2,1,1,1,1,
138208827441,1,1,1,1,1,1,
138209327441,1,1,1,1,1,1,
138212327441,1,2,1,1,1,1,
138214327441,1,2,1,1,1,1,
138215327441,1,1,1,1,1,1,
138215827441,1,1,1,1,1,1,
138216327441,1,1,1,1,1,1,
138217327441,1,1,1,1,1,1,
138218327441,1,1,1,1,1,1,
138218827441,1,2,1,1,1,1,
138219327441,1,1,1,1,1,1,
138219827441,1,1,1,1,1,1,
138220327441,1,1,1,1,1,1,
138221827441,1,1,1,1,1,1,
138222827441,1,1,1,1,1,1,
138223327441,1,1,1,1,1,1,
138225827441,1,1,1,1,1,1,
138226827441,1,1,1,1,1,1,
138228327441,1,1,1,1,1,1,
138229327441,1,1,1,1,1,1,
138229827441,1,1,1,1,1,1,
138231327441,1,1,1,1,1,1,
138233827441,1,2,1,1,1,1,
138234327441,1,1,1,1,1,1,
138234827441,1,1,1,1,1,1,
138236327441,1,1,1,1,1,1,
138236827441,1,1,1,1,1,1,
138238827441,1,1,1,1,1,1,
138239327441,1,1,1,1,1,1,
138239827441,1,2,1,1,1,1,
138240827441,1,1,1,1,1,1,
138241827441,1,1,1,1,1,1,
138242327441,1,1,1,1,1,1,
138242827441,1,1,1,1,1,1,
138243327441,1,2,1,1,1,1,
138243827441,1,1,1,1,1,1,
138244327441,1,1,1,1,1,1,
138244827441,1,1,1,1,1,1,
138246327441,1,2,1,1,1,1,
138247827441,1,2,1,1,1,1,
138249827441,1,1,1,1,1,1,
138251327441,1,1,1,1,1,1,
138251827441,1,1,1,1,1,1,
138253327441,1,2,1,1,1,1,
138253827441,1,1,1,1,1,1,
138255827441,1,1,1,1,1,1,
138256827441,1,1,1,1,1,1,
138257827441,1,1,1,1,1,1,
138258327441,1,1,1,1,1,1,
138259327441,1,1,1,1,1,1,
138260327441,1,2,1,1,1,1,
138260827441,1,2,1,1,1,1,
138261327441,1,1,1,1,1,1,
138263827441,1,1,1,1,1,1,
138267327441,1,2,1,1,1,1,
138267827441,1,1,1,1,1,1,
138268327441,1,2,1,1,1,1,
138269327441,1,1,1,1,1,1,
138270327441,1,2,1,1,1,1,
138270827441,1,2,1,1,1,1,
138271827441,1,1,1,1,1,1,
138272327441,1,1,1,1,1,1,
138272827441,1,1,1,1,1,1,
138273327441,1,1,1,1,1,1,
138275327441,1,1,1,1,1,1,
138275827441,1,1,1,1,1,1,
138277327441,1,1,1,1,1,1,
138278327441,1,1,1,1,1,1,
138283827441,1,1,1,1,1,1,
138285827441,1,2,1,1,1,1,
138287327441,1,2,2,2,2,2,
138289827441,1,1,1,1,1,1,
138292327441,1,1,1,1,1,1,
138292827441,1,1,1,1,1,1,
138293327441,1,1,1,1,1,1,
138293827441,1,2,1,1,1,1,
138295327441,1,1,1,1,1,1,
138295827441,1,1,1,1,1,1,
138296327441,1,1,1,1,1,1,
138297327441,1,1,1,1,1,1,
138297827441,1,1,1,1,1,1,
138298327441,1,1,1,1,1,1,
138298827441,1,1,1,1,1,1,
138299827441,1,1,1,1,1,1,
138300327441,1,2,1,1,1,1,
138300827441,1,1,1,1,1,1,
138301327441,1,1,1,1,1,1,
138301827441,1,1,1,1,1,1,
138302327441,1,1,1,1,1,1,
138303827441,1,1,1,1,1,1,
138304327441,1,1,1,1,1,1,
138306327441,1,2,1,1,1,1,
138306827441,1,1,1,1,1,1,
138308327441,1,1,1,1,1,1,
138309327441,1,1,1,1,1,1,
138311827441,1,1,1,1,1,1,
138312327441,1,1,1,1,1,1,
138313327441,1,1,1,1,1,1,
138314827441,1,2,1,1,1,1,
138315827441,1,1,1,1,1,1,
138317827441,1,1,1,1,1,1,
138318327441,1,1,1,1,1,1,
138318827441,1,1,1,1,1,1,
138319327441,1,1,1,1,1,1,
138319827441,1,1,1,1,1,1,
138320827441,1,1,1,1,1,1,
138321827441,1,1,1,1,1,1,
138322327441,1,2,1,1,1,1,
138323327441,1,1,1,1,1,1,
138324327441,1,2,1,1,1,1,
138325327441,1,2,1,1,1,1,
138325827441,1,1,1,1,1,1,
138327827441,1,2,1,1,1,1,
138328327441,1,2,1,1,1,1,
138328827441,1,1,1,1,1,1,
138329327441,1,2,1,1,1,1,
138330827441,1,1,1,1,1,1,
138331327441,1,1,1,1,1,1,
138333327441,1,2,1,1,1,1,
138333827441,1,2,1,1,1,1,
138335827441,1,1,1,1,1,1,
138336827441,1,2,1,1,1,1,
138337327441,1,1,1,1,1,1,
138337827441,1,2,1,1,1,1,
138338327441,1,1,1,1,1,1,
138338827441,1,2,1,1,1,1,
138340327441,1,1,1,1,1,1,
138341827441,1,2,1,1,1,1,
138342327441,1,1,1,1,1,1,
138343327441,1,1,1,1,1,1,
138344327441,1,1,1,1,1,1,
138344827441,1,1,1,1,1,1,
138346827441,1,1,1,1,1,1,
138347327441,1,1,1,1,1,1,
138347827441,1,1,1,1,1,1,
138348327441,1,1,1,1,1,1,
138349327441,1,1,1,1,1,1,
138350827441,1,1,1,1,1,1,
138351827441,1,1,1,1,1,1,
138352327441,1,1,1,1,1,1,
138352827441,1,1,1,1,1,1,
138353327441,1,1,1,1,1,1,
138353827441,1,2,1,1,1,1,
138355327441,1,1,1,1,1,1,
138356327441,1,1,1,1,1,1,
138356827441,1,1,1,1,1,1,
138357827441,1,1,1,1,1,1,
138358327441,1,1,1,1,1,1,
138358827441,1,1,1,1,1,1,
138360327441,1,2,1,1,1,1,
138360827441,1,1,1,1,1,1,
138361827441,1,2,1,1,1,1,
138363327441,1,1,1,1,1,1,
138364327441,1,1,1,1,1,1,
138364827441,1,1,1,1,1,1,
138365327441,1,1,1,1,1,1,
138366827441,1,1,1,1,1,1,
138367327441,1,1,1,1,1,1,
138368827441,1,1,1,1,1,1,
138369827441,1,1,1,1,1,1,
138370327441,1,1,1,1,1,1,
138371327441,1,1,1,1,1,1,
138372327441,1,2,1,1,1,1,
138372827441,1,1,1,1,1,1,
138373327441,1,1,1,1,1,1,
138375327441,1,1,1,1,1,1,
138376327441,1,1,1,1,1,1,
138376827441,1,1,1,1,1,1,
138377327441,1,1,1,1,1,1,
138377827441,1,1,1,1,1,1,
138378827441,1,2,1,1,1,1,
138379327441,1,1,1,1,1,1,
138379827441,1,1,1,1,1,1,
138380327441,1,1,1,1,1,1,
138380827441,1,1,1,1,1,1,
138381327441,1,1,1,1,1,1,
138381827441,1,1,1,1,1,1,
138382327441,1,1,1,1,1,1,
138382827441,1,1,1,1,1,1,
138383327441,1,1,1,1,1,1,
138383827441,1,1,1,1,1,1,
138385327441,1,1,1,1,1,1,
138386827441,1,1,1,1,1,1,
138387327441,1,1,1,1,1,1,
138387827441,1,1,1,1,1,1,
138388327441,1,2,1,1,1,1,
138388827441,1,1,1,1,1,1,
138389827441,1,1,1,1,1,1,
138390327441,1,1,1,1,1,1,
138393827441,1,1,1,1,1,1,
138394327441,1,1,1,1,1,1,
138394827441,1,2,1,1,1,1,
138395327441,1,2,1,1,1,1,
138396327441,1,1,1,1,1,1,
138396827441,1,2,1,1,1,1,
138397327441,1,2,1,1,1,1,
138398827441,1,1,1,1,1,1,
138401827441,1,1,1,1,1,1,
138403827441,1,1,1,1,1,1,
138405827441,1,1,1,1,1,1,
138406327441,1,1,1,1,1,1,
138406827441,1,1,1,1,1,1,
138407827441,1,1,1,1,1,1,
138408327441,1,2,1,1,1,1,
138409827441,1,1,1,1,1,1,
138411327441,1,1,1,1,1,1,
138411827441,1,1,1,1,1,1,
138412827441,1,1,1,1,1,1,
138413827441,1,1,1,1,1,1,
138414327441,1,1,1,1,1,1,
138415327441,1,1,1,1,1,1,
138417327441,1,1,1,1,1,1,
138417827441,1,1,1,1,1,1,
138418327441,1,2,1,1,1,1,
138418827441,1,1,1,1,1,1,
138420327441,1,1,1,1,1,1,
138421827441,1,1,1,1,1,1,
138422327441,1,1,1,1,1,1,
138423327441,1,1,1,1,1,1,
138424327441,1,1,1,1,1,1,
138424827441,1,1,1,1,1,1,
138425327441,1,1,1,1,1,1,
138426327441,1,1,1,1,1,1,
138426827441,1,1,1,1,1,1,
138427327441,1,1,1,1,1,1,
138427827441,1,1,1,1,1,1,
138428327441,1,2,1,1,1,1,
138428827441,1,1,1,1,1,1,
138429827441,1,2,1,1,1,1,
138430327441,1,1,1,1,1,1,
138430827441,1,1,1,1,1,1,
138431327441,1,1,1,1,1,1,
138433327441,1,1,1,1,1,1,
138434327441,1,1,1,1,1,1,
138435327441,1,1,1,1,1,1,
138437327441,1,1,1,1,1,1,
138439827441,1,1,1,1,1,1,
138440827441,1,1,1,1,1,1,
138441327441,1,1,1,1,1,1,
138441827441,1,1,1,1,1,1,
138442827441,1,1,1,1,1,1,
138443827441,1,1,1,1,1,1,
138444327441,1,1,1,1,1,1,
138444827441,1,1,1,1,1,1,
138445327441,1,1,1,1,1,1,
138445827441,1,1,1,1,1,1,
138446827441,1,1,1,1,1,1,
138447327441,1,1,1,1,1,1,
138448827441,1,1,1,1,1,1,
138449827441,1,1,1,1,1,1,
138454327441,1,1,1,1,1,1,
138454827441,1,1,1,1,1,1,
138455827441,1,1,1,1,1,1,
138456327441,1,1,1,1,1,1,
138456827441,1,1,1,1,1,1,
138457827441,1,1,1,1,1,1,
138459327441,1,1,1,1,1,1,
138459827441,1,1,1,1,1,1,
138460827441,1,1,1,1,1,1,
138461327441,1,2,1,1,1,1,
138461827441,1,1,1,1,1,1,
138462327441,1,1,1,1,1,1,
138462827441,1,1,1,1,1,1,
138463827441,1,2,1,1,1,1,
138464327441,1,1,1,1,1,1,
138464827441,1,1,1,1,1,1,
138465327441,1,1,1,1,1,1,
138465827441,1,1,1,1,1,1,
138466327441,1,1,1,1,1,1,
138469327441,1,2,1,1,1,1,
138470327441,1,1,1,1,1,1,
138470827441,1,1,1,1,1,1,
138471327441,1,1,1,1,1,1,
138472827441,1,1,1,1,1,1,
138473327441,1,1,1,1,1,1,
138475827441,1,1,1,1,1,1,
138477827441,1,1,1,1,1,1,
138478827441,1,1,1,1,1,1,
138479327441,1,1,1,1,1,1,
138479827441,1,1,1,1,1,1,
138480827441,1,1,1,1,1,1,
138481327441,1,1,1,1,1,1,
138482827441,1,2,1,1,1,1,
138484327441,1,1,1,1,1,1,
138485327441,1,2,1,1,1,1,
138486327441,1,2,1,1,1,1,
138487827441,1,1,1,1,1,1,
138489827441,1,1,1,1,1,1,
138490827441,1,1,1,1,1,1,
138491827441,1,2,1,1,1,1,
138492327441,1,1,1,1,1,1,
138497827441,1,1,1,1,1,1,
138498827441,1,1,1,1,1,1,
138499327441,1,2,1,1,1,1,
138499827441,1,1,1,1,1,1,
138500827441,1,1,1,1,1,1,
138501327441,1,2,1,1,1,1,
138501827441,1,1,1,1,1,1,
138502327441,1,1,1,1,1,1,
138504327441,1,1,1,1,1,1,
138505827441,1,1,1,1,1,1,
138506327441,1,1,1,1,1,1,
138508327441,1,1,1,1,1,1,
138509827441,1,1,1,1,1,1,
138510327441,1,1,1,1,1,1,
138510827441,1,1,1,1,1,1,
138511327441,1,1,1,1,1,1,
138512327441,1,1,1,1,1,1,
138512827441,1,1,1,1,1,1,
138513827441,1,1,1,1,1,1,
138515327441,1,1,1,1,1,1,

