,W-0,R-0,R-1,R-2,R-3,R-4,
129105057067,17343,12840,3093,7262,7112,9057,
129105557067,14565,13540,2980,5201,7144,9697,
129106557067,38853,12845,3129,5037,6881,9045,
129107557067,43488,400281,387478,394761,387566,386861,
129108557067,21740,23544,26630,4931,18131,8871,
129112057067,53105,12451,3220,5106,7139,9203,
129112557067,23404,12282,13681,4975,6837,8830,
129113557067,11314,12271,3184,5125,7139,8853,
129117557067,17115,12104,3066,5154,6896,8871,
129120057067,37396,12042,2927,4884,6860,9015,
129121057067,49995,13264,3103,5241,7044,8858,
129122557067,43808,12467,14068,5142,7053,8876,
129123057067,23237,11792,3066,4904,9104,8875,
129123557067,20268,12077,3182,4907,6813,8883,
129126557067,43532,12460,3166,5132,7071,8984,
129127057067,16372,12268,14076,4909,6904,8885,
129127557067,48788,12152,13698,16046,17916,9147,
129128057067,46302,12120,14132,16042,6845,8913,
129129057067,37887,12203,2718,4976,6765,8775,
129132057067,148907,71043,68858,70781,73064,67336,
129134057067,166574,12292,3076,5005,6914,8852,
129134557067,33227,12255,2885,59990,7071,20117,
129135057067,49375,12896,14111,4776,6976,9015,
129136557067,37341,12763,3285,5088,6832,8871,
129137057067,51818,12191,3038,4823,6876,9164,
129139557067,20714,12278,14067,4980,6794,8976,
129140557067,41594,121768,122984,125019,148342,130782,
129141057067,67094,12642,3245,5092,7004,9748,
129143057067,34250,12246,2878,5015,7020,8847,
129144057067,47200,11866,13853,4852,6753,8765,
129144557067,19289,12293,3013,4886,6806,9010,
129145557067,37327,12132,3039,5083,6909,9071,
129146557067,37257,12388,25697,15839,28968,19894,
129147057067,51729,12160,2921,5034,7002,9074,
129148557067,24063,12182,3102,5113,6931,8928,
129150057067,43540,12785,13991,5075,7005,9300,
129150557067,16160,12461,14151,5203,7147,9139,
129153057067,15786,12153,14206,4973,6848,8804,
129153557067,32571,12296,2795,5004,6881,8879,
129154057067,34116,12023,3071,5056,7033,8913,
129155057067,21442,12098,3107,4843,6893,8926,
129155557067,72782,12198,13893,5023,6908,8913,
129156057067,48152,67092,35931,5441,40206,20056,
129157557067,57270,12137,24818,5098,17698,8809,
129158057067,45196,11906,2787,4873,6834,8825,
129159057067,17443,12689,3031,4895,6891,8818,
129159557067,16024,12145,2974,4920,6885,8919,
129160557067,16747,12127,2906,5110,6989,9139,
129161057067,37689,11978,2855,4923,6716,8839,
129161557067,48459,12215,3146,5165,6859,8808,
129162057067,24160,12130,14027,4967,6822,8822,
129163557067,32192,11894,3057,4797,6764,8803,
129165557067,35698,33832,2761,37341,6885,19966,
129166557067,24476,11878,2776,4757,6839,8796,
129167057067,23426,12193,2849,5106,7247,8816,
129167557067,9560,11875,2863,4989,6771,8822,
129168057067,36448,12054,2983,15747,17998,20038,
129169557067,300000,11589,2972,4884,6746,8791,
129172057067,85930,12042,3006,15661,6837,8857,
129172557067,15547,12249,13673,5306,17726,20090,
129173057067,7911,12055,2916,4838,6813,9207,
129174057067,183352,23021,14047,27635,17841,19828,
129175057067,126791,12011,2854,4862,6775,9003,
129175557067,13571,12331,13754,4888,6866,8841,
129176057067,34504,12212,2877,4872,6840,8756,
129176557067,18659,12258,2931,4846,6798,8845,
129177557067,45309,11986,3096,4751,6701,9167,
129179057067,44507,12170,14006,15530,7038,9060,
129179557067,60243,11819,2796,4830,6916,9162,
129180057067,24098,12061,2852,4873,6866,8984,
129180557067,28332,12214,2863,5104,6976,8792,
129182057067,11421,12217,13709,4883,6977,8863,
129183057067,17189,11806,2844,15748,17870,20048,
129183557067,8338,12121,3078,4837,6772,8850,
129184057067,34452,13108,3008,4810,6746,9028,
129184557067,44275,23694,13986,15899,17447,19577,
129185557067,34029,12020,3076,4901,6752,8875,
129186057067,14634,11988,3267,4877,6737,9348,
129190057067,60029,12524,14018,4923,6886,9094,
129190557067,6980,11861,3107,4883,6772,8785,
129192557067,9736,12149,3068,5014,7386,9025,
129193057067,48277,12170,2932,4785,6995,9090,
129193557067,51653,12021,13775,4845,6755,8776,
129194057067,44195,16182,15473,16076,7081,8710,
129195557067,13891,14645,3007,4788,6715,9007,
129196557067,40885,12013,2751,4756,7108,8741,
129199057067,21348,12271,25105,4930,17900,31746,
129199557067,58591,11610,13789,15800,17756,9094,
129200057067,67493,12238,2974,5090,6990,8922,
129200557067,106120,12127,3391,5066,6757,8795,
129201557067,33131,12423,2814,4930,6769,8751,
129202057067,64389,12239,3121,27540,7443,8992,
129202557067,56457,22862,13723,15643,17790,19822,
129206057067,19456,12403,2828,4847,6908,9485,
129206557067,23128,12705,2863,5220,6885,8870,
129207557067,36411,11681,2865,4782,6749,8814,
129210057067,19821,11988,2825,4874,6834,8877,
129210557067,34595,11978,2907,4788,6762,9039,
129212057067,40045,12097,2982,4890,6770,8886,
129213057067,41367,12704,13500,5321,6862,8730,
129213557067,59689,11839,4004,4758,6855,8983,
129214057067,8968,11933,2840,4727,7258,8781,
129215057067,158696,12068,2890,48533,6807,8778,
129216057067,20305,12301,13626,5070,6984,9382,
129217057067,16176,12101,2780,4900,6790,8841,
129218557067,31765,11874,13832,4886,6757,8706,
129219057067,47839,12087,3216,5574,6928,9729,
129220057067,28182,11914,3092,4820,6919,8877,
129220557067,35066,12138,2845,4823,6824,8869,
129221057067,49782,12083,2911,4888,7685,9217,
129221557067,21624,11758,2893,4777,6789,8838,
129222557067,14818,12090,3237,4821,6812,8788,
129223557067,10802,11894,2911,5093,6807,8758,
129224057067,25581,13015,3070,4843,7308,8915,
129224557067,53013,12332,2980,4915,6866,9083,
129225057067,13172,12185,13845,16143,6760,19744,
129227557067,22622,12072,14078,4901,7062,8871,
129228057067,52242,11930,13677,15480,18746,19678,
129230057067,37417,12044,2800,4804,6792,8745,
129230557067,32706,12019,14139,15885,17710,9051,
129231057067,24267,44719,13791,59229,28224,30828,
129232057067,59481,12449,2801,4860,6824,8776,
129232557067,33118,11894,2714,4821,6711,8784,
129236557067,47821,12050,14090,4895,7097,8778,
129237057067,45626,12056,36001,5036,10369,22059,
129238057067,70084,34243,36492,27458,29109,30672,
129240557067,24792,23652,46477,37467,6814,19658,
129241557067,31859,12163,3009,4833,6796,8990,
129242557067,23074,11910,2831,4919,6887,8831,
129244557067,36464,12067,13895,5095,6880,8866,
129245057067,29372,12316,2980,4985,6889,8973,
129245557067,9554,12172,3067,4820,6828,9400,
129246057067,36252,12302,2891,5431,7036,8881,
129247057067,37437,11905,13896,4967,6788,9037,
129247557067,53163,12129,2990,4796,6881,8970,
129248057067,44885,11975,3020,5431,6885,8775,
129249057067,24414,11863,3005,5010,6905,8721,
129249557067,10314,12232,2865,5047,6923,8843,
129250557067,29196,12099,3060,4835,17847,8869,
129251057067,15286,11981,13657,16119,6906,8973,
129251557067,7401,12107,2810,4886,6793,8836,
129253057067,24859,12235,13909,4866,6776,8807,
129254057067,38241,12432,13730,5047,7085,8832,
129256057067,300000,12214,2869,4748,6878,8783,
129256557067,104787,46300,2883,27807,7108,9072,
129257057067,22016,12052,46606,16069,17997,8921,
129257557067,89212,47905,48913,49142,51047,52665,
129258557067,17890,12440,3135,4838,7081,8881,
129259557067,13575,12138,2851,4782,6748,8892,
129260057067,39906,12104,2827,4734,6763,8854,
129261057067,14295,11995,13759,4826,6816,8784,
129261557067,35672,12229,13867,15696,6981,8896,
129262057067,39212,12032,13629,4991,6871,9052,
129262557067,31793,12015,14411,4884,6982,8921,
129263557067,38816,11699,13718,15552,17562,19501,
129264057067,64807,12084,2838,4797,6903,8859,
129265057067,147226,23199,24718,37388,6887,52839,
129265557067,42080,12090,3172,4772,6874,8775,
129266557067,172215,121928,122766,125185,116234,117578,
129267057067,34402,12119,2850,4975,7058,9091,
129268057067,163073,23051,2792,4851,6675,30332,
129268557067,235114,34256,35859,4835,17666,8857,
129271557067,41048,11902,2909,4749,6807,8969,
129273557067,62109,12120,3090,4972,6869,8811,
129274557067,300000,12216,2832,4916,7005,20080,
129275057067,300000,45155,46599,37856,53102,42041,
129275557067,300000,12098,3109,4871,6716,9016,
129276557067,300000,11776,2768,4715,6710,8708,
129277557067,132133,12167,2855,5107,7082,52225,
129278057067,25843,12138,2872,5024,6881,8928,
129278557067,13660,11499,14233,4857,6699,9041,
129279057067,24258,12060,2801,4785,6777,8769,
129279557067,146869,12003,2917,4876,6803,8823,
129281057067,161806,12682,3427,5223,7221,9207,
129282057067,12557,23585,3083,15736,6774,30358,
129282557067,33640,12102,14129,5110,6911,8964,
129285057067,50707,12297,2916,5038,6808,9045,
129286057067,12855,11893,2982,4814,7392,8886,
129287557067,31650,11983,13653,15588,6700,8766,
129288557067,31288,12237,2895,4995,6877,8893,
129289057067,37055,22349,24740,26270,28187,30527,
129290557067,36104,12062,13881,15616,17615,19591,
129293057067,26825,11770,2851,5245,6767,8746,
129293557067,79494,11802,2918,5366,6745,8722,
129294057067,31302,12041,3133,4849,6706,9788,
129295557067,24817,11868,2793,4832,6772,8742,
129296057067,45684,11926,2914,5073,6858,8682,
129298057067,14254,12080,2841,5041,17813,8791,
129298557067,46503,12508,13742,5036,7160,9464,
129299057067,79388,12491,13853,15786,7045,20043,
129300057067,34708,12236,3020,4885,6795,8793,
129301057067,18467,12175,2890,4791,6731,8850,
129301557067,45205,12041,13470,4827,6789,8688,
129302057067,26282,12312,2777,4791,6694,8822,
129302557067,47311,11973,2716,5381,6794,8730,
129303057067,27725,12007,3138,4904,6839,8803,
129303557067,31137,12223,13790,4976,7087,8865,
129304057067,12153,12172,2792,4815,6883,8780,
129305557067,138666,56076,13555,15683,6811,9202,
129307057067,39681,12064,14005,4899,6726,8807,
129309057067,36972,12042,2896,5085,6724,8753,
129310557067,300000,12290,3050,5078,7069,9051,
129311057067,153843,44666,24813,27541,71874,52157,
129312557067,300000,12426,3290,5057,7118,9096,
129313057067,NULL,NULL,NULL,NULL,NULL,NULL,
129315057067,31032,11580,2711,4725,6674,8736,
129316057067,49640,12655,2833,5266,6896,9073,
129317057067,33642,11815,2898,4863,7004,9193,
129317557067,15262,12402,3266,4707,6813,8800,
129318557067,39145,12204,3089,5094,6795,8687,
129319557067,23169,11982,3002,5108,7014,8922,
129320057067,119095,11889,2838,4897,6908,8870,
129320557067,25057,11785,13684,15669,6683,8735,
129323057067,30140,22851,2968,4918,17988,8985,
129326557067,17553,12187,13766,15900,6709,8868,
129327057067,10341,12114,2802,4903,6787,8842,
129327557067,200050,45216,13872,5041,6922,8991,
129328557067,52397,12176,2708,4726,6661,9069,
129329557067,135143,11818,2779,4751,6702,8729,
129330057067,43406,12051,2890,4767,6893,8679,
129331057067,40150,11804,3045,15720,6844,8779,
129331557067,9277,11832,2798,4848,6913,8899,
129332057067,12926,11895,2971,4805,6850,8715,
129332557067,27110,23347,24433,15687,18099,19819,
129334557067,12501,12030,2691,4725,6805,8791,
129335057067,16283,12199,13859,5267,6923,8872,
129336557067,49593,11818,2886,4888,6822,8794,
129337557067,49639,11907,13569,15687,17486,19751,
129343057067,22797,11821,2838,4728,6675,8732,
129345057067,153346,11815,2799,4829,6909,8741,
129346557067,14154,12578,2794,4799,6820,8837,
129349057067,38499,22509,56702,15478,39203,8733,
129351557067,25835,12109,3012,5028,6902,8796,
129352057067,43097,12004,13367,4742,6903,8807,
129352557067,16106,12225,3310,5121,6968,9042,
129353057067,53210,56052,3025,91416,28701,9108,
129354557067,34533,22805,2875,26514,28554,19985,
129355057067,67267,11922,14118,5070,17600,8800,
129355557067,47054,12881,3099,5036,6973,9072,
129356557067,11058,11783,2739,4893,6863,8718,
129357057067,108179,11854,13538,4838,6817,8833,
129357557067,34205,12162,3030,5039,6849,8858,
129358057067,27791,12199,2861,6410,6864,8900,
129359057067,40826,11859,2799,4806,6904,8835,
129359557067,34849,11846,2763,4672,6654,8684,
129360057067,20180,54855,68117,91143,72049,63056,
129360557067,42826,16337,16146,16616,6784,8754,
129361057067,46825,12061,14133,4908,7010,8828,
129361557067,21923,11872,13564,15549,6850,8820,
129363057067,27257,12238,3095,5208,6880,8704,
129363557067,13629,22895,24516,4864,18000,8873,
129365557067,35320,11888,13499,4850,6894,8862,
129366057067,42066,11756,2993,4799,6755,8721,
129367557067,30000,11784,2773,4897,6813,8733,
129368557067,43743,11931,2910,4850,6742,8922,
129371057067,45562,11998,2898,4822,7067,9580,
129371557067,38325,12155,13490,15864,6732,8721,
129372557067,22629,11852,2997,4922,6762,8816,
129374057067,25352,11779,2708,4765,6697,8781,
129375057067,113640,13002,13886,15978,17784,19790,
129377057067,13356,12775,3071,5094,6762,8777,
129377557067,39259,13440,14437,4793,17537,8786,
129378057067,14086,13028,2885,4709,6650,8765,
129378557067,34481,11923,2792,4807,6836,8781,
129379057067,15598,12027,2866,4702,6795,8787,
129380057067,29543,11881,2778,15839,6870,8928,
129381057067,30921,12057,2868,4749,6815,9081,
129381557067,28226,12119,2921,4921,6849,8985,
129382557067,19084,11668,3191,4828,6824,8738,
129383557067,47979,12328,13750,4816,6727,8882,
129384557067,53867,11984,2735,4915,6922,9100,
129385057067,106092,12014,3015,4743,6805,8827,
129387057067,30608,11892,2691,4761,6762,8753,
129387557067,27448,12102,13636,4809,6686,8791,
129388057067,83307,36185,14099,16044,6886,9819,
129388557067,22126,12166,2719,4792,6848,8684,
129390057067,47267,33603,24612,15547,28568,30361,
129390557067,173270,12134,2861,4806,6979,8918,
129392557067,33322,11980,2907,4762,6816,8817,
129393057067,45772,11840,2765,4740,6676,8739,
129395057067,23170,11998,2916,4915,6839,8981,
129396057067,46974,11722,13870,15979,6861,8746,
129396557067,32931,11977,3087,4871,6925,8796,
129397057067,71594,12014,13635,15603,17547,8853,
129397557067,51348,11779,2970,4794,6859,9817,
129398057067,32044,11846,2910,4824,7530,19547,
129399557067,41054,11817,2796,4698,6702,8701,
129401057067,25556,12101,3019,4752,6794,8873,
129401557067,44469,11839,13755,4810,6711,8813,
129402557067,42346,11879,2704,4912,6972,9085,
129403557067,52836,12093,2852,4917,6806,8790,
129404057067,23329,12079,2772,4800,6740,8765,
129406057067,49390,23016,13618,15743,17694,19391,
129406557067,47853,11872,2837,4908,6820,8802,
129407057067,17676,11683,2849,4698,6704,8699,
129407557067,14829,12236,3068,5040,17518,19999,
129408557067,40158,11826,2759,5045,6892,8811,
129410057067,78720,12450,13844,5056,17754,8929,
129411057067,16490,11904,13586,5230,6803,8744,
129411557067,38754,11641,2801,4624,6787,8877,
129412057067,24876,11684,3112,4763,6662,8812,
129412557067,27781,13281,14405,4997,18460,20740,
129413057067,25107,11826,2881,4868,6736,8875,
129414557067,16305,12317,3114,4968,6754,8928,
129415557067,30511,12164,13887,4802,6690,8728,
129416057067,43887,23830,24885,26806,17923,8828,
129417057067,65623,11908,2799,4728,6703,8772,
129417557067,67112,12329,2773,4824,6770,8815,
129418057067,48595,12019,3192,15593,6993,8891,
129419557067,18167,12396,3010,4753,7011,8854,
129420057067,26608,11928,13503,4740,6899,8722,
129421057067,51679,11972,2902,4833,6803,8910,
129422557067,51680,11902,2738,15610,6676,9008,
129423557067,52705,11876,2969,4836,6873,8718,
129424057067,32642,22641,13872,15600,17706,19558,
129424557067,14164,12024,2765,4888,6773,8776,
129426057067,8713,12074,2919,4822,6777,8802,
129426557067,46606,12076,2812,4977,6972,8812,
129428057067,34857,NULL,NULL,NULL,NULL,NULL,
129429057067,37193,11749,2608,4652,6680,8913,
129429557067,53208,23129,25063,26630,17669,20049,
129430557067,26178,11744,2759,4683,6823,8699,
129431557067,51795,11910,2842,4683,6676,8909,
129432057067,23780,12129,2805,5048,6996,8982,
129432557067,71586,11910,36275,4852,6971,30687,
129434557067,20965,12247,3451,4984,7051,9128,
129435557067,31891,11990,13745,15724,6913,8889,
129436057067,42295,12102,3042,4854,6885,8976,
129436557067,46651,12084,3282,4798,7130,9175,
129437057067,27345,11705,2817,4689,6689,8721,
129438057067,21592,12078,13602,4777,6662,8755,
129438557067,39561,12477,13768,5084,6834,8802,
129439057067,11260,12095,2728,4767,6881,8720,
129439557067,19022,12028,2890,4921,6743,8718,
129440057067,46380,12071,2909,4868,6909,8801,
129440557067,51606,12008,13740,5049,7014,9044,
129441057067,19473,11892,13548,4794,6892,8891,
129441557067,12866,12255,13583,4991,6749,8769,
129442057067,39542,12128,13673,5269,6871,8882,
129442557067,94563,11867,13899,4776,6859,8736,
129443057067,24482,11878,13630,4826,6702,8763,
129444557067,17112,33388,13890,15627,6861,19841,
129446057067,45090,12057,2883,5013,6807,8859,
129446557067,50470,12022,13567,4833,6899,8846,
129447057067,92236,12174,2976,5101,6901,9478,
129447557067,25630,33504,35816,37345,39345,30231,
129448057067,42406,12067,13573,4967,6712,8814,
129449057067,24336,11807,2887,4837,6901,8674,
129449557067,68372,12202,2912,15659,7001,8909,
129453057067,51634,11866,2804,37382,28332,8702,
129453557067,33090,11645,2747,4662,6760,8758,
129454057067,30362,11712,2801,4846,6740,9045,
129454557067,39468,12240,13658,4868,6830,8926,
129455557067,98019,16971,2872,5092,6801,15445,
129456057067,20336,11802,2785,4857,6674,8893,
129456557067,29152,12165,2879,4910,6739,8759,
129458057067,30459,12072,3111,4830,6775,8712,
129461057067,45320,11820,2981,5053,6817,8798,
129463057067,23282,11932,2768,4806,6835,8809,
129465057067,223614,12085,13535,4849,6804,8763,
129465557067,32422,11868,13889,5005,6859,9001,
129466057067,127262,65932,89510,69615,60637,84766,
129467057067,18596,12116,2979,4818,8622,9140,
129467557067,33281,12110,2987,5023,7012,9092,
129469057067,38141,11862,3188,26232,39102,30394,
129470557067,21321,12158,14087,4910,7031,9262,
129471057067,30374,11760,2789,4709,6856,8690,
129472057067,29560,12028,2918,4877,6861,9267,
129473057067,43296,12025,13783,4786,6753,9334,
129473557067,14069,12048,2994,4879,6763,8662,
129474557067,54183,12000,2866,16413,7197,9107,
129476557067,27657,11806,2804,4857,6892,8744,
129477057067,10683,11983,2776,4992,6860,8858,
129477557067,55681,12034,3055,4840,6875,8905,
129478057067,18333,12264,2858,5232,6884,8834,
129479557067,93141,11764,2726,4728,6712,8686,
129481057067,23654,12304,3033,4910,6973,9002,
129481557067,32728,11596,13612,4767,6745,8713,
129482557067,26746,11737,13653,5748,7329,8726,
129483557067,15282,11762,2773,4753,6831,8846,
129484057067,29591,12080,2662,15555,6725,8744,
129484557067,23585,11924,2754,4999,6765,8804,
129485557067,42013,12125,2928,4776,6761,8808,
129486057067,17180,11809,2795,4731,6728,8703,
129486557067,53093,11717,13676,5009,7036,8845,
129487057067,24569,12037,2825,4781,6666,8720,
129487557067,39543,12189,14040,5059,7026,8930,
129488057067,12544,11921,2855,4889,7115,8859,
129489057067,44762,12015,2860,4924,6798,9335,
129489557067,17280,12027,3061,4794,6844,8773,
129490057067,55239,23009,14136,5037,6698,19978,
129490557067,253715,11826,13696,16074,6822,73414,
129492557067,22855,11979,13644,4791,6776,8860,
129493557067,50194,11864,2925,4901,6798,8870,
129494557067,24982,12085,2892,15744,6827,8724,
129496557067,87693,12049,3103,4970,6788,8901,
129499057067,174243,12491,3378,5085,6926,9022,
129500057067,53688,12331,3059,4873,6778,8799,
129500557067,11324,12129,13586,4769,6868,8853,
129501057067,28746,11865,13566,15496,6702,8708,
129502057067,11295,12052,2791,4689,6807,8677,
129503057067,40920,12188,2762,4669,6657,8726,
129503557067,18137,12068,13835,4900,7222,8808,
129504057067,33127,11869,24210,37431,28298,40901,
129504557067,218206,89652,90075,81433,83745,84774,
129505057067,209720,153840,155134,135308,159427,138574,
129506057067,171559,12090,2866,4830,6713,8837,
129506557067,39136,11977,13769,5222,7003,8877,
129508057067,19150,11734,13998,4841,6745,8686,
129509057067,110662,12744,14842,16556,9979,9768,
129513557067,25126,11761,2724,4661,6682,8714,
129514057067,49371,11605,13533,4792,6788,8718,
129515057067,19919,11787,3001,4993,6796,8787,
129515557067,16546,12072,2755,4845,6779,8743,
129516057067,35011,11977,4859,5109,6720,8710,
129517057067,43532,11861,2912,4838,6904,8851,
129518557067,17339,12173,2841,26414,6818,19552,
129519057067,26214,11998,13554,4872,6747,8762,
129520057067,41737,12251,3094,15766,6687,19833,
129520557067,45817,12492,3168,5080,6827,8991,
129521057067,12215,11924,3472,4767,6811,8894,
129521557067,27351,12051,2919,4800,6771,8921,
129522057067,77528,11722,2889,4821,6746,8779,
129523057067,37504,11819,13761,15631,6857,19602,
129523557067,27004,11782,13634,4880,6818,8768,
129524057067,33408,33563,13678,4709,6661,19671,
129524557067,12291,11853,13692,15657,6742,8724,
129525057067,162920,66836,2991,4881,18040,30729,
129525557067,30691,13290,3297,4836,6711,8860,
129528557067,46358,16249,6188,6310,7023,8748,
129529557067,42176,22822,14200,4754,17648,8734,
129530057067,22821,11971,2879,4802,6758,8782,
129530557067,55733,11887,3681,6120,7024,9179,
129532057067,31207,23142,14103,4883,17989,8769,
129532557067,17774,11777,2772,4875,7027,8726,
129535057067,20288,11560,2823,4726,6728,8720,
129537057067,38177,11824,3074,4895,6810,9040,
129538057067,153754,11906,4495,4729,6671,8692,
129538557067,31626,11980,2878,4932,6725,8834,
129539057067,11981,12083,2769,4791,6798,8917,
129540057067,39247,11980,13522,4789,6799,8773,
129540557067,58855,13178,3148,5338,6788,8794,
129542057067,145015,11909,2817,4779,6712,19735,
129543557067,66003,11878,2770,15922,7081,9494,
129544557067,38198,12256,2806,4709,6662,8779,
129545557067,93455,12415,3636,4696,7143,8836,
129547057067,24596,11886,2724,4837,6746,8703,
129549057067,76395,12034,3113,5028,7176,9116,
129550057067,45797,12072,3079,4893,6719,8850,
129551057067,24672,11743,2925,4889,6772,8904,
129551557067,16336,11878,3203,5164,6724,8745,
129557057067,32380,12037,2736,4868,6866,8739,
129558057067,33821,12056,13561,5002,19382,19487,
129558557067,15099,12144,3150,4910,6840,9065,
129559057067,149901,22711,2867,15651,17717,8787,
129560057067,30853,12110,2661,4862,7007,8895,
129560557067,17302,13069,2789,4746,7080,8745,
129561057067,44183,12193,2802,4807,6712,8749,
129561557067,24058,12287,2854,5058,6877,8920,
129563557067,21116,11776,2992,4846,6775,8751,
129565057067,117850,22929,3076,4914,7357,9540,
129565557067,178925,11593,2755,4687,6796,8815,
129567557067,300000,12112,3852,5002,7131,9134,
129569057067,300000,100432,79826,103200,99874,99756,
129569557067,300000,33685,35529,4863,17920,8854,
129570057067,300000,34045,13777,4906,18041,9031,
129570557067,134631,65877,80186,72796,83841,73738,
129571557067,51693,22992,2903,15888,17754,9386,
129572057067,36413,11911,13633,4848,17643,19558,
129573057067,49672,11685,2687,4790,6739,10119,
129574557067,20556,12088,13737,8296,7761,8765,

