,W-0,R-0,R-1,R-2,R-3,R-4,
121959673533,41036,45264,46963,46785,46345,46601,
121960173533,1932,12196,2985,4961,7343,8919,
121961173533,1689,13021,3003,5161,6953,9126,
121962173533,1401,1710,2936,5200,6907,8833,
121963173533,1856,12235,3073,4924,6802,8944,
121966673533,1322,1570,2961,5059,7344,9033,
121967173533,1822,1520,2964,6145,7052,8931,
121968173533,1946,1997,3132,5007,6875,8999,
121972173533,1650,1432,3023,5269,6930,8876,
121974673533,1246,1439,2911,4811,6761,8793,
121975673533,2041,1846,3049,4841,7014,9084,
121977173533,1752,12119,2897,6559,6978,8938,
121977673533,1388,1639,2954,4955,6908,8954,
121978173533,1350,1686,3091,4958,6960,9003,
121981173533,2105,1431,3092,4876,6783,8904,
121981673533,1919,12151,3143,5117,6817,8778,
121982173533,1664,1423,2953,4815,6859,8863,
121982673533,1645,11907,2939,4892,7514,8933,
121983673533,1579,1360,2982,4859,6812,8780,
121986673533,1714,1840,3121,4973,6908,8966,
121988673533,1594,11915,3131,4947,6898,8768,
121989173533,1321,1599,2847,5059,6879,8907,
121989673533,1752,12015,3070,5130,7055,8783,
121991173533,2307,2122,3034,4981,7087,9330,
121991673533,15414,1737,2967,4880,6862,8990,
121994173533,1415,1804,2883,4891,7285,8828,
121995173533,6568,1640,2945,4973,6878,8823,
121995673533,1653,1836,3221,4824,6829,8823,
121997673533,1857,12358,3399,4910,7074,8921,
121998673533,1949,1712,3152,5379,6966,8945,
121999173533,10940,1574,2790,4802,6810,8868,
122000173533,1923,1584,3005,5029,7409,9251,
122001173533,1222,1595,2845,4666,6898,8861,
122001673533,1407,1671,3186,4807,6883,8906,
122003173533,1333,1606,2915,4864,6797,8820,
122004673533,1312,1588,2923,4976,6851,8927,
122005173533,1841,1704,3220,4925,7465,8776,
122007673533,1176,1390,2807,4845,6792,8791,
122008173533,1388,1699,2975,4937,6910,8923,
122008673533,1731,11993,2765,4907,6823,8865,
122009673533,1787,1593,3147,4960,6981,8827,
122010173533,1560,11866,2788,4867,6892,8884,
122010673533,1309,2404,2991,4811,6798,8868,
122012173533,1658,12042,2969,4827,6849,9168,
122012673533,1900,12248,2850,4981,6902,8922,
122013673533,1694,11842,2996,4826,6714,8750,
122014173533,1645,1416,2752,4878,6854,8836,
122015173533,1868,1720,3121,5115,7076,8909,
122015673533,177093,1708,3185,4879,6758,8715,
122016173533,1315,1448,3071,4911,6713,8800,
122016673533,1783,1618,3016,4926,6855,8796,
122018173533,1984,1818,2980,5023,7942,8964,
122020173533,1208,1370,3294,4937,6843,8850,
122021173533,10409,1341,2954,4781,6704,9105,
122021673533,1460,2409,3402,4918,7367,9009,
122022173533,1432,1730,2891,4758,6732,8820,
122022673533,1716,2719,3262,4952,6971,8764,
122024173533,1371,1622,3106,5024,6816,8809,
122026673533,2540,2322,2818,4824,6747,8867,
122027173533,1503,11744,2860,5245,6855,8905,
122027673533,1817,1688,2888,4781,6931,8764,
122028673533,1329,1576,2763,4901,7054,9456,
122029673533,1200,1344,2830,4801,6938,8873,
122030173533,1362,1585,2894,4778,6714,9178,
122030673533,1450,1797,3062,5014,7047,9141,
122031173533,1856,12117,3146,4856,6874,8816,
122032173533,1807,1649,2969,4949,6791,8738,
122033673533,1904,12355,2980,4889,6801,8861,
122034173533,21786,1773,3305,4832,6742,8711,
122034673533,1178,1400,2813,4877,6823,9170,
122035173533,1558,1416,2768,4924,6837,8755,
122036673533,1642,1793,3148,4934,6901,8915,
122037673533,1687,1868,3015,4771,6768,8899,
122038173533,1152,1285,2879,4934,7053,9058,
122038673533,1228,1540,3149,4877,6755,8733,
122039173533,1346,1530,3097,4969,6763,8852,
122040173533,1808,1653,3043,5036,6800,8891,
122040673533,1161,1278,2788,4899,6983,8966,
122044673533,1544,1368,2971,4848,6739,8702,
122045173533,1611,11750,3034,4747,6766,8846,
122047173533,1715,1394,3320,4716,6844,8734,
122047673533,1456,11817,2972,4865,6708,8870,
122048173533,1386,1267,2821,4702,6929,8768,
122048673533,1626,2357,2933,4870,6767,8694,
122050173533,1204,1388,3057,4925,6806,8870,
122051173533,1618,11751,2816,4723,6747,8823,
122053673533,1564,11930,2789,4678,6745,8739,
122054173533,8617,1545,2996,4864,7075,8828,
122054673533,1699,1568,2878,5019,6811,8798,
122055173533,1884,1588,2936,4779,6998,8964,
122056173533,1807,12162,3733,4814,6771,8863,
122056673533,18205,1581,3168,5241,6805,9013,
122057173533,1663,1435,2976,4896,6849,8924,
122060673533,1601,1848,2878,4695,6999,8942,
122061173533,1654,1392,2835,4798,6727,8788,
122062173533,2528,12337,3119,4953,6844,9113,
122064673533,1328,1672,2969,4885,6799,8738,
122065173533,1407,1641,3526,4728,6773,8801,
122066673533,1424,11759,2774,4671,6838,8794,
122067673533,2360,1947,2869,4839,6972,8777,
122068173533,1239,1464,2758,4719,6804,8826,
122068673533,1667,1386,2845,4814,6857,8813,
122069673533,3754,13702,13961,5049,6901,9800,
122070673533,1525,1386,2834,4803,6739,8725,
122071673533,1716,1917,2880,4650,6783,8868,
122073173533,1655,12296,3357,4862,6946,8756,
122073673533,5069,1222,2875,4709,6799,8783,
122074673533,1208,1622,2955,4848,6888,8888,
122075173533,1354,1560,3058,5549,7060,8960,
122075673533,203933,2447,3354,4771,6891,9117,
122076173533,1211,1600,2907,4830,6993,9039,
122077173533,1409,1643,2981,4799,7576,9635,
122078173533,1712,1419,3077,4817,6828,8850,
122078673533,1884,12145,3018,4934,6790,8925,
122079173533,1296,1613,3189,4806,6776,8871,
122079673533,1446,1331,2936,4776,6711,9027,
122082173533,1808,1968,2806,5054,6997,8813,
122082673533,89621,90225,89197,90087,89342,89867,
122084673533,1959,1925,2734,5783,7081,10304,
122085173533,1389,11917,3018,4892,6807,8845,
122085673533,1769,12062,3033,4778,7117,8897,
122086673533,1231,1383,3022,4882,6965,8958,
122087173533,1389,1637,2965,4968,6784,8776,
122091173533,229315,1250,2859,4820,6802,9250,
122091673533,175791,1786,3084,4816,7039,8920,
122092673533,1164,1592,3041,4733,6805,8707,
122095173533,1377,1262,2828,4990,7295,8787,
122096173533,2138,12560,3211,4763,6767,8823,
122097173533,1612,11807,2896,4860,6729,8716,
122099173533,1980,1830,3192,5084,6755,8874,
122099673533,1410,1795,3167,4771,7095,9072,
122100173533,54334,1240,2741,4735,6736,8818,
122100673533,1634,1431,2972,4915,6808,8816,
122101673533,1260,1453,2821,5003,6850,8788,
122102173533,1431,1640,3019,5067,6857,8902,
122102673533,1254,1625,2921,4863,7009,8916,
122103673533,1372,1687,2845,4829,6853,8713,
122104173533,1421,1274,2998,4838,6756,8777,
122105173533,1287,1425,2957,4890,6745,8849,
122105673533,3663,1400,2852,4890,6755,8776,
122106173533,1376,1613,2956,4731,6753,8894,
122107673533,1960,12510,2768,4755,6758,8687,
122108673533,1608,12043,2820,5024,6955,9013,
122110673533,1455,1585,2832,4764,6765,8753,
122111173533,1714,11756,2883,4907,7109,9684,
122111673533,1347,1744,2753,4731,6782,8770,
122112173533,1191,1392,2925,4827,6788,8776,
122113173533,1793,12038,2854,4944,6768,8805,
122114173533,1193,1415,2804,4806,6732,8744,
122114673533,1763,1646,3190,4921,6800,8818,
122115673533,1537,1770,2892,4689,6712,8789,
122116173533,43660,1410,2938,5053,6930,8974,
122116673533,1417,1669,2659,4842,6737,8706,
122117173533,1235,1519,2942,4957,6874,8848,
122118173533,1280,1565,2974,4916,6868,8731,
122118673533,2402,2030,3106,4974,7001,9017,
122119673533,1366,1627,2971,5012,6873,8773,
122120173533,1290,1539,3056,4973,6788,8958,
122121173533,10255,1502,2802,4756,6850,8832,
122121673533,1767,1763,2948,4977,6822,8952,
122122673533,1426,11752,2817,5021,6885,8797,
122123173533,1369,1652,2827,4982,6822,8772,
122126173533,1274,11599,2884,4734,6977,8859,
122128173533,178118,1304,3137,4846,6710,8737,
122129173533,1366,1714,2965,5020,7018,9040,
122129673533,1436,11993,2827,4973,6901,8876,
122130173533,1447,11983,2868,4767,6789,8840,
122131173533,1597,1831,3017,5114,6739,8952,
122132173533,1262,1575,2930,4932,6814,8795,
122132673533,1202,1367,2960,4876,6798,8817,
122133173533,1220,1386,3001,4855,6805,8701,
122133673533,1429,1292,2809,4882,6715,8784,
122134173533,6445,11997,3046,4962,6925,8840,
122135673533,79526,1508,2952,4806,7060,8851,
122136673533,1236,1406,2854,4768,6712,8901,
122137173533,1204,1400,2990,4850,6720,8737,
122139673533,1589,11743,3133,5212,6766,8845,
122140673533,1342,1619,2882,4762,6853,9092,
122142173533,1249,1451,2954,4780,6806,8756,
122143173533,1547,1913,2877,4925,6903,8946,
122143673533,1702,1801,2761,4899,6793,8795,
122145173533,1376,1653,3055,4899,6872,8751,
122147673533,1927,12805,2834,5015,6989,8760,
122148173533,1300,1697,2843,4740,6895,8754,
122148673533,1702,1454,3292,4962,6879,9042,
122150173533,1161,1437,2874,4836,6909,8787,
122150673533,3305,2002,3137,4832,6836,8751,
122152673533,1765,1589,3061,4877,6857,8803,
122153173533,1214,1421,3013,5163,6831,9412,
122153673533,1633,11781,3000,5054,6750,8921,
122154673533,1556,11982,2948,4991,7635,8899,
122155673533,1317,1520,3020,4747,6749,8651,
122156173533,2379,1402,3009,5074,6763,8765,
122156673533,1223,1664,3048,5014,6910,9109,
122157173533,9402,1303,2902,4783,6754,9047,
122157673533,1456,1890,2823,4941,7596,8999,
122158173533,1344,1817,3146,4813,7113,8916,
122158673533,1233,1408,3002,4872,6847,8785,
122160173533,1118,1284,2852,4715,6791,9103,
122161673533,1219,1581,2796,4735,6689,8752,
122163673533,1220,1335,2855,4805,9263,9177,
122165173533,1039,11206,2668,4594,6569,8542,
122165673533,1773,11981,2908,4873,6903,8855,
122167173533,1517,1713,3043,4869,6906,8824,
122167673533,1268,1447,3070,5148,7094,8811,
122169673533,1277,1603,2803,4802,6813,8846,
122170673533,1218,1549,2692,4819,6757,8792,
122171673533,1386,1618,2804,4763,6850,8709,
122172173533,11582,11935,3039,4940,6859,8741,
122173173533,1326,1628,2863,4739,6783,8807,
122174173533,1521,1805,3073,4915,6968,9759,
122174673533,1320,1691,2812,4871,6923,8912,
122175173533,1577,11757,2729,4915,6780,9035,
122177673533,1384,11736,2924,4822,6762,8886,
122181173533,1621,11809,2877,4889,6728,8765,
122181673533,1232,1579,2709,4690,6834,8796,
122182173533,1536,1392,3202,4715,6966,8800,
122183173533,5682,1373,2808,4750,6907,9369,
122184173533,1735,1755,2928,5027,6925,8943,
122184673533,1409,11745,2940,4807,6753,8728,
122185673533,1231,1646,2897,4776,6785,8875,
122186173533,1770,1568,2755,4874,6972,8834,
122186673533,1530,1396,2950,4796,6742,8683,
122187173533,1349,1248,2827,4951,6805,8983,
122189173533,1387,11617,2815,4800,6881,9045,
122189673533,1274,1444,3253,5174,7046,8819,
122191173533,1918,1721,2964,4937,6890,8926,
122192173533,1533,1382,2953,4859,6848,8799,
122197673533,1293,1666,2893,5061,6812,8728,
122199673533,1413,2819,3302,4817,6822,8736,
122201173533,1591,11694,2774,4725,6959,8755,
122203673533,2368,1341,3001,4822,6682,8744,
122206173533,1316,1645,2835,4810,6830,8901,
122206673533,1686,2014,2866,5187,6996,9013,
122207173533,1449,1626,2989,4931,6946,8815,
122207673533,11956,1515,3072,4830,6811,8864,
122209173533,1815,12145,2772,4952,6987,8895,
122209673533,1258,1582,2864,5116,6836,8694,
122210173533,1151,1338,2964,4825,6762,9008,
122211173533,1730,1950,3056,4709,6698,8809,
122211673533,1415,1211,3038,4983,6805,8924,
122212173533,1523,11751,2946,4769,6675,8808,
122212673533,1606,11848,2703,4784,6773,8955,
122213673533,1353,1591,2920,5005,6796,8896,
122214173533,1145,1291,2971,4984,6944,8925,
122214673533,1638,1896,2945,4858,6857,9061,
122215173533,1358,1633,2793,4881,7003,9034,
122215673533,1825,11868,2907,4867,6775,8718,
122216173533,1238,1437,2749,4717,6758,8892,
122217673533,44121,1624,3209,4957,6915,9056,
122218173533,1358,11633,2783,4883,6771,8745,
122220173533,1588,11872,2954,4803,6724,8698,
122220673533,9293,1342,2833,5286,7347,8824,
122222173533,1233,1587,2810,4729,6748,8658,
122223173533,3186,1333,2969,5691,6797,8758,
122225673533,239436,1336,2905,4810,6747,8673,
122226173533,22006,12206,2816,4870,6971,11243,
122227173533,1530,1682,3075,4940,7044,8859,
122228673533,1727,1946,2755,4813,6860,9096,
122229673533,1663,11792,3009,4815,7409,8708,
122231673533,1349,1244,2752,4729,6844,8794,
122232173533,2423,12815,6462,6542,6950,8781,
122232673533,1557,1388,3052,4807,6833,9654,
122233173533,1615,11800,2869,4788,6827,8873,
122233673533,8602,1662,2897,4848,6981,9164,
122234673533,1152,1426,2860,4899,6869,9147,
122235673533,1781,1644,2831,4753,6902,8803,
122236173533,1242,1465,3437,4763,6842,8814,
122237173533,1556,1310,2831,4698,6824,8736,
122238173533,1810,1697,2783,4754,6826,9291,
122239173533,1373,11726,2825,4743,6895,8796,
122239673533,1419,1288,2919,4974,7016,8920,
122241673533,1365,11641,2755,4731,6764,8692,
122242173533,1595,11911,3175,4860,6840,8913,
122242673533,2021,1889,3232,4669,6670,8785,
122243173533,1397,1693,2917,4826,6861,8894,
122244673533,1271,1447,3052,5051,6838,8922,
122245173533,1284,1723,3059,5016,6873,8829,
122247173533,2558,2777,2993,5032,6922,8940,
122247673533,1210,1392,2866,4652,6770,8922,
122249673533,1277,1593,2873,4836,6832,8757,
122250673533,9278,1610,3066,5107,6843,8939,
122251173533,1822,1656,2956,4872,6722,8730,
122251673533,2561,2369,2776,4838,6821,8810,
122252173533,17732,1945,3112,4785,6960,8794,
122252673533,1367,1645,2899,4826,6966,8691,
122254173533,1124,1262,2912,4828,6692,8830,
122255673533,1321,1722,2793,4866,6774,8778,
122256173533,1594,12231,2854,4667,6732,8761,
122257173533,1250,1405,3227,4841,6699,8779,
122258173533,1395,11696,2804,4879,6821,9020,
122258673533,1872,2003,2897,4788,6898,9041,
122260673533,22930,12424,2912,5020,7060,9060,
122261173533,2437,1551,2909,4787,6683,8791,
122261673533,2135,1674,2896,4790,7124,8772,
122262173533,53002,53223,63426,63602,63251,63681,
122263173533,1603,12105,2867,4715,6818,8809,
122264673533,9720,1334,2896,4863,6726,8925,
122265673533,1370,11965,2882,4945,7368,8820,
122266173533,1451,11569,2814,4829,6806,8750,
122266673533,1258,1410,2800,4834,6725,8747,
122267173533,1424,11906,2894,4833,6941,8949,
122267673533,1313,1631,3262,4900,6735,8901,
122269173533,1914,1396,2965,4776,6748,8699,
122270173533,1374,1590,3139,5048,6957,9690,
122270673533,1334,1583,2800,4829,6745,8804,
122271673533,1279,12255,2935,4836,6925,8746,
122272173533,1282,1693,3007,4855,6814,8898,
122272673533,1600,1421,3055,4793,6793,8897,
122274173533,1380,1634,2811,4841,6846,8884,
122274673533,1531,1679,2985,5013,7179,9775,
122275673533,1338,1643,3032,4740,6895,8939,
122277173533,17505,1313,2949,4794,6853,8904,
122278173533,1961,1768,2835,4888,6864,8906,
122278673533,54860,11969,2908,4744,6946,9601,
122279173533,1512,1354,2905,4842,6866,8951,
122280673533,1233,1376,3000,4751,6735,8880,
122281173533,1748,12093,3648,4999,6907,8813,
122282673533,1975,12179,2774,5003,6968,8839,
122283673533,1228,1538,2890,4803,6739,8828,
122284173533,1326,1552,2962,4952,6771,8768,
122285173533,1829,12840,2844,4856,6813,9321,
122286173533,1602,1455,3026,4880,6889,8969,
122286673533,1291,11666,2751,4760,6760,9054,
122287173533,1240,1709,2783,4998,6952,8942,
122289173533,1245,1387,2794,4901,6853,8838,
122290173533,1319,1629,3086,4908,6800,8731,
122290673533,1346,1869,3005,4894,6995,8936,
122291173533,1357,1608,2867,4734,6734,8658,
122291673533,1798,1974,2805,4869,6737,8690,
122292673533,1415,11769,3082,4883,8065,8784,
122293173533,1235,1453,2807,4687,7084,9103,
122293673533,1614,13436,3039,4838,6855,9579,
122294173533,1555,1368,2883,4753,6706,8721,
122294673533,1985,12173,2963,4796,6718,8741,
122295173533,1620,11882,6584,6456,7006,8782,
122295673533,1355,1667,2910,5046,6840,8981,
122296173533,1352,1530,3077,5050,6844,9092,
122296673533,1538,11787,2938,4951,6780,8793,
122297173533,1202,1357,2892,4969,7162,8801,
122297673533,93037,1769,3046,4982,6877,8875,
122299173533,34701,1668,2852,4743,6829,8790,
122300673533,1505,1842,2768,4989,6843,8875,
122301173533,1305,1675,2802,4994,6840,8955,
122301673533,2525,1420,3004,4806,6741,8902,
122302173533,1281,1425,3037,4923,6715,8908,
122302673533,1209,1544,2916,5002,6864,8986,
122303673533,1272,1571,3292,7661,8801,9007,
122304173533,1411,11981,3090,4752,6906,8920,
122307673533,17514,1632,2996,4787,6821,8710,
122308173533,1181,1623,3016,4756,6821,8765,
122308673533,1162,1330,2950,4881,6833,8708,
122309173533,1319,1643,2778,4614,6748,8698,
122310173533,2363,12529,3212,4749,6824,8798,
122310673533,1365,1567,2793,4949,6759,8868,
122311173533,1512,1362,3261,4741,7164,8683,
122312673533,42512,1351,2845,4851,6747,8731,
122315673533,68248,1746,3124,5442,7035,9094,
122317673533,1383,11997,2880,4861,6704,8771,
122319673533,1205,1440,2922,4883,6794,8735,
122320173533,1708,11681,2925,4934,7179,8871,
122320673533,1173,1545,2966,4912,6749,8847,
122321673533,1098,1322,3397,4694,6741,8836,
122322173533,1292,1555,2943,4869,6733,9017,
122323673533,1587,1373,2802,4806,6829,8831,
122325173533,1514,1278,3024,4878,6661,8863,
122325673533,10747,1529,2971,5087,6831,8967,
122326673533,1322,1169,2988,4858,6986,8864,
122327673533,1612,12081,2778,4681,6853,8860,
122328173533,1362,1601,2763,5067,6934,8826,
122329173533,1182,1347,2732,4796,6869,8787,
122331173533,1638,12169,2996,4937,6843,8990,
122331673533,1385,11697,2825,4875,6723,8783,
122332173533,4034,12299,3030,4941,7196,8896,
122332673533,1463,11713,2860,4763,6854,8810,
122334173533,1385,1267,2768,4851,6758,8848,
122335673533,1254,1499,2897,4784,6757,8736,
122336173533,1416,1686,3190,5047,6850,8773,
122337173533,1440,12108,2813,5016,7131,9056,
122338173533,95256,1579,2855,4740,6784,8699,
122338673533,1222,1388,2860,4742,7556,8842,
122339173533,1324,1634,2907,4816,6789,8779,
122340173533,91048,1607,2976,4858,6805,8881,
122340673533,174677,175666,178708,174392,175041,175386,
122341173533,14119,12572,2969,5014,6929,8792,
122341673533,1387,1626,2748,4751,6781,8783,
122342173533,1326,1584,2847,4711,7454,8787,
122342673533,1869,12569,3299,5378,7955,9152,
122343673533,1176,1585,3063,4976,6740,8828,
122344173533,1105,1284,3071,4998,6739,8755,
122344673533,6383,1721,2875,4763,6814,8694,
122345173533,1418,1317,2819,4635,6740,8709,
122347173533,1249,1589,2852,4958,6742,8807,
122348173533,1628,1343,2889,4802,6735,8735,
122349173533,1218,1427,2885,4718,6817,8906,
122351173533,1747,12014,2875,4859,6726,8778,
122353673533,1541,1352,2958,4821,6721,8885,
122354673533,1697,12626,2777,4830,6750,8752,
122355173533,1812,11947,2832,5025,6766,8828,
122355673533,1084,1237,3002,4999,6767,8778,
122356673533,1812,1692,3097,5070,6870,8785,
122357673533,1272,1542,3022,4907,6832,8882,
122358173533,299275,12314,3094,4783,6905,9063,
122358673533,1508,11970,2771,4751,6761,9155,
122359173533,7434,1247,2738,4788,6853,8827,
122359673533,1452,1702,2821,4744,6803,8844,
122360673533,1624,11679,2825,4766,6670,8752,
122361173533,1176,1372,3350,4911,6750,8723,
122362673533,1326,1576,3085,4909,6977,8811,
122363673533,1332,1612,3075,4827,6778,8859,
122368173533,1566,1778,2819,4882,6784,8777,
122368673533,1836,13561,2886,5003,6962,9138,
122369673533,1612,1441,2939,4740,7175,8847,
122370173533,1313,1422,2976,4913,6811,8818,
122370673533,1337,11830,2804,4851,6894,9000,
122371673533,1325,1434,2816,4817,6791,8748,
122373173533,150363,150861,151260,151080,151369,151628,
122373673533,1635,11875,2967,5402,6740,8808,
122374673533,NULL,NULL,NULL,NULL,NULL,NULL,
122375173533,189656,207021,199919,195007,205213,207911,
122375673533,300000,NULL,NULL,NULL,NULL,NULL,
122376173533,NULL,NULL,NULL,NULL,NULL,NULL,
122376673533,NULL,NULL,NULL,NULL,NULL,NULL,
122377673533,300000,247594,247359,247681,247027,247265,
122378173533,NULL,NULL,NULL,NULL,NULL,NULL,
122378673533,11632,12976,14066,24129,31440,13738,
122379173533,1267,1685,3265,4785,6863,8890,
122379673533,1277,1612,2760,4769,6659,8759,
122380173533,1131,1575,2745,4708,6772,8729,
122383173533,1239,1449,2973,4790,6742,8834,
122384173533,1675,11870,3548,4819,6734,8767,
122384673533,1462,1346,3312,4901,6648,8763,
122385173533,1407,1324,2671,4919,6720,8724,
122386673533,102291,2144,2919,4729,6947,8940,
122387173533,1188,1326,2833,5062,6744,8742,
122389673533,1242,1415,2838,4958,6676,8661,
122391673533,52111,1563,2962,5361,7026,9257,
122392673533,1153,1456,2809,5000,6958,9134,
122393173533,1722,11761,3000,4792,7657,8857,
122393673533,44554,1628,2932,4684,6842,8836,
122394673533,281442,1421,2987,4857,6876,8958,
122395173533,1435,1314,2818,4948,6730,8763,
122396673533,1166,1515,2786,4724,6837,8643,
122398173533,1425,1670,3086,4970,6880,8934,
122399173533,32010,1371,2840,4874,6808,9851,
122400173533,1408,1648,2620,4728,6915,8766,
122401673533,1450,1305,2982,4954,6728,8692,
122403673533,1553,1394,2745,4871,6741,9770,
122404673533,1903,1768,2836,4811,6683,8758,
122405673533,1420,1618,3139,4864,6949,8687,
122406173533,1125,1296,2823,4844,6744,8827,
122411673533,12597,1352,3379,4642,6763,8805,
122412673533,1115,1256,2968,4880,6788,8778,
122413173533,1449,1643,2771,4762,6714,8919,
122413673533,1372,1550,2790,4757,6698,8722,
122414673533,1646,11953,2958,4795,6826,8748,
122415173533,2848,1831,3322,5089,6714,8708,
122415673533,1294,1462,2804,4715,6728,8633,
122416173533,1218,1400,3139,4785,6715,8756,
122418173533,9351,1507,2776,4838,6791,8849,
122419673533,2429,1423,2833,4755,6710,8729,
122420173533,1161,1324,2696,5674,6773,8769,
122422173533,1231,1606,2707,4869,6801,8786,
122423673533,5388,1268,2900,5283,6836,8836,
122424173533,1163,1349,2794,4789,6739,8683,
122424673533,1381,1673,2879,4708,6766,8822,
122425173533,1739,1618,2846,4797,6720,9875,
122426173533,1178,1372,2803,4770,6698,8928,
122426673533,300000,1443,2868,4798,6799,8886,
122427673533,9700,1360,2768,4844,7276,8841,
122429173533,1633,12553,3055,4657,6848,8816,

