,W-0,R-0,R-1,R-2,R-3,R-4,
134468328070,1,1,1,1,1,1,
134468828070,1,2,1,1,1,1,
134469828070,1,2,1,1,1,1,
134470828070,1,2,2,2,2,1,
134471828070,1,2,2,1,1,1,
134475328070,1,2,1,1,1,1,
134475828070,1,2,1,1,1,1,
134476828070,1,2,2,2,1,2,
134480828070,1,2,1,1,1,1,
134483328070,1,2,1,1,1,1,
134484328070,1,2,2,1,1,1,
134485828070,1,2,1,1,1,1,
134486328070,1,2,1,1,1,1,
134486828070,1,2,2,1,1,1,
134489828070,1,2,1,1,1,1,
134490328070,1,2,2,2,1,2,
134490828070,1,2,1,1,1,1,
134491328070,1,2,1,1,1,1,
134492328070,1,2,1,1,1,1,
134495328070,1,2,1,1,1,1,
134497328070,1,2,2,1,1,1,
134497828070,1,2,1,1,1,1,
134498328070,1,2,1,1,1,1,
134499828070,1,2,1,1,1,1,
134500328070,1,2,2,1,1,1,
134502828070,1,2,1,1,2,1,
134503828070,1,2,1,1,1,1,
134504328070,1,2,2,2,2,2,
134506328070,1,2,2,1,1,1,
134507328070,1,2,2,2,2,2,
134507828070,1,2,1,1,1,1,
134508828070,1,2,1,1,1,1,
134509828070,1,2,1,1,1,1,
134510328070,1,2,1,1,1,1,
134511828070,1,2,1,1,1,1,
134513328070,1,2,1,1,1,1,
134513828070,1,2,2,2,2,1,
134516328070,1,2,2,1,1,1,
134516828070,1,2,1,1,1,1,
134517328070,1,2,1,1,1,1,
134518328070,1,2,1,1,1,1,
134518828070,1,2,1,1,1,1,
134519328070,1,2,1,1,1,1,
134520828070,1,2,1,1,1,1,
134521328070,1,2,2,1,1,2,
134522328070,1,2,1,1,1,1,
134522828070,1,2,1,1,1,1,
134523828070,1,2,1,1,1,1,
134524328070,1,2,1,2,1,1,
134524828070,1,2,2,1,1,1,
134525328070,1,2,1,1,2,1,
134526828070,1,2,1,1,1,1,
134528828070,1,2,1,1,1,1,
134529828070,1,2,2,2,2,2,
134530328070,1,2,1,1,1,1,
134530828070,1,2,1,1,1,1,
134531328070,1,2,1,1,1,1,
134532828070,1,2,1,1,1,1,
134535328070,1,2,2,1,1,1,
134535828070,1,2,2,2,2,2,
134536328070,1,2,2,2,2,2,
134537328070,1,2,1,1,1,1,
134538328070,1,2,1,2,2,1,
134538828070,1,2,1,1,1,1,
134539328070,1,2,1,1,1,1,
134539828070,1,2,2,1,1,1,
134540828070,1,2,2,2,2,2,
134542328070,1,2,2,2,1,2,
134542828070,1,2,2,1,1,1,
134543328070,1,2,1,1,1,1,
134543828070,1,2,1,2,2,1,
134545328070,1,2,2,2,2,1,
134546328070,1,2,1,1,1,1,
134546828070,1,2,2,1,2,1,
134547328070,1,2,1,1,1,1,
134547828070,1,2,1,1,1,1,
134548828070,1,2,2,1,1,1,
134549328070,1,2,1,1,1,1,
134553328070,1,2,1,1,1,1,
134553828070,1,2,2,1,1,1,
134555828070,1,2,2,1,1,1,
134556328070,1,2,1,1,1,1,
134556828070,1,2,1,1,1,1,
134557328070,1,2,2,2,2,2,
134558828070,1,2,1,1,1,1,
134559828070,1,2,1,1,1,1,
134562328070,1,2,1,1,1,1,
134562828070,1,2,1,1,1,1,
134563328070,1,2,2,1,1,1,
134563828070,1,2,1,1,1,1,
134564828070,1,2,2,1,1,1,
134565328070,1,2,2,2,2,2,
134565828070,1,2,1,1,1,1,
134569328070,1,2,1,1,1,1,
134569828070,1,2,1,1,1,1,
134570828070,1,2,1,2,1,1,
134573328070,1,2,1,1,1,1,
134573828070,1,2,2,1,1,1,
134575328070,1,2,1,1,2,1,
134576328070,1,2,2,2,2,1,
134576828070,1,2,2,1,1,1,
134577328070,1,2,1,2,2,1,
134578328070,1,2,1,1,2,1,
134579328070,1,2,1,1,1,1,
134580328070,1,2,2,2,1,1,
134581828070,1,2,2,2,2,1,
134582328070,1,2,1,1,1,1,
134583328070,1,2,2,2,1,1,
134583828070,1,2,1,1,1,1,
134584328070,1,2,1,1,1,1,
134584828070,1,2,1,1,1,1,
134585828070,1,2,1,1,1,1,
134586828070,1,2,1,1,1,1,
134587328070,1,2,2,1,1,1,
134587828070,1,2,2,2,2,2,
134588328070,1,2,1,1,1,1,
134590828070,1,2,1,1,1,1,
134591328070,1,2,1,1,2,1,
134593328070,1,2,2,1,1,1,
134593828070,1,2,2,1,1,1,
134594328070,1,2,2,2,2,2,
134595328070,1,2,2,2,1,2,
134595828070,1,2,1,1,1,1,
134599828070,1,2,1,1,1,1,
134600328070,1,2,1,1,1,1,
134601328070,1,2,2,2,1,1,
134603828070,1,2,1,1,1,1,
134604828070,1,2,2,2,2,1,
134605828070,1,2,2,1,1,1,
134607828070,1,2,1,1,1,1,
134608328070,1,2,2,1,1,2,
134608828070,1,2,1,1,1,1,
134609328070,1,2,2,1,1,2,
134610328070,1,2,2,1,1,1,
134610828070,1,2,1,1,1,1,
134611328070,1,2,1,1,1,1,
134612328070,1,2,1,1,1,1,
134612828070,1,2,1,1,1,1,
134613828070,1,2,1,1,1,1,
134614328070,1,2,1,1,1,1,
134614828070,1,2,2,2,1,1,
134616328070,1,2,2,2,2,1,
134617328070,1,2,2,1,1,1,
134619328070,1,2,2,1,1,1,
134619828070,1,2,1,1,1,1,
134620328070,1,2,1,1,1,1,
134620828070,1,2,1,1,1,1,
134621828070,1,2,2,2,1,1,
134622828070,1,2,2,2,1,1,
134623328070,1,2,1,1,2,2,
134624328070,1,2,2,1,2,1,
134624828070,1,2,1,1,1,1,
134625328070,1,2,1,1,1,1,
134625828070,1,2,1,1,1,1,
134626828070,1,2,2,2,1,1,
134627328070,1,2,1,1,1,1,
134628328070,1,2,2,2,1,1,
134628828070,1,2,1,1,1,1,
134629828070,1,2,1,1,1,2,
134630328070,1,2,1,1,1,1,
134631328070,1,2,2,1,1,1,
134631828070,1,2,1,1,1,1,
134634828070,1,2,1,1,1,1,
134636828070,1,2,1,1,1,1,
134637828070,1,2,1,1,1,1,
134638328070,1,2,1,1,1,1,
134638828070,1,2,2,1,1,1,
134639828070,1,2,1,1,1,1,
134640828070,1,2,1,1,1,1,
134641328070,1,2,2,1,1,1,
134641828070,1,2,1,1,1,1,
134642328070,1,2,1,1,1,1,
134642828070,1,2,1,1,1,1,
134644328070,1,2,1,1,1,1,
134645328070,1,2,1,1,1,1,
134645828070,1,2,1,1,1,1,
134648328070,1,2,1,1,1,1,
134649328070,1,2,1,1,1,1,
134650828070,1,2,1,1,1,1,
134651828070,1,2,1,1,1,1,
134652328070,1,2,2,1,2,2,
134653828070,1,2,1,1,1,1,
134656328070,1,2,2,2,2,2,
134656828070,1,2,1,1,1,1,
134657328070,1,2,1,1,1,1,
134658828070,1,2,1,1,1,1,
134659328070,1,2,2,2,2,2,
134661328070,1,2,2,2,1,2,
134661828070,1,2,1,1,1,1,
134662328070,1,2,2,2,2,2,
134663328070,1,2,2,2,2,2,
134664328070,1,2,1,1,1,1,
134664828070,1,2,1,1,1,1,
134665328070,1,2,2,2,1,1,
134665828070,1,2,2,1,1,1,
134666328070,1,2,1,1,1,1,
134666828070,1,2,1,1,1,1,
134667328070,1,2,2,1,1,1,
134668828070,1,2,1,1,1,1,
134670328070,1,2,1,2,1,2,
134672328070,1,2,1,1,1,1,
134673828070,1,2,1,1,1,1,
134674328070,1,2,1,1,1,1,
134675828070,1,2,1,1,1,1,
134676328070,1,2,1,1,1,1,
134678328070,1,2,2,2,1,1,
134679328070,1,2,2,1,2,2,
134680328070,1,2,1,1,1,2,
134680828070,1,2,2,2,2,2,
134681828070,1,2,1,1,1,1,
134682828070,1,2,2,2,2,2,
134683328070,1,2,2,1,1,1,
134683828070,1,2,2,1,1,1,
134686328070,1,2,2,1,1,1,
134689828070,1,2,1,1,1,1,
134690328070,1,2,1,1,1,1,
134690828070,1,2,1,1,1,1,
134691828070,1,2,1,1,1,1,
134692828070,1,2,1,1,1,1,
134693328070,1,2,1,1,1,1,
134694328070,1,2,1,1,1,1,
134694828070,1,2,1,1,1,1,
134695328070,1,2,1,1,1,1,
134695828070,1,2,2,2,2,1,
134697828070,1,2,1,1,1,1,
134698328070,1,2,1,1,1,1,
134699828070,1,2,1,1,1,1,
134700828070,1,2,2,1,1,1,
134706328070,1,2,2,1,1,1,
134708328070,1,2,2,2,1,1,
134709828070,1,2,2,1,1,1,
134712328070,1,2,1,1,1,1,
134714828070,1,2,2,2,1,2,
134715328070,1,2,1,1,1,1,
134715828070,1,2,2,2,2,2,
134716328070,1,2,2,2,2,1,
134717828070,1,2,1,2,1,1,
134718328070,1,2,1,1,1,1,
134718828070,1,2,1,1,1,1,
134719828070,1,2,2,1,1,1,
134720328070,1,2,2,1,1,1,
134720828070,1,2,1,1,2,1,
134721328070,1,2,1,1,1,1,
134722328070,1,2,2,1,1,1,
134722828070,1,2,2,1,1,1,
134723328070,1,2,1,2,1,1,
134723828070,1,2,1,1,1,1,
134724328070,1,2,1,1,1,1,
134724828070,1,2,1,1,1,1,
134726328070,1,2,1,2,1,2,
134726828070,1,2,2,1,1,1,
134728828070,1,2,1,1,1,1,
134729328070,1,2,1,1,1,1,
134730828070,1,2,1,1,1,1,
134731828070,1,2,2,1,1,1,
134734328070,1,2,1,1,1,2,
134734828070,1,2,2,2,2,2,
134735828070,1,2,1,1,1,1,
134737328070,1,2,1,1,1,1,
134738328070,1,2,2,1,1,1,
134740328070,1,2,2,1,1,1,
134740828070,1,2,2,1,1,1,
134741328070,1,2,1,1,1,1,
134741828070,1,2,2,1,1,2,
134742328070,1,2,2,2,2,1,
134743328070,1,2,2,2,2,2,
134744328070,1,2,2,1,1,1,
134744828070,1,2,1,1,1,1,
134745828070,1,2,1,1,1,1,
134746828070,1,2,2,1,2,2,
134747828070,1,2,1,1,1,1,
134748328070,1,2,2,2,2,2,
134750328070,1,2,2,1,2,2,
134750828070,1,2,1,1,1,1,
134751328070,1,2,2,1,1,1,
134751828070,1,2,2,2,2,1,
134753328070,1,2,1,1,1,1,
134753828070,1,2,1,1,1,1,
134755828070,1,2,1,2,2,1,
134756328070,1,2,1,1,1,1,
134758328070,1,2,2,1,1,1,
134759328070,1,2,1,1,1,1,
134759828070,1,2,1,1,1,2,
134760328070,1,2,1,1,1,1,
134760828070,1,2,2,1,1,1,
134761328070,1,2,1,1,1,1,
134762828070,1,2,2,2,2,2,
134764328070,1,2,2,1,1,1,
134764828070,1,2,1,1,1,1,
134765828070,1,2,1,1,1,1,
134766828070,1,2,1,1,1,1,
134767328070,1,2,2,1,1,1,
134769328070,1,2,2,1,1,1,
134769828070,1,2,1,1,1,1,
134770328070,1,2,1,1,1,1,
134770828070,1,2,2,1,1,1,
134771828070,1,2,1,1,1,1,
134773328070,1,2,1,1,1,1,
134774328070,1,2,1,1,1,1,
134774828070,1,2,1,1,1,1,
134775328070,1,2,2,2,2,2,
134775828070,1,2,1,1,1,1,
134776328070,1,2,1,1,1,1,
134777828070,1,2,2,2,2,2,
134778828070,1,2,1,1,1,1,
134779328070,1,2,2,2,1,2,
134780328070,1,2,1,1,1,1,
134780828070,1,2,2,2,1,1,
134781328070,1,2,1,1,1,1,
134782828070,1,2,2,1,1,1,
134783328070,1,2,1,1,1,1,
134784328070,1,2,2,1,2,1,
134785828070,1,2,2,1,1,1,
134786828070,1,2,1,1,1,1,
134787328070,1,2,1,1,1,1,
134787828070,1,2,1,1,1,1,
134789328070,1,2,1,1,1,1,
134789828070,1,2,1,1,1,1,
134791328070,1,2,1,1,1,1,
134792328070,1,2,1,1,1,1,
134792828070,1,2,1,1,1,1,
134793828070,1,2,1,1,1,1,
134794828070,1,2,2,1,1,1,
134795328070,1,2,2,1,2,1,
134795828070,1,2,1,1,1,1,
134797828070,1,2,1,1,1,1,
134798828070,1,2,2,2,2,1,
134799328070,1,2,1,1,1,1,
134799828070,1,2,1,1,1,1,
134800328070,1,2,2,2,2,2,
134801328070,1,2,2,1,1,1,
134801828070,1,2,2,1,1,1,
134802328070,1,2,1,1,1,1,
134802828070,1,2,1,1,1,1,
134803328070,1,2,1,1,1,1,
134803828070,1,2,2,2,2,2,
134804328070,1,2,1,1,1,1,
134804828070,1,2,2,1,1,1,
134805328070,1,2,2,2,1,1,
134805828070,1,2,1,1,1,1,
134806328070,1,2,1,1,1,1,
134807828070,1,2,2,1,1,1,
134809328070,1,2,1,1,1,1,
134809828070,1,2,2,1,1,1,
134810328070,1,2,2,1,1,1,
134810828070,1,2,2,1,1,1,
134811328070,1,2,2,2,2,1,
134812328070,1,2,2,1,1,1,
134812828070,1,2,2,2,1,1,
134816328070,1,2,1,1,1,1,
134816828070,1,2,2,1,2,1,
134817328070,1,2,1,1,1,1,
134817828070,1,2,2,2,2,2,
134818828070,1,2,1,2,1,2,
134819328070,1,2,1,1,1,1,
134819828070,1,2,1,1,1,1,
134821328070,1,2,1,1,1,1,
134824328070,1,2,1,2,1,1,
134826328070,1,2,2,1,1,1,
134828328070,1,2,1,1,1,1,
134828828070,1,2,1,1,1,1,
134829328070,1,2,1,1,1,1,
134830328070,1,2,2,1,1,1,
134830828070,1,2,1,1,1,1,
134832328070,1,2,1,1,1,1,
134833828070,1,2,2,1,1,1,
134834328070,1,2,1,1,1,1,
134835328070,1,2,2,2,2,2,
134836328070,1,2,1,2,1,1,
134836828070,1,2,1,1,1,1,
134837828070,1,2,1,1,1,1,
134839828070,1,2,1,1,1,1,
134840328070,1,2,1,1,1,1,
134840828070,1,2,1,1,1,1,
134841328070,1,2,1,1,1,1,
134842828070,1,2,1,1,1,1,
134844328070,1,2,1,1,1,1,
134844828070,1,2,1,1,1,1,
134845828070,1,2,1,1,1,1,
134846828070,1,2,2,2,2,2,
134847328070,1,2,2,1,1,2,
134847828070,1,2,1,1,1,1,
134848828070,1,2,1,2,2,2,
134849328070,1,2,2,2,2,2,
134849828070,1,2,1,1,1,1,
134850328070,1,2,1,1,1,1,
134850828070,1,2,1,1,2,2,
134851328070,1,2,1,1,1,1,
134852328070,1,2,1,2,1,1,
134852828070,1,2,2,1,1,1,
134853328070,1,2,2,2,2,2,
134853828070,1,2,1,1,1,1,
134855828070,1,2,1,1,1,1,
134856828070,1,2,1,1,1,1,
134857828070,1,2,1,1,1,1,
134859828070,1,2,1,1,1,1,
134862328070,1,2,1,1,1,1,
134863328070,1,2,1,1,1,1,
134863828070,1,2,1,1,1,1,
134864328070,1,2,2,2,1,1,
134865328070,1,2,2,1,1,1,
134866328070,1,2,1,1,1,1,
134866828070,1,2,2,1,1,1,
134867328070,1,2,1,1,1,1,
134867828070,1,2,2,1,1,1,
134868328070,1,2,1,1,1,1,
134869328070,1,2,1,1,1,1,
134869828070,1,2,2,2,2,2,
134871328070,1,2,1,1,1,1,
134872328070,1,2,1,1,1,1,
134876828070,1,2,1,1,1,1,
134877328070,1,2,1,1,1,1,
134878328070,1,2,1,1,1,1,
134878828070,1,2,1,1,1,1,
134879328070,1,2,1,2,1,1,
134880328070,1,2,1,1,1,1,
134881828070,1,2,2,1,1,1,
134882328070,1,2,1,1,2,1,
134883328070,1,2,1,1,1,1,
134883828070,1,2,2,2,1,1,
134884328070,1,2,2,1,1,1,
134884828070,1,2,1,1,1,1,
134885328070,1,2,2,2,2,2,
134886328070,1,2,2,1,1,1,
134886828070,1,2,1,1,1,1,
134887328070,1,2,2,1,1,1,
134887828070,1,2,1,1,1,1,
134888328070,1,1,1,1,1,1,
134888828070,1,2,1,1,1,1,
134891828070,1,2,2,2,1,1,
134892828070,1,2,1,1,1,1,
134893328070,1,2,1,1,1,1,
134893828070,1,2,1,1,1,1,
134895328070,1,2,1,2,1,1,
134895828070,1,2,1,1,1,1,
134898328070,1,2,1,1,1,1,
134900328070,1,2,2,2,2,1,
134901328070,1,2,1,1,1,1,
134901828070,1,2,1,1,1,1,
134902328070,1,2,2,2,1,2,
134903328070,1,2,1,1,1,1,
134903828070,1,2,2,1,1,2,
134905328070,1,2,2,2,1,1,
134906828070,1,2,1,1,1,1,
134907828070,1,2,1,1,1,1,
134908828070,1,2,2,2,2,2,
134910328070,1,2,1,1,1,1,
134912328070,1,2,1,1,1,1,
134913328070,1,2,2,2,2,2,
134914328070,1,2,1,1,1,1,
134914828070,1,2,2,1,1,1,
134920328070,1,2,2,2,1,1,
134921328070,1,2,1,1,1,1,
134921828070,1,2,1,1,1,1,
134922328070,1,2,1,1,1,1,
134923328070,1,2,1,1,1,1,
134923828070,1,2,1,1,1,1,
134924328070,1,2,1,1,1,1,
134924828070,1,2,1,1,1,1,
134926828070,1,2,2,2,2,1,
134928328070,1,2,2,1,1,1,
134928828070,1,2,1,1,2,2,
134930828070,1,2,2,2,1,1,
134932328070,1,2,1,1,1,1,
134932828070,1,2,1,1,1,1,
134933328070,1,2,2,2,2,2,
134933828070,1,2,1,1,1,1,
134934828070,1,2,1,1,1,1,
134935328070,1,2,2,2,2,2,
134936328070,1,2,1,1,1,1,
134937828070,1,2,1,1,1,1,

