,W-0,R-0,R-1,R-2,R-3,R-4,
135661624463,1,1,1,1,1,1,
135662124463,1,2,2,1,1,1,
135663124463,1,2,1,1,1,1,
135664124463,1,2,1,1,1,1,
135665124463,1,2,2,1,1,1,
135668624463,1,2,1,1,1,1,
135669124463,1,2,1,1,1,1,
135670124463,1,2,1,1,1,1,
135674124463,1,2,1,1,1,1,
135676624463,1,2,1,1,1,1,
135677624463,1,2,2,1,1,1,
135679124463,1,2,2,2,1,2,
135679624463,1,2,1,1,1,1,
135680124463,1,2,2,2,1,1,
135683124463,1,2,1,1,1,1,
135683624463,1,2,1,1,1,1,
135684124463,1,2,2,1,1,1,
135684624463,1,2,1,1,1,1,
135685624463,1,2,1,1,1,1,
135688624463,1,2,1,1,1,1,
135690624463,1,2,1,1,2,2,
135691124463,1,2,2,1,1,1,
135691624463,1,2,1,1,1,1,
135693124463,1,2,2,1,1,1,
135693624463,1,2,1,1,1,1,
135696124463,1,2,1,1,2,2,
135697124463,1,2,1,1,1,1,
135697624463,1,2,2,2,2,2,
135699624463,1,2,2,1,1,1,
135700624463,1,2,1,1,1,1,
135701124463,1,2,1,1,1,1,
135702124463,1,2,1,1,1,1,
135703124463,1,2,2,1,1,1,
135703624463,1,2,1,1,1,1,
135705124463,1,2,1,1,2,1,
135706624463,1,2,1,1,1,1,
135707124463,1,2,1,1,1,1,
135709624463,1,2,2,2,2,1,
135710124463,1,2,1,1,1,1,
135710624463,1,2,1,1,1,1,
135711624463,1,2,2,1,1,1,
135712124463,1,2,2,2,1,2,
135712624463,1,2,1,1,1,1,
135714124463,1,2,2,1,2,2,
135714624463,1,2,2,1,1,1,
135715624463,1,2,1,1,1,1,
135716124463,1,2,2,1,1,1,
135717124463,1,2,2,1,1,1,
135717624463,1,2,1,1,1,1,
135718124463,1,2,1,1,1,1,
135718624463,1,2,1,1,1,1,
135720124463,1,2,2,1,1,1,
135722124463,1,2,2,1,2,2,
135723124463,1,2,2,2,2,2,
135723624463,1,2,1,1,1,1,
135724124463,1,2,1,1,1,1,
135724624463,1,2,2,2,1,1,
135726124463,1,2,2,1,1,1,
135728624463,1,2,1,1,1,1,
135729124463,1,2,1,1,1,1,
135729624463,1,2,2,2,2,1,
135730624463,1,2,2,1,1,1,
135731624463,1,2,1,1,1,1,
135732124463,1,2,1,1,1,1,
135732624463,1,2,2,2,2,2,
135733124463,1,2,1,1,1,1,
135734124463,1,2,1,1,1,1,
135735624463,1,2,1,1,1,1,
135736124463,1,2,2,1,1,1,
135736624463,1,2,1,1,1,1,
135737124463,1,2,1,1,1,1,
135738624463,1,2,1,1,1,1,
135739624463,1,2,2,1,2,1,
135740124463,1,2,1,2,1,1,
135740624463,1,2,1,1,1,1,
135741124463,1,2,1,1,1,1,
135742124463,1,2,1,1,1,1,
135742624463,1,2,2,1,1,1,
135746624463,1,2,1,1,1,1,
135747124463,1,2,2,1,1,1,
135749124463,1,2,1,1,1,1,
135749624463,1,2,2,1,1,1,
135750124463,1,2,1,1,1,1,
135750624463,1,2,2,1,1,1,
135752124463,1,2,1,1,1,1,
135753124463,1,2,1,1,1,1,
135755624463,1,2,2,1,1,1,
135756124463,1,2,2,2,2,1,
135756624463,1,2,1,1,1,1,
135757124463,1,2,1,1,1,1,
135758124463,1,2,1,1,1,1,
135758624463,1,2,2,1,1,1,
135759124463,1,2,1,1,1,1,
135762624463,1,2,1,1,1,1,
135763124463,1,2,1,1,1,1,
135764124463,1,2,1,1,1,1,
135766624463,1,2,2,1,1,1,
135767124463,1,2,2,1,1,1,
135768624463,1,2,1,1,1,1,
135769624463,1,2,2,1,1,1,
135770124463,1,2,1,1,1,1,
135770624463,1,2,2,1,2,1,
135771624463,1,2,2,2,2,1,
135772624463,1,2,1,1,1,1,
135773624463,1,2,1,2,2,1,
135775124463,1,2,2,1,1,1,
135775624463,1,2,1,1,1,1,
135776624463,1,2,2,1,1,1,
135777124463,1,2,2,2,1,2,
135777624463,1,2,1,1,1,1,
135778124463,1,2,1,1,1,1,
135779124463,1,2,1,2,1,2,
135780124463,1,2,1,1,1,1,
135780624463,1,2,1,1,1,1,
135781124463,1,2,1,1,1,1,
135781624463,1,2,1,1,2,1,
135784124463,1,2,2,2,1,2,
135784624463,1,2,2,2,2,2,
135786624463,1,2,2,1,2,1,
135787124463,1,2,1,1,1,1,
135787624463,1,2,2,1,1,1,
135788624463,1,2,1,1,1,1,
135789124463,1,2,2,1,1,1,
135793124463,1,2,1,1,1,1,
135793624463,1,2,2,1,1,1,
135794624463,1,2,2,1,1,1,
135797124463,1,2,1,1,1,1,
135798124463,1,2,2,2,2,1,
135799124463,1,2,2,2,2,1,
135801124463,1,2,2,1,1,1,
135801624463,1,2,1,1,1,1,
135802124463,1,2,2,2,2,2,
135802624463,1,2,1,1,1,1,
135803624463,1,2,1,1,1,1,
135804124463,1,2,1,1,1,1,
135804624463,1,2,1,1,1,1,
135805624463,1,2,2,1,1,1,
135806124463,1,2,1,1,1,1,
135807124463,1,2,1,1,1,1,
135807624463,1,2,1,1,1,1,
135808124463,1,2,2,2,2,1,
135809624463,1,2,1,1,2,1,
135810624463,1,2,1,1,1,1,
135812624463,1,2,1,1,1,1,
135813124463,1,2,1,1,1,1,
135813624463,1,2,1,1,1,1,
135814124463,1,2,1,1,1,1,
135815124463,1,2,2,1,2,1,
135816124463,1,2,2,1,1,1,
135816624463,1,2,1,1,1,1,
135817624463,1,2,2,2,2,2,
135818124463,1,2,2,1,1,1,
135818624463,1,2,1,1,1,1,
135819124463,1,2,1,1,1,1,
135820124463,1,2,1,1,2,1,
135820624463,1,2,2,2,2,1,
135821624463,1,2,1,1,1,1,
135822124463,1,2,1,2,1,1,
135823124463,1,2,1,1,1,1,
135823624463,1,2,2,1,1,1,
135824624463,1,2,2,1,1,1,
135825124463,1,2,2,2,1,1,
135828124463,1,2,1,1,1,1,
135830124463,1,2,1,1,1,1,
135831124463,1,2,1,1,1,1,
135831624463,1,2,1,1,1,1,
135832124463,1,2,1,1,1,1,
135833124463,1,2,2,2,1,2,
135834124463,1,2,2,1,1,1,
135834624463,1,2,1,1,1,1,
135835124463,1,2,1,1,1,1,
135835624463,1,2,1,1,1,1,
135836124463,1,2,1,1,1,1,
135837624463,1,2,1,2,1,1,
135838624463,1,2,1,1,1,1,
135839124463,1,2,1,1,1,1,
135841624463,1,2,2,1,1,1,
135842624463,1,2,2,1,1,1,
135844124463,1,2,1,1,1,1,
135845124463,1,2,1,1,1,1,
135845624463,1,2,1,1,1,1,
135847124463,1,2,2,1,1,1,
135849624463,1,2,1,1,1,1,
135850124463,1,2,1,1,1,1,
135850624463,1,2,1,1,1,1,
135852124463,1,2,2,1,1,1,
135852624463,1,2,1,1,1,1,
135854624463,1,2,1,1,1,1,
135855124463,1,2,2,2,2,2,
135855624463,1,2,2,2,2,2,
135856624463,1,2,2,2,2,2,
135857624463,1,2,2,2,2,2,
135858124463,1,2,2,1,2,2,
135858624463,1,2,2,1,2,1,
135859124463,1,2,1,1,1,1,
135859624463,1,2,1,1,1,1,
135860124463,1,2,1,2,2,2,
135860624463,1,2,1,1,1,1,
135862124463,1,2,2,2,1,1,
135863624463,1,2,1,1,1,1,
135865624463,1,2,1,1,1,1,
135867124463,1,2,2,1,1,1,
135867624463,1,2,1,1,1,1,
135869124463,1,2,1,1,1,1,
135869624463,1,2,2,1,1,2,
135871624463,1,2,1,1,1,1,
135872624463,1,2,1,1,1,1,
135873624463,1,2,1,2,1,1,
135874124463,1,2,2,1,1,1,
135875124463,1,2,2,2,2,1,
135876124463,1,2,1,1,1,1,
135876624463,1,2,2,2,2,2,
135877124463,1,2,1,1,1,1,
135879624463,1,2,2,1,2,1,
135883124463,1,2,1,1,1,1,
135883624463,1,2,1,1,1,1,
135884124463,1,2,2,2,2,1,
135885124463,1,2,1,1,1,1,
135886124463,1,2,2,2,1,1,
135886624463,1,2,2,1,1,1,
135887624463,1,2,2,1,1,1,
135888124463,1,2,1,1,1,1,
135888624463,1,2,2,2,1,1,
135889124463,1,2,2,2,2,2,
135891124463,1,1,1,1,1,1,
135891624463,1,2,1,1,1,1,
135893124463,1,2,1,1,1,1,
135894124463,1,2,1,1,1,1,
135899624463,1,2,2,2,1,1,
135901624463,1,2,1,1,1,1,
135903124463,1,2,1,1,1,1,
135905624463,1,2,2,1,1,1,
135908124463,1,2,1,1,1,1,
135908624463,1,2,1,1,1,1,
135909124463,1,2,2,1,1,1,
135909624463,1,2,2,2,1,1,
135911124463,1,2,1,1,1,1,
135911624463,1,2,1,1,1,1,
135912124463,1,2,1,1,1,1,
135913124463,1,2,1,1,1,1,
135913624463,1,2,2,1,2,2,
135914124463,1,2,1,1,1,1,
135914624463,1,2,1,2,2,1,
135915624463,1,2,2,1,1,1,
135916124463,1,2,1,1,1,1,
135916624463,1,2,1,1,1,1,
135917124463,1,2,1,1,1,1,
135917624463,1,2,1,1,1,1,
135918124463,1,2,1,1,1,1,
135919624463,1,2,2,1,2,1,
135920124463,1,2,1,1,1,1,
135922124463,1,2,1,1,1,1,
135922624463,1,2,1,1,1,1,
135924124463,1,2,1,1,1,1,
135925124463,1,2,2,2,2,1,
135927624463,1,2,2,1,1,1,
135928124463,1,2,2,1,1,1,
135929124463,1,2,1,1,1,1,
135930624463,1,2,1,1,1,1,
135931624463,1,2,1,1,1,1,
135933624463,1,2,1,1,1,1,
135934124463,1,2,1,1,1,1,
135934624463,1,2,1,1,1,1,
135935124463,1,2,2,2,2,2,
135935624463,1,2,1,1,1,1,
135936624463,1,1,1,1,1,1,
135937624463,1,2,1,1,1,1,
135938124463,1,2,1,1,1,1,
135939124463,1,2,2,1,2,1,
135940124463,1,2,1,1,1,1,
135941124463,1,2,1,1,1,1,
135941624463,1,2,2,1,2,2,
135943624463,1,2,2,1,1,1,
135944124463,1,2,2,1,2,1,
135944624463,1,2,1,1,1,1,
135945124463,1,2,1,2,1,2,
135946624463,1,2,1,1,1,1,
135947124463,1,2,1,1,1,1,
135949124463,1,2,2,2,1,1,
135949624463,1,2,2,1,1,1,
135951624463,1,2,1,1,1,1,
135952624463,1,2,2,1,2,1,
135953124463,1,2,1,1,1,1,
135953624463,1,2,1,1,1,1,
135954124463,1,2,1,1,1,1,
135954624463,1,2,1,1,1,1,
135956124463,1,2,1,1,1,1,
135957624463,1,2,1,1,1,1,
135958124463,1,2,2,2,1,1,
135959124463,1,2,2,2,1,1,
135960124463,1,2,1,1,1,1,
135960624463,1,2,1,1,1,1,
135962624463,1,2,1,1,1,1,
135963124463,1,2,2,2,1,1,
135963624463,1,2,1,1,1,1,
135964124463,1,2,1,1,1,1,
135965124463,1,2,2,2,2,2,
135966624463,1,2,1,2,2,1,
135967624463,1,2,2,2,1,1,
135968124463,1,2,1,1,1,1,
135968624463,1,2,2,2,1,1,
135969124463,1,2,1,1,1,1,
135969624463,1,2,1,1,1,1,
135971124463,1,2,2,2,1,2,
135972124463,1,2,2,2,1,1,
135972624463,1,2,1,1,1,1,
135973624463,1,2,2,1,1,1,
135974124463,1,2,2,1,1,1,
135974624463,1,2,2,1,1,1,
135976124463,1,2,1,1,1,1,
135976624463,1,2,2,1,1,1,
135977624463,1,2,1,1,1,1,
135979124463,1,2,1,1,1,1,
135980124463,1,2,2,2,2,2,
135980624463,1,2,1,1,1,1,
135981124463,1,2,2,1,1,1,
135982624463,1,2,2,1,1,1,
135983124463,1,2,1,1,1,1,
135984624463,1,2,1,1,1,1,
135985624463,1,2,2,1,1,1,
135986124463,1,2,1,1,1,1,
135987124463,1,2,1,1,1,1,
135988124463,1,2,1,2,2,2,
135988624463,1,2,1,1,1,1,
135989124463,1,2,2,2,1,2,
135991124463,1,2,2,1,1,1,
135992124463,1,2,1,1,1,1,
135992624463,1,2,2,1,1,1,
135993124463,1,2,1,1,1,1,
135993624463,1,2,2,2,1,2,
135994624463,1,2,2,1,1,1,
135995124463,1,2,1,2,2,1,
135995624463,1,2,1,1,1,1,
135996124463,1,2,1,1,1,1,
135996624463,1,2,1,1,1,1,
135997124463,1,2,1,1,1,1,
135997624463,1,2,1,1,1,1,
135998124463,1,2,1,1,1,1,
135998624463,1,2,1,2,1,1,
135999124463,1,2,2,1,1,1,
135999624463,1,2,1,1,1,1,
136001124463,1,2,2,1,1,1,
136002624463,1,2,1,2,2,2,
136003124463,1,2,1,1,1,1,
136003624463,1,2,1,2,1,1,
136004124463,1,2,1,1,1,1,
136004624463,1,2,1,1,1,1,
136005624463,1,2,1,1,1,1,
136006124463,1,2,2,1,1,1,
136009624463,1,2,2,1,1,1,
136010124463,1,2,1,1,1,1,
136010624463,1,2,2,1,1,1,
136011124463,1,2,1,1,1,1,
136012124463,1,2,1,1,1,1,
136012624463,1,2,2,1,1,1,
136013124463,1,2,2,2,2,2,
136014624463,1,2,2,1,1,1,
136017624463,1,2,1,1,1,1,
136019624463,1,2,1,1,1,1,
136021624463,1,2,2,1,1,1,
136022124463,1,2,1,1,1,1,
136022624463,1,2,2,1,1,1,
136023624463,1,2,2,2,1,2,
136024124463,1,2,2,1,1,1,
136025624463,1,2,1,1,1,1,
136027124463,1,2,2,1,1,1,
136027624463,1,2,1,1,1,1,
136028624463,1,2,2,1,1,1,
136029624463,1,2,1,1,2,1,
136030124463,1,2,1,1,1,1,
136031124463,1,2,1,1,1,1,
136033124463,1,2,1,1,1,1,
136033624463,1,2,1,1,1,1,
136034124463,1,2,1,1,1,1,
136034624463,1,2,2,1,2,2,
136036124463,1,2,2,1,1,1,
136037624463,1,2,2,1,1,1,
136038124463,1,2,2,2,1,2,
136039124463,1,2,2,1,1,2,
136040124463,1,2,1,1,1,1,
136040624463,1,2,2,1,1,1,
136041124463,1,2,1,1,1,1,
136042124463,1,2,2,1,1,1,
136042624463,1,2,1,1,1,1,
136043124463,1,2,1,1,1,1,
136043624463,1,2,1,1,2,1,
136044124463,1,2,1,1,1,1,
136044624463,1,2,2,2,2,2,
136045624463,1,2,1,1,1,1,
136046124463,1,2,1,1,1,1,
136046624463,1,2,1,1,1,1,
136047124463,1,2,1,1,1,1,
136049124463,1,2,1,1,1,1,
136050124463,1,2,1,1,1,1,
136051124463,1,2,2,1,1,1,
136053124463,1,2,2,1,2,1,
136055624463,1,2,1,1,1,1,
136056624463,1,2,1,1,1,1,
136057124463,1,2,1,2,1,1,
136057624463,1,2,2,1,1,1,
136058624463,1,2,1,1,1,1,
136059624463,1,2,1,1,1,1,
136060124463,1,2,1,1,1,1,
136060624463,1,2,1,2,2,1,
136061124463,1,2,1,1,1,1,
136061624463,1,2,1,1,1,1,
136062624463,1,2,1,1,1,1,
136063124463,1,2,1,1,1,1,
136064624463,1,2,1,1,1,1,
136065624463,1,2,1,1,1,1,
136070124463,1,2,1,1,1,1,
136070624463,1,2,1,1,1,1,
136071624463,1,2,1,1,1,1,
136072124463,1,2,1,1,1,1,
136072624463,1,2,1,1,1,1,
136073624463,1,2,2,2,2,2,
136075124463,1,2,1,1,1,1,
136075624463,1,2,2,2,2,2,
136076624463,1,2,1,1,1,1,
136077124463,1,2,2,1,2,2,
136077624463,1,2,1,1,1,1,
136078124463,1,2,2,1,1,1,
136078624463,1,2,2,1,2,2,
136079624463,1,2,1,1,1,1,
136080124463,1,2,2,1,1,1,
136080624463,1,2,1,1,1,1,
136081124463,1,2,2,1,1,1,
136081624463,1,2,1,1,1,1,
136082124463,1,2,2,2,1,1,
136085124463,1,2,1,1,1,1,
136086124463,1,2,1,1,1,1,
136086624463,1,2,1,1,1,1,
136087124463,1,2,1,1,1,1,
136088624463,1,2,1,1,1,1,
136089124463,1,2,2,1,2,2,
136091624463,1,2,2,1,1,1,
136093624463,1,2,1,1,1,1,
136094624463,1,2,2,1,1,2,
136095124463,1,2,1,1,1,1,
136095624463,1,2,1,1,1,1,
136096624463,1,2,1,1,2,1,
136097124463,1,2,1,1,1,1,
136098624463,1,2,1,1,1,1,
136100124463,1,2,1,2,2,2,
136101124463,1,2,2,1,1,1,
136102124463,1,2,1,1,1,1,
136103624463,1,2,2,1,1,1,
136105624463,1,2,1,1,1,1,
136106624463,1,2,1,1,1,1,
136107624463,1,2,1,1,1,1,
136108124463,1,2,2,2,1,1,
136113624463,1,2,1,1,1,1,
136114624463,1,2,2,1,1,1,
136115124463,1,2,1,1,1,1,
136115624463,1,2,1,1,1,1,
136116624463,1,2,1,1,1,1,
136117124463,1,2,1,1,1,1,
136117624463,1,2,1,1,1,1,
136118124463,1,2,2,2,2,2,
136120124463,1,2,2,1,1,1,
136121624463,1,2,2,1,1,1,
136122124463,1,2,1,1,1,1,
136124124463,1,2,1,1,1,1,
136125624463,1,2,1,1,1,1,
136126124463,1,2,1,1,1,1,
136126624463,1,2,1,2,2,1,
136127124463,1,2,1,1,1,1,
136128124463,1,2,1,1,1,1,
136128624463,1,2,1,1,1,1,
136129624463,1,2,1,1,1,1,
136131124463,1,2,1,1,1,1,

