,W-0,R-0,R-1,R-2,R-3,R-4,
118388926706,1922,14866,14583,4849,11112,10562,
118389426706,1971,12632,25153,6810,18952,9019,
118390426706,128046,12507,3154,5065,7068,9124,
118391426706,1445,12042,3145,5590,6976,8921,
118392426706,1545,12206,3183,5147,7146,9025,
118395926706,100821,NULL,NULL,NULL,NULL,NULL,
118396426706,10481,13545,4415,16051,21629,8878,
118397426706,1660,12012,14551,4824,6841,8871,
118401426706,1604,12360,3092,5011,6901,8794,
118403926706,1473,12136,2959,4968,6919,8829,
118404926706,1550,NULL,NULL,NULL,NULL,NULL,
118406426706,1241,12119,3616,5422,7029,8718,
118406926706,1726,14114,15152,16124,6981,8867,
118407426706,1242,NULL,NULL,NULL,NULL,NULL,
118410426706,1151,11934,3844,4848,6744,8700,
118410926706,1998,11811,13536,4944,6732,8619,
118411426706,1979,12167,13723,5056,6819,8925,
118411926706,1598,12205,2889,4775,6866,8798,
118412926706,1525,12609,3208,4896,7012,8991,
118415926706,1100,NULL,NULL,NULL,NULL,NULL,
118417926706,1256,12023,13475,15421,6625,8726,
118418426706,1362,12253,2640,26402,6680,19396,
118418926706,1225,12500,2777,4674,6753,8957,
118420426706,1576,12122,13704,4694,6647,8957,
118420926706,1285,11852,2896,4885,6791,8759,
118423426706,1286,12410,13790,4897,6853,8822,
118424426706,42475,12422,3363,5128,7128,8712,
118424926706,56958,12097,13771,4856,6799,8908,
118426926706,1694,12214,2867,4988,6758,8904,
118427926706,1641,12389,3057,4969,7019,8720,
118428426706,1572,12259,2893,4905,6801,8734,
118429426706,1513,11787,13850,6360,6701,8989,
118430426706,1613,12144,2959,4985,6755,8735,
118430926706,5527,15796,16403,16251,7344,8729,
118432426706,1483,11969,2874,4699,7394,8691,
118433926706,3501,12786,13988,4774,6847,8722,
118434426706,1583,12375,2821,4874,6950,8779,
118436926706,1432,NULL,NULL,NULL,NULL,NULL,
118437426706,1135,12023,2674,5213,6827,8910,
118437926706,1369,12055,2612,4617,7086,8609,
118438926706,1004,11815,2964,4659,6577,8640,
118439426706,11155,23088,14510,15543,17701,19603,
118439926706,1366,12040,3148,4688,6676,9441,
118441426706,1422,11929,2864,4778,6846,8931,
118441926706,1407,11836,13592,4906,7041,8804,
118442926706,1613,11834,13738,4853,17560,19780,
118443426706,1201,11417,2803,4776,6972,8712,
118444426706,1572,12087,13600,4759,6903,8828,
118444926706,1582,12089,3014,4772,6708,8756,
118445426706,1285,11723,13547,4839,6998,8802,
118445926706,1849,12265,2809,4855,6819,9011,
118447426706,1371,11898,2869,4714,6747,8758,
118449426706,1604,12360,3017,5163,6964,9100,
118450426706,1549,12012,3053,4818,6886,8664,
118450926706,3692,11929,13849,15437,6820,8788,
118451426706,1698,12127,3162,28056,6906,19927,
118451926706,1451,23173,3101,4898,17819,8921,
118453426706,1406,11903,2745,4885,6843,8750,
118455926706,83527,12368,3113,4912,6791,8780,
118456426706,1031,12200,13701,4863,6776,8876,
118456926706,1449,11962,2901,4767,7974,9066,
118457926706,NULL,NULL,NULL,NULL,NULL,NULL,
118458926706,1258,41863,30869,45744,47750,10381,
118459426706,1565,22468,17756,7357,22622,22869,
118459926706,1340,22258,23901,15593,17618,29836,
118460426706,1205,11739,4075,4682,6619,8718,
118461426706,1349,11969,2742,4781,6904,8912,
118462926706,1575,12191,13715,4981,7542,9065,
118463426706,1387,11979,13741,4917,6812,8731,
118463926706,1557,11654,2689,4790,6831,8705,
118464426706,5684,11790,2919,4622,10651,10765,
118465926706,1282,12358,2695,4698,6710,8727,
118466926706,1488,12154,2777,4898,6857,9048,
118467426706,8403,12146,3035,4855,6783,8753,
118467926706,1538,12063,24402,47985,6985,19552,
118468426706,36505,22698,13884,26546,41404,8868,
118469426706,1488,11778,3240,4835,6849,8704,
118469926706,1552,23009,14245,16226,6949,19588,
118473926706,1475,12009,3449,4690,6759,8698,
118474426706,2156,12096,13923,15812,6914,8725,
118476426706,1695,11995,3215,4746,6764,8741,
118476926706,1393,11820,13518,4693,6712,19517,
118477426706,1632,11793,13495,4853,6943,8790,
118477926706,117742,12014,13184,5159,6652,8687,
118479426706,1402,11923,2767,4664,6668,8660,
118480426706,1408,11868,2702,4647,6674,8682,
118482926706,1974,11842,2883,4825,6875,8907,
118483426706,1713,11840,13908,4915,17724,8850,
118483926706,1198,11606,2770,4731,6674,8657,
118484426706,175881,12386,47381,38227,40100,20076,
118485426706,1771,11959,3501,4728,6693,8693,
118485926706,1344,11971,2975,4800,6742,8796,
118486426706,1419,11924,25558,4685,6923,19615,
118489926706,1495,12900,3183,4834,6818,8784,
118490426706,3046,11887,3254,4700,6663,8751,
118491426706,NULL,NULL,NULL,NULL,NULL,NULL,
118493926706,1146,12088,23829,15681,59865,83089,
118494426706,1268,33264,24376,37455,6617,19441,
118495926706,1195,11640,13858,4922,6817,8707,
118496926706,1855,11903,13577,4844,6738,9648,
118497426706,1427,11909,2816,4824,6881,8830,
118497926706,1419,12041,2867,4795,6752,8839,
118498926706,1815,NULL,NULL,NULL,NULL,NULL,
118499926706,1287,22676,13453,15762,38860,19537,
118500926706,1023,11818,3092,4622,6802,8678,
118502426706,1197,12004,2736,4751,6700,8681,
118502926706,12085,22379,24180,15435,17512,30172,
118503926706,1218,11719,2850,4889,6764,8660,
118504426706,1399,11984,2788,4778,6743,8778,
118504926706,1032,NULL,NULL,NULL,NULL,NULL,
118505426706,1090,11862,2838,4784,6592,8765,
118506426706,1236,11382,2841,4622,6621,8694,
118507426706,1119,11634,2671,4817,6834,8813,
118507926706,1488,12086,3372,4646,6824,8721,
118508426706,1102,11881,13424,4553,6706,8644,
118508926706,1197,12413,2689,4647,6793,8616,
118511426706,1371,22710,2882,15769,6875,19564,
118511926706,1209,11870,2817,4672,6765,8825,
118513926706,1122,12165,13610,4914,6809,8716,
118514426706,1514,11870,13584,15465,17566,19585,
118514926706,1480,12378,13714,4723,6830,8672,
118515926706,1377,11959,2825,4827,7577,8836,
118516426706,1502,33072,3214,15732,28196,19488,
118520426706,1401,11907,2932,4701,6661,8767,
118520926706,1253,11730,2679,4699,6686,8649,
118521926706,1282,11799,13808,4884,6676,8747,
118524426706,1329,11857,24708,4899,17671,8761,
118525426706,1411,22472,2653,4628,6768,30256,
118526426706,1348,12009,14011,15730,6752,19528,
118528426706,1203,11428,2743,4712,6734,8667,
118528926706,1492,12363,3368,4999,7070,8928,
118529426706,1233,11886,2944,4701,6770,8732,
118529926706,1184,11876,2684,4680,6739,8730,
118530926706,1591,11732,13453,4741,6796,8734,
118531426706,1399,11470,2700,4815,6749,9145,
118531926706,1230,12126,13595,4746,6888,9057,
118532926706,1355,12105,2894,15591,17402,19399,
118533426706,1235,11910,2824,4727,6695,8663,
118534426706,1495,11996,3005,4831,6826,8862,
118534926706,1647,22284,24054,4843,6824,31281,
118535426706,38464,11973,2798,5281,6891,8754,
118536926706,1348,11892,2700,4804,6851,8728,
118537926706,1220,22421,13546,15350,6686,8651,
118539926706,58996,11489,13447,4731,6754,8652,
118540426706,1354,11911,13416,4613,6818,8742,
118540926706,1118,33004,2846,15934,81405,9111,
118541426706,1428,11847,13528,4803,6941,8709,
118542426706,1262,11927,2730,4584,6928,8678,
118543426706,1077,22671,2846,26279,18571,19740,
118543926706,1750,11903,3206,4702,6776,8703,
118544926706,1475,54688,2905,16031,17641,8674,
118545426706,1330,11816,2773,5164,6677,8683,
118545926706,1466,12456,2999,4744,6618,8919,
118546426706,1909,12472,13765,4762,6759,8807,
118547426706,1540,12096,2786,4633,6712,8636,
118547926706,1244,11810,2696,4693,6786,8703,
118548926706,1168,11473,13488,4832,6947,8684,
118549426706,1634,12276,13821,4942,6951,8654,
118550426706,1481,12169,2953,4742,7131,9060,
118550926706,1354,12125,2784,5292,6878,8679,
118551926706,1475,11815,2769,4808,6702,8841,
118552426706,4525,15362,14793,16134,6756,8652,
118555426706,1448,11682,3014,4649,6736,8985,
118557426706,1178,NULL,NULL,NULL,NULL,NULL,
118558426706,1387,12157,3186,4761,6836,8636,
118558926706,1168,11988,2648,4688,6751,8788,
118559426706,2108,12864,13416,4665,6632,8636,
118560426706,1185,11941,2649,4617,6674,8637,
118561426706,19919,19570,20871,19734,30203,19938,
118561926706,1242,11901,13500,4962,6796,8807,
118562426706,1379,12016,2780,4783,6823,8673,
118562926706,1611,11646,2758,4742,7601,8740,
118563426706,1401,11530,2846,4834,6663,8690,
118564926706,1203,11982,2785,4649,6827,8788,
118565926706,1215,11944,2849,4786,6897,9045,
118566426706,1527,11575,13451,4753,6837,8811,
118568926706,1810,12202,13909,15442,6676,8758,
118569926706,1216,11441,2927,5598,6789,8578,
118571426706,1233,11854,2817,4914,6879,8697,
118572426706,1166,11583,45481,15547,6687,41135,
118572926706,1508,11984,3061,4658,6609,8845,
118574426706,1289,12023,2683,4843,6639,8713,
118576926706,1382,12056,13653,4648,6754,8787,
118577426706,1443,11959,2779,4864,6931,8773,
118577926706,1573,11806,3066,4791,6620,8742,
118579426706,1248,11896,2856,4783,6704,8861,
118579926706,939,NULL,NULL,NULL,NULL,NULL,
118581926706,1156,11997,2685,4622,6612,8683,
118582426706,1368,11869,13461,4658,6819,8549,
118582926706,1406,12165,2820,4845,17814,9246,
118583926706,199988,11546,2864,4682,6679,8698,
118584926706,1226,11697,2808,4632,6711,8717,
118585426706,1452,11904,13585,4753,6662,8637,
118585926706,1191,32977,34843,15768,28036,19504,
118586426706,1443,11963,2996,4878,6743,8972,
118586926706,1682,12200,3246,4654,6907,8838,
118587426706,1361,11601,45659,15426,18493,19567,
118587926706,18280,12030,13536,15581,8431,8910,
118589426706,1611,11993,3126,4813,6752,8784,
118590926706,1650,12045,14096,5063,6792,8698,
118592926706,1395,12020,2831,4712,6954,8733,
118594426706,1398,11843,2765,4762,6745,8734,
118594926706,1353,11872,2888,4649,6618,8663,
118596426706,1523,12514,3088,5062,17696,8835,
118596926706,1382,11519,13435,15480,17888,8690,
118598926706,22606,11981,13739,4757,6672,8968,
118599926706,1386,12075,3109,4663,6705,8657,
118600926706,1574,11952,2912,4717,6810,9024,
118601426706,1493,12021,2856,4921,6793,9472,
118602426706,1212,NULL,NULL,NULL,NULL,NULL,
118603426706,1255,12148,13615,4634,6900,8716,
118603926706,1157,11436,13531,4543,6571,8649,
118604426706,1199,11531,2708,4679,6629,8598,
118606926706,12479,11756,2820,15451,28151,29937,
118610426706,12492,11632,2758,5193,17451,8980,
118610926706,1240,11973,2735,4657,6636,8844,
118611426706,1548,11970,3099,15864,17539,19447,
118612426706,1586,NULL,NULL,NULL,NULL,NULL,
118613426706,1634,12209,2662,5020,7799,8702,
118613926706,1452,12019,13559,4691,6850,8634,
118614926706,189629,11821,2887,4879,6507,8545,
118615426706,1188,11388,2608,4608,6613,8557,
118615926706,1134,11591,2780,4655,6679,8519,
118616426706,1183,11874,13547,15561,17713,19513,
118618426706,1598,11681,13358,4762,6842,8899,
118618926706,1190,11435,13452,4753,6659,19462,
118620426706,1468,11796,13453,15471,6745,8749,
118621426706,1352,12059,3354,4714,6837,8877,
118626926706,1739,11791,13616,15420,6704,8712,
118628926706,1643,12555,2920,4735,6760,8687,
118630426706,1356,12152,13518,4803,7101,9017,
118632926706,1392,11910,2948,5048,6711,8871,
118635426706,1462,11529,2974,4934,6781,8669,
118635926706,1266,11886,2854,9176,8477,9063,
118636426706,2770,12961,13894,4718,6612,8754,
118636926706,1512,12150,13500,4656,6765,8923,
118638426706,1451,11870,2918,4736,6680,8649,
118638926706,1371,11979,2888,4635,6696,8692,
118639426706,10234,11704,13739,15658,17624,19916,
118640426706,1511,23041,13636,15804,6661,30897,
118640926706,1258,11841,13194,5080,6880,8626,
118641426706,1293,11985,2862,4761,6850,8681,
118641926706,1488,11646,13552,16073,6968,8696,
118642926706,1455,13974,2856,4740,6871,8809,
118643426706,1343,11700,2793,4584,6736,8641,
118643926706,1537,12148,3058,4701,6939,8928,
118644426706,1539,11688,2867,4806,6764,8986,
118644926706,176703,12103,3011,4821,6656,9090,
118645426706,1417,11547,13564,5267,6860,8674,
118646926706,1161,11619,13490,4748,39267,8634,
118647426706,1259,11796,2863,4762,6630,8668,
118649426706,1469,12097,3396,4741,7019,8879,
118649926706,1677,11462,13505,4894,6663,9027,
118651426706,1273,11795,2679,4856,6746,8899,
118652426706,80047,11679,13703,4754,6804,8698,
118654926706,1412,11727,2762,4779,6683,8719,
118655426706,1176,11715,2860,4746,6920,8703,
118656426706,8946,12261,2805,4837,6785,9049,
118657926706,1170,11748,2747,4640,6635,8677,
118658926706,3531,12135,13961,4868,6709,8839,
118660926706,1658,11726,13354,15555,17550,8895,
118661426706,1501,11995,14054,4783,7046,8779,
118661926706,1174,11523,3404,4708,6846,8693,
118662426706,1208,11830,2758,5093,6668,8706,
118662926706,1439,12025,2952,4741,6832,8853,
118663926706,1419,22696,2920,26471,6755,19750,
118664926706,1145,11690,2786,4646,6644,8648,
118665426706,1414,11791,13404,4801,6643,8665,
118666426706,1521,12004,13524,4921,6770,8663,
118667426706,2528,12432,3337,15899,7001,19711,
118668426706,1059,11562,2774,4782,6855,8725,
118668926706,12379,11915,2786,4738,6668,8718,
118670926706,1245,11814,13644,4875,7025,8792,
118671426706,1230,11896,3248,4671,6660,8635,
118671926706,1809,11897,3170,4658,6794,8748,
118672426706,1548,12077,13694,15701,17404,19863,
118673926706,1351,11887,2683,4666,6743,8719,
118674426706,7848,12283,2802,4864,7677,8898,
118676426706,1394,11966,2905,4751,6689,8749,
118676926706,1536,11704,14071,4980,6874,8689,
118678926706,1501,12275,3189,4979,6858,8859,
118679926706,1368,11964,2691,4709,6708,8729,
118680426706,1190,11723,2931,4615,6656,8828,
118680926706,1503,11900,3186,4905,6885,8732,
118681426706,9492,12581,13630,15628,17368,19398,
118681926706,1371,11820,3467,4963,6921,9029,
118683426706,1519,11982,13860,4754,6629,8653,
118684926706,1274,11965,3044,4741,6642,8614,
118685426706,156396,12067,3002,5139,6878,8835,
118686426706,1459,12157,2863,4813,6837,8789,
118687426706,1273,11875,13499,4713,6822,8691,
118687926706,3540,12074,2798,4758,6802,8736,
118689926706,1240,12056,2876,4752,6659,8663,
118690426706,1522,11482,6624,8230,7207,8933,
118690926706,1149,11641,2983,4653,6640,8985,
118691426706,1181,22665,2958,15464,6654,8745,
118692426706,1451,11935,3411,4810,6829,8856,
118693926706,1365,11889,2862,4651,6745,19767,
118694926706,1227,12815,14680,4687,17339,19617,
118695426706,13773,11835,2769,4643,6613,8648,
118695926706,1829,11803,13986,15390,6946,8840,
118696426706,1225,12766,2807,4747,6652,9180,
118696926706,1278,11717,2921,4707,6673,8715,
118698426706,1225,11752,3334,4700,6600,8696,
118699426706,2047,11855,13614,4690,17546,8813,
118699926706,1661,12043,2987,4801,6703,8908,
118700926706,52757,54560,67034,58018,59796,62144,
118701426706,1435,12062,3131,4741,7043,8872,
118701926706,1267,11664,2782,4790,6746,8760,
118703426706,1442,12015,3052,15470,6797,8815,
118703926706,1646,12054,13423,4673,6694,8656,
118704926706,1266,11915,2804,4847,7432,8752,
118706426706,1212,11945,13800,4972,6621,8760,
118707426706,1371,11907,13408,4713,6781,8717,
118707926706,1664,12398,3652,4835,6794,8988,
118708426706,1268,12681,13644,4742,6644,8729,
118709926706,1132,11617,2710,4660,6677,8684,
118710426706,1456,12159,2859,4796,6780,8704,
118711926706,10524,12042,13885,4700,6662,8790,
118712926706,2156,12074,13851,4782,6598,8837,
118713426706,1565,12102,2972,4966,7092,9191,
118714426706,1470,11815,3193,4855,6739,8908,
118715426706,68498,11748,3470,4705,6747,8651,
118715926706,1504,11695,13559,4670,6869,8754,
118716426706,1631,11865,13686,4694,6851,8746,
118718426706,1416,22548,2698,15675,6663,19550,
118719426706,1233,12560,2795,4837,6914,8710,
118719926706,1151,11747,2882,4689,6691,8957,
118720426706,1399,11918,13488,4728,6742,8724,
118720926706,1417,11864,13911,4736,6772,8877,
118721926706,1645,12337,13929,5464,6740,8716,
118722426706,1374,12013,2966,37473,6970,8772,
118722926706,1398,11893,2874,4876,6981,8767,
118723426706,1234,11719,2888,4668,6759,8655,
118723926706,1287,11921,2824,4772,6952,8962,
118724426706,13236,22701,46133,37235,17568,19639,
118724926706,1177,11861,2955,4798,6818,8837,
118725426706,1147,33101,2847,26126,6732,8756,
118725926706,1227,NULL,NULL,NULL,NULL,NULL,
118726426706,1438,12107,3470,4764,6577,8985,
118726926706,1566,22789,13462,15417,17360,8632,
118728426706,1879,12082,13435,4604,6518,8742,
118729926706,1126,11770,2769,5067,6807,8699,
118730426706,1261,11873,13465,4714,6651,8744,
118730926706,1751,12254,13622,4687,17742,9062,
118731426706,2077,12240,14033,4763,6744,8679,
118731926706,1115,11396,2905,5622,6961,8818,
118732926706,134580,11926,3048,4747,6759,8725,
118733426706,1274,11637,13579,4822,6782,9168,
118736926706,1129,11968,2769,4661,6743,8653,
118737426706,1541,12203,2779,4752,6743,8820,
118737926706,57925,11416,2861,4727,6782,8687,
118738426706,1649,11756,3183,4947,6648,8641,
118739426706,1533,12283,2971,4705,6660,8824,
118739926706,1739,12363,3127,4645,7534,8841,
118740426706,1134,11622,2782,4740,6750,8904,
118741926706,30556,12084,13637,4840,6875,8751,
118744926706,1271,11858,2862,4771,6753,8693,
118746926706,1371,11885,13469,15576,17531,8642,
118748926706,1645,12269,3123,4678,6760,8611,
118749426706,1279,11859,13580,4753,17414,8725,
118749926706,1483,12025,2826,4782,6840,8916,
118750926706,1382,12080,2743,5439,6849,8843,
118751426706,1448,11970,13733,4978,6874,8894,
118752926706,1509,11727,13549,4794,6700,8710,
118754426706,1263,76210,56138,58060,71284,52031,
118754926706,1245,11914,2858,15488,6850,19381,
118755926706,1345,11857,13498,4702,6847,8831,
118756926706,1505,12042,13479,15547,6770,8687,
118757426706,1181,11918,2792,5101,7055,8725,
118758426706,1502,13382,24378,4755,6763,19663,
118760426706,1257,11778,13628,4683,6709,8670,
118760926706,1456,12048,2868,4785,6906,8657,
118761426706,1745,12500,2987,4794,6694,8668,
118761926706,1433,12150,13669,4860,6865,8842,
118763426706,1291,11965,2776,4672,7249,8794,
118764926706,1492,11991,2956,4748,6754,8855,
118765426706,1669,12224,3059,15628,6649,8778,
118766426706,1626,12186,13679,4829,6966,8715,
118767426706,1508,11825,2981,4775,6883,8701,
118767926706,2475,12808,13936,5082,7152,9506,
118768426706,1509,12017,24399,26475,18703,19354,
118769426706,57948,12018,2950,4768,6759,9019,
118769926706,1194,11843,2776,4811,6758,8717,
118770426706,1278,11747,2945,4854,6670,8654,
118770926706,1246,11783,3006,4743,6670,8690,
118771426706,1468,11987,13754,4752,6779,8742,
118771926706,1333,11863,2729,4719,18706,8735,
118772926706,1162,11522,2784,4636,6749,8650,
118773426706,1291,11923,2844,4704,6794,8773,
118773926706,1533,23331,14031,27422,6671,8672,
118774426706,1129,11432,2835,4686,6998,8676,
118776426706,1184,11841,2906,4757,6751,8758,
118777426706,1482,11837,2706,4640,6798,8659,
118778426706,1519,12144,13714,15728,17727,8775,
118780426706,1620,12063,13617,15415,6804,9028,
118782926706,1263,11952,2855,5190,6748,8707,
118783926706,1280,11943,2689,4731,6792,8719,
118784426706,1507,11914,2974,5055,6923,8897,
118784926706,66474,12515,3279,4879,6817,8763,
118785926706,15112,11644,2887,4830,6900,8959,
118786926706,1531,12466,3077,37191,17681,9188,
118787426706,1345,11984,3056,4697,6766,8813,
118787926706,158549,12159,3082,4780,6656,8786,
118788426706,181778,11654,2871,4778,6817,8760,
118788926706,1421,12122,13600,15611,17287,8716,
118789926706,1385,11830,2658,4657,6667,8740,
118790426706,1265,11786,2876,4650,6649,8655,
118791926706,6526,12900,3225,5083,28513,19809,
118792926706,1385,12015,3017,4757,6698,8895,
118797426706,1381,12894,2790,4756,6703,8815,
118797926706,1558,11818,3018,4743,6968,8795,
118798926706,1332,11997,2960,4775,6882,8765,
118799426706,1479,12390,2827,4718,6913,8738,
118799926706,1534,12173,2929,4941,6755,8702,
118800926706,2479,12194,13676,4662,6778,8787,
118802426706,1276,11948,3050,4820,6690,8777,
118802926706,1424,11936,13710,4849,6811,8715,
118803926706,1431,66255,67814,47355,49987,63275,
118804426706,1955,12408,3111,4672,7467,8831,
118804926706,1660,12142,2686,4766,6873,8729,
118805426706,1211,11414,2923,4788,6671,8609,
118805926706,1380,11403,2991,4621,6695,8701,
118806926706,3788,11949,2934,4791,6849,8872,
118807426706,1271,11967,13777,4693,6756,8693,
118807926706,1330,11952,2824,4706,6677,8635,
118808426706,1375,11909,2678,5065,6949,8788,
118808926706,1351,11526,2894,4760,6779,8719,
118809426706,1247,11656,13814,5136,6856,8710,
118812426706,1233,11958,2749,4655,6654,8805,
118813426706,1199,11933,2794,4711,6778,8722,
118813926706,5629,11669,2670,4663,6659,8744,
118814426706,1374,11852,24905,4710,28213,41086,
118815926706,1490,12019,3125,4845,6761,8743,
118816426706,1519,12141,3023,4827,6691,8896,
118818926706,1489,11849,2801,4694,6755,8699,
118820926706,1416,NULL,NULL,NULL,NULL,NULL,
118821926706,1126,11997,3217,4814,7170,8972,
118822426706,1214,11445,2562,4559,6600,8648,
118822926706,1239,11785,13614,4596,6702,8555,
118823926706,1124,11282,13613,15173,6614,8569,
118824426706,4445,15460,6075,4948,7426,8628,
118825926706,1106,22381,2662,15389,6698,19427,
118827426706,2391,11927,3343,4890,6983,8744,
118828426706,1148,12048,2885,4956,6869,8739,
118829426706,1490,11975,13372,4574,6778,8664,
118830926706,6774,22433,24424,26076,17758,19583,
118832926706,1258,13090,2918,4629,6626,8625,
118833926706,1453,11955,2938,4933,6784,8765,
118834926706,4438,12102,2896,4722,6895,8935,
118835426706,44969,22485,2880,4900,17400,19412,
118840926706,1513,23224,13679,15865,71353,40784,
118841926706,17042,11797,3204,4672,6697,8691,
118842426706,1102,11579,2767,4711,6759,8810,
118842926706,1213,11809,2934,15728,6712,19395,
118843926706,1448,11535,2958,5010,6861,9273,
118844426706,1195,11707,13642,26399,17355,19539,
118844926706,1277,12632,2912,4933,6887,8674,
118845426706,1629,12151,13487,15402,6697,8813,
118847426706,1437,11658,13512,15424,6810,19725,
118848926706,1542,12709,2893,5010,6852,8775,
118849426706,1228,11878,2777,4750,6749,8648,
118851426706,1252,11874,13601,4936,6814,9104,
118852926706,1575,11758,13498,4706,6770,8730,
118853426706,1138,11675,2927,4757,7366,8790,
118853926706,1251,11833,2649,4810,6644,8748,
118854426706,1930,11814,13451,4962,7060,8863,
118855426706,118665,12050,2947,4684,6805,8723,
118855926706,1268,11764,13417,4682,6700,9019,
118856926706,1382,11883,3458,4837,6641,9029,
118858426706,5755,12527,2924,4919,6772,8676,

