,W-0,R-0,R-1,R-2,R-3,R-4,
126126696843,1,2,1,1,1,1,
126127196843,1,1,1,1,1,1,
126128196843,1,1,1,1,1,1,
126129196843,1,1,1,1,1,1,
126130196843,1,2,1,1,1,1,
126133696843,1,2,1,1,1,1,
126134196843,1,1,1,1,1,1,
126135196843,1,1,1,1,1,1,
126139196843,1,2,1,1,1,1,
126141696843,1,1,1,1,1,1,
126142696843,1,2,1,1,1,1,
126144196843,1,2,1,1,1,1,
126144696843,1,2,1,1,1,1,
126145196843,1,2,1,1,1,1,
126148196843,1,2,1,1,1,1,
126148696843,1,2,1,1,1,1,
126149196843,1,1,1,1,1,1,
126149696843,1,1,1,1,1,1,
126150696843,1,2,1,1,1,1,
126153696843,1,1,1,1,1,1,
126155696843,1,1,1,1,1,1,
126156196843,1,1,1,1,1,1,
126156696843,1,1,1,1,1,1,
126158196843,1,2,2,2,2,2,
126158696843,1,1,1,1,1,1,
126161196843,1,1,1,1,1,1,
126162196843,1,1,1,1,1,1,
126162696843,1,1,1,1,1,1,
126164696843,1,1,1,1,1,1,
126165696843,1,1,1,1,1,1,
126166196843,1,2,1,1,1,1,
126167196843,1,2,1,1,1,1,
126168196843,1,2,1,1,1,1,
126168696843,1,2,1,1,1,1,
126170196843,1,2,1,1,1,1,
126171696843,1,2,1,1,1,1,
126172196843,1,2,1,1,1,1,
126174696843,1,2,1,1,1,1,
126175196843,1,2,2,2,2,2,
126175696843,1,2,2,2,2,2,
126176696843,1,1,1,1,1,1,
126177196843,1,1,1,1,1,1,
126177696843,1,2,2,2,2,2,
126179196843,1,2,1,1,1,1,
126179696843,1,2,1,1,1,1,
126180696843,1,1,1,1,1,1,
126181196843,1,2,1,1,1,1,
126182196843,1,2,1,1,1,1,
126182696843,1,1,1,1,1,1,
126183196843,1,2,1,1,1,1,
126183696843,1,1,1,1,1,1,
126185196843,1,1,1,1,1,1,
126187196843,1,2,1,1,1,1,
126188196843,1,1,1,1,1,1,
126188696843,1,1,1,1,1,1,
126189196843,1,2,1,1,1,1,
126189696843,1,2,1,1,1,1,
126191196843,1,2,1,1,1,1,
126193696843,1,2,1,1,1,1,
126194196843,1,2,1,1,1,1,
126194696843,1,1,1,1,1,1,
126195696843,1,1,1,1,1,1,
126196696843,1,2,1,1,1,1,
126197196843,1,2,1,1,1,1,
126197696843,1,1,1,1,1,1,
126198196843,1,1,1,1,1,1,
126199196843,1,2,1,1,1,1,
126200696843,1,2,1,1,1,1,
126201196843,1,1,1,1,1,1,
126201696843,1,2,1,1,1,1,
126202196843,1,2,1,1,1,1,
126203696843,1,1,1,1,1,1,
126204696843,1,1,1,1,1,1,
126205196843,1,2,1,1,1,1,
126205696843,1,2,1,1,1,1,
126206196843,1,2,1,1,1,1,
126207196843,1,1,1,1,1,1,
126207696843,1,1,1,1,1,1,
126211696843,1,2,1,1,1,1,
126212196843,1,1,1,1,1,1,
126214196843,1,1,1,1,1,1,
126214696843,1,2,1,1,1,1,
126215196843,1,1,1,1,1,1,
126215696843,1,1,1,1,1,1,
126217196843,1,2,1,1,1,1,
126218196843,1,1,1,1,1,1,
126220696843,1,1,1,1,1,1,
126221196843,1,2,1,1,1,1,
126221696843,1,1,1,1,1,1,
126222196843,1,1,1,1,1,1,
126223196843,1,2,1,1,1,1,
126223696843,1,1,1,1,1,1,
126224196843,1,2,1,1,1,1,
126227696843,1,2,1,1,1,1,
126228196843,1,2,1,1,1,1,
126229196843,1,2,1,1,1,1,
126231696843,1,2,1,1,1,1,
126232196843,1,2,1,1,1,1,
126233696843,1,2,1,1,1,1,
126234696843,1,1,1,1,1,1,
126235196843,1,2,1,1,1,1,
126235696843,1,2,1,1,1,1,
126236696843,1,2,1,1,1,1,
126237696843,1,1,1,1,1,1,
126238696843,1,1,1,1,1,1,
126240196843,1,2,1,1,1,1,
126240696843,1,1,1,1,1,1,
126241696843,1,2,1,1,1,1,
126242196843,1,2,1,1,1,1,
126242696843,1,2,1,1,1,1,
126243196843,1,1,1,1,1,1,
126244196843,1,1,1,1,1,1,
126245196843,1,2,1,1,1,1,
126245696843,1,1,1,1,1,1,
126246196843,1,2,1,1,1,1,
126246696843,1,1,1,1,1,1,
126249196843,1,2,1,1,1,1,
126249696843,1,1,1,1,1,1,
126251696843,1,1,1,1,1,1,
126252196843,1,2,1,1,1,1,
126252696843,1,2,1,1,1,1,
126253696843,1,1,1,1,1,1,
126254196843,1,1,1,1,1,1,
126258196843,1,2,1,1,1,1,
126258696843,1,1,1,1,1,1,
126259696843,1,1,1,1,1,1,
126262196843,1,1,1,1,1,1,
126263196843,1,2,1,1,1,1,
126264196843,1,2,1,1,1,1,
126266196843,1,1,1,1,1,1,
126266696843,1,2,1,1,1,1,
126267196843,1,2,1,1,1,1,
126267696843,1,2,1,1,1,1,
126268696843,1,1,1,1,1,1,
126269196843,1,2,1,1,1,1,
126269696843,1,1,1,1,1,1,
126270696843,1,2,1,1,1,1,
126271196843,1,1,1,1,1,1,
126272196843,1,2,1,1,1,1,
126272696843,1,2,1,1,1,1,
126273196843,1,2,1,1,1,1,
126274696843,1,2,2,2,1,1,
126275696843,1,1,1,1,1,1,
126277696843,1,1,1,1,1,1,
126278196843,1,2,1,1,1,1,
126278696843,1,2,2,2,2,2,
126279196843,1,1,1,1,1,1,
126280196843,1,1,1,1,1,1,
126281196843,1,2,1,1,1,1,
126281696843,1,1,1,1,1,1,
126282696843,1,2,1,1,1,1,
126283196843,1,1,1,1,1,1,
126283696843,1,2,1,1,1,1,
126284196843,1,1,1,1,1,1,
126285196843,1,2,2,2,2,2,
126285696843,1,2,2,2,2,2,
126286696843,1,2,1,1,1,1,
126287196843,1,1,1,1,1,1,
126288196843,1,2,1,1,1,1,
126288696843,1,1,1,1,1,1,
126289696843,1,1,1,1,1,1,
126290196843,1,1,1,1,1,1,
126293196843,1,1,1,1,1,1,
126295196843,1,2,1,1,1,1,
126296196843,1,2,1,1,1,1,
126296696843,1,2,1,1,1,1,
126297196843,1,2,1,1,1,1,
126298196843,1,1,1,1,1,1,
126299196843,1,1,1,1,1,1,
126299696843,1,1,1,1,1,1,
126300196843,1,1,1,1,1,1,
126300696843,1,2,1,1,1,1,
126301196843,1,1,1,1,1,1,
126302696843,1,1,1,1,1,1,
126303696843,1,1,1,1,1,1,
126304196843,1,1,1,1,1,1,
126306696843,1,1,1,1,1,1,
126307696843,1,1,1,1,1,1,
126309196843,1,1,1,1,1,1,
126310196843,1,1,1,1,1,1,
126310696843,1,2,1,1,1,1,
126312196843,1,1,1,1,1,1,
126314696843,1,1,1,1,1,1,
126315196843,1,1,1,1,1,1,
126315696843,1,1,1,1,1,1,
126317196843,1,1,1,1,1,1,
126317696843,1,2,2,2,2,2,
126319696843,1,1,1,1,1,1,
126320196843,1,1,1,1,1,1,
126320696843,1,1,1,1,1,1,
126321696843,1,1,1,1,1,1,
126322696843,1,1,1,1,1,1,
126323196843,1,2,2,2,1,1,
126323696843,1,2,1,1,1,1,
126324196843,1,1,1,1,1,1,
126324696843,1,2,1,1,1,1,
126325196843,1,1,1,1,1,1,
126325696843,1,1,1,1,1,1,
126327196843,1,2,1,1,1,1,
126328696843,1,1,1,1,1,1,
126330696843,1,1,1,1,1,1,
126332196843,1,1,1,1,1,1,
126332696843,1,1,1,1,1,1,
126334196843,1,1,1,1,1,1,
126334696843,1,2,1,1,1,1,
126336696843,1,1,1,1,1,1,
126337696843,1,2,1,1,1,1,
126338696843,1,1,1,1,1,1,
126339196843,1,2,1,1,1,1,
126340196843,1,1,1,1,1,1,
126341196843,1,2,1,1,1,1,
126341696843,1,2,1,1,1,1,
126342196843,1,1,1,1,1,1,
126344696843,1,1,1,1,1,1,
126348196843,1,1,1,1,1,1,
126348696843,1,1,1,1,1,1,
126349196843,1,1,1,1,1,1,
126350196843,1,2,1,1,1,1,
126351196843,1,1,1,1,1,1,
126351696843,1,1,1,1,1,1,
126352696843,1,2,1,1,1,1,
126353196843,1,2,1,1,1,1,
126353696843,1,2,1,1,1,1,
126354196843,1,1,1,1,1,1,
126356196843,1,1,1,1,1,1,
126356696843,1,1,1,1,1,1,
126358196843,1,2,1,1,1,1,
126359196843,1,2,1,1,1,1,
126364696843,1,1,1,1,1,1,
126366696843,1,2,1,1,1,1,
126368196843,1,1,1,1,1,1,
126370696843,1,1,1,1,1,1,
126373196843,1,2,1,1,1,1,
126373696843,1,2,1,1,1,1,
126374196843,1,1,1,1,1,1,
126374696843,1,2,1,1,1,1,
126376196843,1,2,1,1,1,1,
126376696843,1,1,1,1,1,1,
126377196843,1,1,1,1,1,1,
126378196843,1,1,1,1,1,1,
126378696843,1,1,1,1,1,1,
126379196843,1,1,1,1,1,1,
126379696843,1,1,1,1,1,1,
126380696843,1,1,1,1,1,1,
126381196843,1,1,1,1,1,1,
126381696843,1,1,1,1,1,1,
126382196843,1,2,1,1,1,1,
126382696843,1,1,1,1,1,1,
126383196843,1,1,1,1,1,1,
126384696843,1,1,1,1,1,1,
126385196843,1,2,1,1,1,1,
126387196843,1,1,1,1,1,1,
126387696843,1,1,1,1,1,1,
126389196843,1,2,2,1,1,1,
126390196843,1,1,1,1,1,1,
126392696843,1,1,1,1,1,1,
126393196843,1,1,1,1,1,1,
126394196843,1,1,1,1,1,1,
126395696843,1,1,1,1,1,1,
126396696843,1,1,1,1,1,1,
126398696843,1,1,1,1,1,1,
126399196843,1,1,1,1,1,1,
126399696843,1,1,1,1,1,1,
126400196843,1,2,1,1,1,1,
126400696843,1,1,1,1,1,1,
126401696843,1,1,1,1,1,1,
126402696843,1,1,1,1,1,1,
126403196843,1,1,1,1,1,1,
126404196843,1,1,1,1,1,1,
126405196843,1,1,1,1,1,1,
126406196843,1,1,1,1,1,1,
126406696843,1,1,1,1,1,1,
126408696843,1,1,1,1,1,1,
126409196843,1,2,1,1,1,1,
126409696843,1,2,1,1,1,1,
126410196843,1,1,1,1,1,1,
126411696843,1,1,1,1,1,1,
126412196843,1,1,1,1,1,1,
126414196843,1,1,1,1,1,1,
126414696843,1,1,1,1,1,1,
126416696843,1,1,1,1,1,1,
126417696843,1,1,1,1,1,1,
126418196843,1,1,1,1,1,1,
126418696843,1,1,1,1,1,1,
126419196843,1,1,1,1,1,1,
126419696843,1,1,1,1,1,1,
126421196843,1,1,1,1,1,1,
126422696843,1,1,1,1,1,1,
126423196843,1,1,1,1,1,1,
126424196843,1,1,1,1,1,1,
126425196843,1,2,1,1,1,1,
126425696843,1,1,1,1,1,1,
126427696843,1,1,1,1,1,1,
126428196843,1,1,1,1,1,1,
126428696843,1,1,1,1,1,1,
126429196843,1,1,1,1,1,1,
126430196843,1,2,1,1,1,1,
126431696843,1,2,1,1,1,1,
126432696843,1,1,1,1,1,1,
126433196843,1,2,1,1,1,1,
126433696843,1,2,1,1,1,1,
126434196843,1,1,1,1,1,1,
126434696843,1,1,1,1,1,1,
126436196843,1,1,1,1,1,1,
126437196843,1,1,1,1,1,1,
126437696843,1,1,1,1,1,1,
126438696843,1,1,1,1,1,1,
126439196843,1,1,1,1,1,1,
126439696843,1,1,1,1,1,1,
126441196843,1,2,1,1,1,1,
126441696843,1,1,1,1,1,1,
126442696843,1,1,1,1,1,1,
126444196843,1,2,1,1,1,1,
126445196843,1,1,1,1,1,1,
126445696843,1,1,1,1,1,1,
126446196843,1,2,1,1,1,1,
126447696843,1,2,1,1,1,1,
126448196843,1,1,1,1,1,1,
126449696843,1,1,1,1,1,1,
126450696843,1,2,1,1,1,1,
126451196843,1,1,1,1,1,1,
126452196843,1,1,1,1,1,1,
126453196843,1,2,1,1,1,1,
126453696843,1,1,1,1,1,1,
126454196843,1,1,1,1,1,1,
126456196843,1,1,1,1,1,1,
126457196843,1,2,1,1,1,1,
126457696843,1,2,1,1,1,1,
126458196843,1,2,1,1,1,1,
126458696843,1,1,1,1,1,1,
126459696843,1,1,1,1,1,1,
126460196843,1,1,1,1,1,1,
126460696843,1,1,1,1,1,1,
126461196843,1,1,1,1,1,1,
126461696843,1,1,1,1,1,1,
126462196843,1,1,1,1,1,1,
126462696843,1,1,1,1,1,1,
126463196843,1,1,1,1,1,1,
126463696843,1,1,1,1,1,1,
126464196843,1,1,1,1,1,1,
126464696843,1,1,1,1,1,1,
126466196843,1,1,1,1,1,1,
126467696843,1,1,1,1,1,1,
126468196843,1,1,1,1,1,1,
126468696843,1,1,1,1,1,1,
126469196843,1,1,1,1,1,1,
126469696843,1,1,1,1,1,1,
126470696843,1,1,1,1,1,1,
126471196843,1,1,1,1,1,1,
126474696843,1,1,1,1,1,1,
126475196843,1,2,1,1,1,1,
126475696843,1,2,1,1,1,1,
126476196843,1,2,1,1,1,1,
126477196843,1,1,1,1,1,1,
126477696843,1,1,1,1,1,1,
126478196843,1,1,1,1,1,1,
126479696843,1,1,1,1,1,1,
126482696843,1,2,1,1,1,1,
126484696843,1,1,1,1,1,1,
126486696843,1,2,1,1,1,1,
126487196843,1,1,1,1,1,1,
126487696843,1,1,1,1,1,1,
126488696843,1,2,1,1,1,1,
126489196843,1,1,1,1,1,1,
126490696843,1,1,1,1,1,1,
126492196843,1,1,1,1,1,1,
126492696843,1,1,1,1,1,1,
126493696843,1,2,1,1,1,1,
126494696843,1,1,1,1,1,1,
126495196843,1,1,1,1,1,1,
126496196843,1,2,1,1,1,1,
126498196843,1,1,1,1,1,1,
126498696843,1,1,1,1,1,1,
126499196843,1,1,1,1,1,1,
126499696843,1,2,1,1,1,1,
126501196843,1,2,1,1,1,1,
126502696843,1,1,1,1,1,1,
126503196843,1,1,1,1,1,1,
126504196843,1,2,1,1,1,1,
126505196843,1,2,1,1,1,1,
126505696843,1,1,1,1,1,1,
126506196843,1,1,1,1,1,1,
126507196843,1,2,1,1,1,1,
126507696843,1,1,1,1,1,1,
126508196843,1,2,1,1,1,1,
126508696843,1,1,1,1,1,1,
126509196843,1,1,1,1,1,1,
126509696843,1,1,1,1,1,1,
126510696843,1,1,1,1,1,1,
126511196843,1,1,1,1,1,1,
126511696843,1,1,1,1,1,1,
126512196843,1,1,1,1,1,1,
126514196843,1,2,1,1,1,1,
126515196843,1,2,1,1,1,1,
126516196843,1,2,1,1,1,1,
126518196843,1,1,1,1,1,1,
126520696843,1,1,1,1,1,1,
126521696843,1,1,1,1,1,1,
126522196843,1,1,1,1,1,1,
126522696843,1,1,1,1,1,1,
126523696843,1,1,1,1,1,1,
126524696843,1,2,1,1,1,1,
126525196843,1,1,1,1,1,1,
126525696843,1,1,1,1,1,1,
126526196843,1,1,1,1,1,1,
126526696843,1,1,1,1,1,1,
126527696843,1,2,1,1,1,1,
126528196843,1,1,1,1,1,1,
126529696843,1,1,1,1,1,1,
126530696843,1,1,1,1,1,1,
126535196843,1,1,1,1,1,1,
126535696843,1,1,1,1,1,1,
126536696843,1,1,1,1,1,1,
126537196843,1,1,1,1,1,1,
126537696843,1,2,1,1,1,1,
126538696843,1,1,1,1,1,1,
126540196843,1,1,1,1,1,1,
126540696843,1,1,1,1,1,1,
126541696843,1,1,1,1,1,1,
126542196843,1,1,1,1,1,1,
126542696843,1,2,1,1,1,1,
126543196843,1,2,1,1,1,1,
126543696843,1,1,1,1,1,1,
126544696843,1,1,1,1,1,1,
126545196843,1,2,1,1,1,1,
126545696843,1,2,1,1,1,1,
126546196843,1,1,1,1,1,1,
126546696843,1,1,1,1,1,1,
126547196843,1,2,1,1,1,1,
126550196843,1,2,1,1,1,1,
126551196843,1,1,1,1,1,1,
126551696843,1,1,1,1,1,1,
126552196843,1,1,1,1,1,1,
126553696843,1,1,1,1,1,1,
126554196843,1,2,1,1,1,1,
126556696843,1,1,1,1,1,1,
126558696843,1,1,1,1,1,1,
126559696843,1,1,1,1,1,1,
126560196843,1,2,1,1,1,1,
126560696843,1,1,1,1,1,1,
126561696843,1,1,1,1,1,1,
126562196843,1,2,1,1,1,1,
126563696843,1,2,1,1,1,1,
126565196843,1,1,1,1,1,1,
126566196843,1,1,1,1,1,1,
126567196843,1,1,1,1,1,1,
126568696843,1,1,1,1,1,1,
126570696843,1,1,1,1,1,1,
126571696843,1,1,1,1,1,1,
126572696843,1,1,1,1,1,1,
126573196843,1,2,1,1,1,1,
126578696843,1,1,1,1,1,1,
126579696843,1,1,1,1,1,1,
126580196843,1,2,1,1,1,1,
126580696843,1,2,1,1,1,1,
126581696843,1,2,1,1,1,1,
126582196843,1,2,1,1,1,1,
126582696843,1,2,1,1,1,1,
126583196843,1,2,1,1,1,1,
126585196843,1,1,1,1,1,1,
126586696843,1,2,1,1,1,1,
126587196843,1,1,1,1,1,1,
126589196843,1,2,1,1,1,1,
126590696843,1,1,1,1,1,1,
126591196843,1,2,1,1,1,1,
126591696843,1,1,1,1,1,1,
126592196843,1,1,1,1,1,1,
126593196843,1,2,1,1,1,1,
126593696843,1,2,1,1,1,1,
126594696843,1,1,1,1,1,1,
126596196843,1,1,1,1,1,1,

