,W-0,R-0,R-1,R-2,R-3,R-4,
123150780648,1656,3690,3187,6803,11926,11755,
123151280648,2488,13241,16988,16559,7072,10170,
123152280648,1831,12563,3055,4986,7090,9536,
123153280648,1801,12249,3449,5127,7044,9061,
123154280648,1844,12442,3196,6854,7433,8883,
123157780648,243040,258045,261564,276203,267548,254854,
123158280648,1758,12530,13891,4913,6775,8951,
123159280648,1931,23473,14570,26858,17868,9097,
123163280648,1860,12480,2877,5094,6973,9021,
123165780648,1700,12317,2856,4874,6842,8809,
123166780648,1694,12480,13816,4950,6914,8912,
123168280648,2015,13346,2935,5089,6868,8920,
123168780648,1727,12340,2983,4926,7122,8976,
123169280648,2020,12600,14113,4949,6935,9066,
123172280648,1623,12238,2944,5279,6835,8770,
123172780648,1527,34074,46447,4962,39495,41890,
123173280648,1596,12201,2939,4853,6823,9011,
123173780648,2806,12642,14097,5033,7033,9021,
123174780648,1586,13176,6740,10037,9780,9467,
123177780648,11749,12534,3058,4809,6817,9131,
123179780648,1882,12561,14260,16393,6744,9019,
123180280648,1659,12204,13800,4863,6944,9060,
123180780648,1574,12278,2896,4847,7048,9056,
123182280648,1705,12289,3146,4896,7058,9062,
123182780648,1525,12139,3113,4989,7025,9089,
123185280648,1457,12325,3234,4909,6971,8924,
123186280648,1525,11894,13802,6799,7812,9128,
123186780648,1787,12471,13751,15611,17963,20107,
123188780648,1686,12434,3110,5412,7166,8981,
123189780648,1434,12261,3095,16180,17794,9093,
123190280648,1592,12227,3128,4912,6972,8917,
123191280648,14770,12287,2950,4983,6886,9174,
123192280648,1666,12227,2898,5050,6843,8827,
123192780648,1492,12529,3012,5117,6936,9251,
123194280648,6996,12024,14027,4978,17674,9003,
123195780648,10925,11957,3201,4990,7026,9323,
123196280648,1829,12318,13851,4987,18548,9062,
123198780648,1748,12319,2888,4916,6798,8839,
123199280648,1476,12673,3108,5717,6829,8886,
123199780648,1560,11660,3330,4901,7086,9066,
123200780648,1858,12395,13908,5015,6894,8920,
123201280648,1691,12532,3042,4855,6891,9067,
123201780648,1858,12480,3203,5239,6787,8727,
123203280648,1619,12229,3495,4830,6924,9055,
123203780648,1465,33620,35560,5019,6955,8932,
123204780648,1276,12208,2932,6176,7046,8889,
123205280648,1831,12269,13977,4822,6924,8740,
123206280648,1744,12485,3070,5117,6776,8927,
123206780648,1570,12435,2890,5164,6780,8822,
123207280648,1535,11910,3118,5003,7009,8949,
123207780648,2432,12980,3069,4912,6848,9129,
123209280648,1780,12318,2989,5104,7080,9090,
123211280648,1725,12590,14113,16294,7170,20696,
123212280648,9774,11968,13535,4730,6816,8812,
123212780648,1865,12496,3162,4886,7030,9052,
123213280648,1679,12094,4074,5310,6890,8731,
123213780648,1261,12028,2862,4873,6916,8739,
123215280648,1293,11860,2900,4821,6954,8881,
123217780648,1426,12036,3276,4831,6789,8797,
123218280648,14974,11992,2879,4817,6995,8856,
123218780648,1445,23424,3223,15906,6833,8680,
123219780648,1533,12430,13912,15862,6988,8915,
123220780648,1778,12620,3145,5112,6975,9165,
123221280648,1897,12900,14082,4920,6910,8843,
123221780648,1489,13484,13939,4984,7169,9032,
123222280648,1642,13241,3157,5261,6980,9073,
123223280648,1570,12582,2973,4872,6816,9154,
123224780648,1596,11864,24493,15679,6874,8893,
123225280648,1630,11770,3056,4760,6943,8904,
123225780648,1607,12403,2927,4817,6993,9084,
123226280648,1779,12304,2893,4831,6775,8878,
123227780648,1687,12210,14031,4943,6963,8953,
123228780648,1645,12425,2830,5043,6821,8955,
123229280648,1789,12824,14216,21007,20850,9433,
123229780648,1586,11861,2767,4818,6770,8864,
123230280648,66573,12073,2924,4918,6878,8767,
123231280648,1641,12305,3482,5057,7050,8871,
123231780648,1526,11989,2808,4849,6762,8910,
123235780648,1741,12440,2941,4977,6790,8813,
123236280648,1329,11718,2929,4756,6852,8805,
123238280648,1775,12328,2839,4925,6830,8885,
123238780648,1348,11917,13565,4758,6836,8718,
123239280648,1471,11992,2789,4894,6986,8866,
123239780648,1591,12216,2834,5103,6935,8887,
123241280648,14575,12543,14132,4924,7002,8995,
123242280648,1613,11931,3061,5064,7029,9129,
123244780648,1305,12336,3255,4761,6816,8813,
123245280648,1539,11979,2829,4813,6789,8705,
123245780648,1594,12198,2951,4901,6894,8927,
123246280648,1616,12043,3100,4865,6897,8849,
123247280648,10195,12081,2941,4879,6755,8870,
123247780648,1559,12222,2908,4942,6964,9270,
123248280648,1678,12166,13680,4812,6749,8880,
123251780648,1659,12198,2744,4737,6798,8829,
123252280648,1649,12231,14184,4894,6933,8902,
123253280648,46913,12237,2839,4980,6915,8758,
123255780648,1550,12190,3025,5102,6861,8688,
123256280648,1656,12121,2841,4851,6772,8829,
123257780648,3577,12410,13773,15613,6828,8844,
123258780648,1558,12115,3018,4917,6901,8808,
123259280648,1903,12660,3181,4823,7006,8891,
123259780648,1673,12467,3270,5033,7235,8930,
123260780648,1882,34029,3069,37058,6831,19585,
123261780648,1592,11739,13750,5052,6728,8745,
123262780648,1767,11936,14312,4978,7209,8816,
123264280648,1285,11659,3211,4928,6758,8736,
123264780648,1658,12428,14591,15863,7276,8961,
123265780648,7984,12268,13708,5176,7194,8993,
123266280648,2165,13500,3435,5029,7191,8918,
123266780648,1893,12232,3012,5185,6845,8733,
123267280648,1480,11963,2810,5126,6805,8906,
123268280648,185911,12336,3115,4835,6857,8933,
123269280648,1583,12134,13596,4823,6933,8760,
123269780648,11071,12036,13930,15504,6842,9081,
123270280648,1152,11865,13435,4806,6771,8899,
123270780648,1764,12042,3115,4858,17901,8983,
123273280648,1597,12319,13805,4762,7044,8919,
123273780648,1533,12415,2967,5120,6810,8990,
123275780648,3232,12018,3100,7796,8814,8723,
123276280648,1543,23524,13784,5069,17664,8804,
123276780648,1604,12257,2963,4959,6931,8724,
123277780648,1243,14961,2916,26717,17612,9146,
123278280648,1452,22847,2779,15813,39560,19636,
123282280648,38696,11865,2781,15649,28220,19719,
123282780648,1469,12009,2803,4755,6961,8906,
123283780648,1465,12153,2791,4808,6850,8796,
123286280648,1729,12655,3193,4937,7415,9177,
123287280648,300000,12431,2947,5032,6962,9044,
123288280648,15281,12102,2994,4935,6860,8905,
123290280648,1440,12033,2816,4837,6880,8886,
123290780648,52219,12244,2974,4819,6872,8892,
123291280648,271640,12143,3139,5167,6996,9145,
123291780648,1996,12508,14302,4835,6727,8940,
123292780648,17603,12553,2980,5034,7191,9096,
123293280648,1875,11541,3560,4791,6775,8747,
123293780648,1448,12437,3023,5081,6918,8930,
123294780648,1926,23280,3227,5131,6886,8936,
123295280648,1535,12175,2799,4859,6853,8874,
123296280648,1613,12239,24527,37510,18026,19936,
123296780648,1563,22715,45989,26625,17820,30225,
123297280648,1285,11964,14010,4931,6993,8827,
123298780648,1586,12088,3041,4838,6990,8732,
123299780648,1488,12043,2868,4715,6870,8824,
123301780648,1470,12303,3269,4866,6855,8799,
123302280648,1446,11999,2719,4732,6837,8862,
123302780648,72109,12428,3457,4849,6967,9002,
123303280648,1847,12432,3007,4745,7071,8732,
123304280648,1858,12037,3404,5117,7028,8806,
123305280648,1537,12217,2974,5063,6820,8941,
123305780648,4528,11953,13787,5189,6763,8821,
123306780648,1327,12050,3036,4955,6897,8987,
123307280648,1714,12229,2887,4908,6716,8799,
123307780648,1324,12049,3159,4847,6809,8823,
123308280648,1503,12805,13694,16016,6958,9064,
123309280648,1666,12163,3024,15991,6781,8857,
123309780648,1685,12234,3127,5308,6802,8742,
123310780648,1149,11982,2841,4790,6807,8837,
123311280648,1578,12318,13599,4837,7078,8766,
123312280648,1429,12021,3166,4768,6758,8764,
123312780648,3900,12125,3121,5203,6829,9128,
123313780648,23880,22777,2792,15702,17539,8883,
123314280648,1426,34144,2782,16033,28644,8740,
123317280648,1449,12428,2864,4808,6792,8848,
123319280648,1418,34518,14097,28428,6841,8920,
123320280648,17484,12291,3121,4841,6937,9640,
123320780648,1501,12077,3008,4974,6848,8961,
123321280648,1510,12190,13613,8128,8681,8973,
123322280648,1656,12694,13538,4733,6799,8742,
123323280648,1555,12532,14239,4909,7131,9408,
123323780648,1449,11987,2807,4857,6733,8753,
123324280648,14518,12241,2810,4733,6868,8843,
123324780648,7197,12675,13758,15890,7009,9265,
123325280648,1406,12276,2880,5249,6995,9265,
123326780648,1393,12031,3321,5076,6939,8864,
123327780648,21617,12472,2846,4758,6848,8733,
123328280648,1881,12513,13839,8639,8846,9157,
123330780648,1466,12433,2960,4879,7148,10473,
123331780648,4106,12673,3070,5078,7015,9056,
123333280648,7344,11706,13649,4811,6913,8736,
123334280648,1625,12219,2745,4963,6777,8718,
123334780648,1421,12048,3099,4742,6755,8761,
123336280648,3668,22623,2931,26900,17564,19519,
123338780648,1491,12737,2996,5121,6999,8899,
123339280648,1504,12230,2898,4844,7134,8920,
123339780648,6110,12202,2907,4851,18112,19800,
123341280648,1532,12106,2758,4964,7717,8832,
123341780648,1758,12441,2978,5189,6981,8809,
123343780648,1396,12092,3266,4971,6861,8832,
123344280648,2196,23622,3443,4991,18345,19947,
123344780648,1468,12609,13711,4695,6782,8870,
123345780648,1486,12202,13730,15642,6884,20078,
123346780648,1494,12191,2822,4837,6944,8828,
123347280648,1168,12127,2817,4887,6891,8975,
123347780648,1523,22734,14044,5066,6756,8723,
123348280648,1443,12090,3059,4821,7119,9016,
123348780648,1629,12519,2999,5107,18218,9099,
123349280648,1489,12013,13600,4894,6912,8907,
123349780648,1312,11804,2778,4871,6882,8837,
123351280648,1462,11853,2987,4734,18102,9028,
123352780648,1589,12115,2883,5136,6847,8671,
123354780648,1764,12348,3261,5038,6934,8758,
123356280648,1466,11929,2846,4849,6760,8868,
123356780648,1307,11801,3140,5003,6955,8767,
123358280648,1805,12335,2860,5133,7019,8875,
123358780648,1441,12297,3009,4942,6872,8986,
123360780648,1514,12385,13728,4875,6817,8917,
123361780648,1524,12152,3137,4928,6763,8738,
123362780648,1526,12183,13859,4983,6954,8953,
123363280648,1397,11876,2745,4760,6727,8723,
123364280648,1205,12264,2899,5582,6802,8810,
123365280648,1470,12083,3016,4981,6918,9141,
123365780648,1533,12032,3077,4911,6888,8867,
123366280648,1510,12016,3172,4847,7186,8710,
123368780648,1497,12135,2803,5027,6928,8950,
123372280648,1267,11969,3105,15674,17549,8884,
123372780648,5184,12030,3212,5054,6750,8725,
123373280648,1941,12420,3782,4804,6763,8794,
123374280648,1514,12411,3264,4763,6794,9552,
123375280648,1488,11981,3054,4887,6738,8711,
123375780648,1723,12396,3056,4801,6794,9573,
123376780648,1318,11782,3092,15982,6955,8922,
123377280648,1548,12080,2949,5526,6885,8830,
123377780648,1564,12246,13441,5009,6857,19658,
123378280648,13801,12099,13991,4982,6976,8836,
123380280648,1518,12278,13875,15924,17480,12106,
123380780648,1643,12305,2990,4820,6798,8910,
123382280648,1619,12066,2876,4905,6750,8744,
123383280648,1555,12470,14024,5167,6784,8898,
123388780648,1799,12421,3208,4714,6700,9004,
123390780648,1610,12278,2969,5205,6875,8956,
123392280648,1689,11737,3068,4872,6714,8747,
123394780648,1699,12410,2942,4967,6889,8885,
123397280648,9931,12164,2970,4929,6785,8940,
123397780648,1486,12040,13871,5120,7031,8875,
123398280648,1737,12558,3148,4979,6975,9105,
123398780648,1493,12202,3224,4748,6902,9212,
123400280648,1286,11738,13568,16192,7448,8828,
123400780648,1629,12042,14336,4888,6662,8864,
123401280648,1567,12018,13775,4841,6902,8901,
123402280648,1574,12006,3015,15839,17700,9077,
123402780648,2851,12412,14058,5231,7017,8968,
123403280648,211911,12014,13684,4724,6839,8937,
123403780648,1402,12528,2931,16069,17917,8956,
123404780648,1544,12598,3031,4726,6833,20591,
123405280648,1554,12177,13708,4864,6738,8752,
123405780648,1738,12494,2783,4842,6769,8707,
123406280648,9533,11876,5732,6010,6786,8930,
123406780648,1560,12299,13804,4994,6825,8848,
123407280648,29837,11804,2981,4844,6744,8711,
123408780648,1725,12305,2821,4972,6872,8856,
123409280648,1570,12044,2813,4930,6906,8869,
123411280648,1337,11938,3046,4961,6786,8880,
123411780648,1682,12310,3068,5046,6847,9237,
123413280648,1431,12073,2916,4973,6714,9450,
123414280648,2640,13557,14274,4919,6726,8722,
123416780648,23076,11798,2855,4963,6899,9007,
123417280648,1622,12280,2778,4846,6945,8982,
123418280648,1569,12019,2808,4763,6837,8896,
123419780648,1394,12290,2807,4802,6867,8820,
123420780648,1455,12227,2892,4986,6864,9028,
123422780648,1320,11821,3134,4698,6938,8817,
123423280648,4732,12224,13706,5140,6703,8873,
123423780648,1615,12279,13590,4798,6872,8810,
123424280648,1757,12447,3002,5045,7081,8960,
123424780648,1444,12028,2853,4886,6809,8997,
123425780648,1844,12523,13952,4886,6895,8979,
123426780648,1775,12335,2932,5096,6920,8687,
123427280648,1578,12484,3182,5129,6835,9000,
123428280648,1450,12164,13641,5010,7020,8894,
123429280648,1606,12151,2793,4823,7230,8724,
123430280648,1416,12507,2924,4949,6717,8812,
123430780648,1483,12503,2878,4897,6750,8800,
123432780648,1525,12131,13526,15540,6853,30440,
123433280648,7862,12029,2904,4970,6767,8956,
123433780648,1534,11910,2953,5027,6943,8942,
123434280648,1438,11985,2736,4754,6748,8916,
123435780648,1637,12758,14262,15723,6970,9022,
123436280648,1526,12037,2774,4877,6793,8730,
123438280648,1518,23278,35279,4860,6744,8798,
123438780648,5413,16524,16619,26680,17957,19871,
123440780648,1532,11957,2923,5143,6830,8886,
123441780648,1259,12194,14045,4733,6788,8731,
123442280648,1430,11937,2941,15675,6657,8808,
123442780648,39754,12333,13985,5026,7037,9061,
123443280648,1588,44678,2961,4983,17835,22599,
123443780648,1390,11829,2963,4689,6662,8838,
123445280648,1572,12291,2916,4827,6717,8836,
123446780648,1550,12445,2928,5301,6864,8933,
123447280648,1713,12286,13960,15827,17464,19650,
123448280648,1504,12091,13486,4816,6927,9153,
123449280648,1516,12059,3009,4757,7069,8740,
123449780648,1735,12268,3460,4846,6746,8866,
123451780648,1436,12026,2769,4926,6875,8829,
123452280648,1290,11719,2788,4916,6974,9020,
123452780648,1507,11701,3013,4857,6874,8952,
123453280648,1404,12014,2823,4841,6794,8749,
123454280648,1573,12173,2838,15892,6896,8859,
123455780648,1591,23039,13842,4919,6935,8980,
123456780648,2054,12267,13556,4702,6792,8725,
123457280648,1693,12218,13661,4877,6841,8746,
123457780648,1580,12203,2969,4764,6735,8679,
123458280648,64144,12032,2933,15795,6788,8806,
123458780648,1503,11962,2826,4963,6824,8789,
123460280648,1493,12109,2917,5484,6717,8679,
123461280648,1783,12564,3069,4983,6833,8884,
123461780648,1581,12196,13461,4714,6781,8841,
123462780648,1433,11581,2839,4706,6833,8767,
123463280648,1529,12071,2921,4738,6718,8756,
123463780648,34254,46428,37500,38026,39777,42190,
123465280648,7643,12334,2805,4848,6785,8904,
123465780648,1478,12038,2784,4763,6843,8790,
123466780648,1536,12032,2800,4850,6723,8768,
123468280648,1454,12030,2939,4856,6852,8753,
123469280648,67935,12043,2837,4873,6757,8820,
123469780648,1588,11822,24681,26521,6811,19633,
123470280648,1449,12025,13692,15622,6781,8888,
123471780648,1227,11871,13619,4867,17505,8810,
123472280648,2053,12609,3113,4867,6718,8818,
123473780648,1961,12026,14016,5045,6999,8703,
123474780648,1437,11737,2897,4736,6779,8686,
123475280648,1350,11945,2911,4743,6814,8835,
123476280648,1453,17324,16698,26619,17493,9090,
123477280648,1489,12136,3091,5003,6984,8915,
123477780648,1147,22450,24245,15641,6818,19505,
123478280648,1609,12108,3637,4891,6777,8932,
123480280648,1440,11798,13622,4705,6732,8822,
123481280648,1447,11994,13719,4961,6756,8719,
123481780648,6608,12739,13749,4830,6850,8753,
123482280648,1268,11635,2753,4814,6866,9037,
123482780648,1688,12314,13820,4910,6748,8791,
123483780648,1498,12493,14099,16003,6846,8976,
123484280648,1556,12394,2914,4829,6704,8701,
123484780648,4958,15111,16022,15902,6948,8707,
123485280648,1634,12143,2826,4694,6778,8707,
123485780648,1612,12327,2787,4732,6821,8736,
123486280648,1572,12218,3036,5151,6923,9027,
123486780648,1285,12444,13799,15846,6891,9031,
123487280648,1524,12132,3057,5443,6836,8904,
123487780648,1792,11989,13926,4867,6842,8805,
123488280648,1320,11684,2827,4821,6786,8899,
123488780648,1514,15323,16247,4931,7000,8716,
123490280648,1474,12043,13597,4699,6766,8827,
123491780648,1854,12495,3162,4750,6804,19538,
123492280648,1421,23104,2903,16099,6835,19686,
123492780648,1465,11940,2932,4753,6723,8797,
123493280648,1847,12513,13774,5017,18154,8805,
123493780648,2667,12931,13801,15582,6892,8879,
123494780648,1483,13437,15303,16301,6989,8873,
123495280648,1454,11987,3119,4887,6787,8842,
123498780648,1504,12254,13819,15618,7237,9191,
123499280648,11243,12093,2816,4992,6766,8711,
123499780648,1455,11978,13487,4707,6745,19684,
123500280648,1517,12252,2803,4808,6860,8812,
123501280648,23953,12512,13686,4891,6809,8877,
123501780648,1554,12169,2774,4706,6750,8961,
123502280648,1415,12511,2773,15606,17521,19648,
123503780648,1781,12044,2840,5077,6853,8816,
123506780648,1577,12100,2984,5036,6895,8915,
123508780648,1560,12418,2914,4977,6951,8948,
123510780648,1426,11985,2785,5026,6911,9145,
123511280648,1535,12091,3127,4893,6721,8999,
123511780648,1261,11884,2781,4726,6700,8740,
123512780648,1506,11921,24434,4744,6731,8765,
123513280648,1141,11706,13556,4758,6814,8795,
123514780648,1543,12141,2822,4719,6774,8914,
123516280648,1572,12028,2825,4918,6842,8936,
123516780648,1488,12040,3098,4703,7003,8863,
123517780648,1332,12024,13543,4855,6944,8862,
123518780648,1210,11889,3088,4877,6808,8745,
123519280648,1240,11636,2768,4857,6734,8862,
123520280648,1719,12128,2837,5110,6968,8829,
123522280648,1396,12045,2969,4829,6746,8815,
123522780648,1428,23031,2808,15674,6880,19745,
123523280648,1572,12308,2933,5119,6850,8890,
123523780648,1317,11944,13733,5177,6815,8732,
123525280648,1507,12180,14866,4852,6820,8963,
123526780648,1644,12281,13732,4906,7018,8927,
123527280648,1606,12285,2972,4742,6742,8808,
123528280648,1772,12283,13954,4915,6992,8724,
123529280648,1752,12194,2955,4871,6868,8751,
123529780648,1524,12174,2856,4727,6995,8737,
123530280648,5793,12190,2936,5140,6755,8698,
123531280648,8683,12224,3240,5124,7168,9291,
123531780648,73713,11764,13838,15882,6782,8816,
123532280648,1614,12275,2910,5168,7123,9119,
123532780648,1510,122333,133633,135152,128676,129307,
123533280648,1401,12114,2740,5082,6902,9016,
123533780648,1589,11890,3440,4907,6937,9015,
123534780648,1658,12143,2997,5125,6861,8874,
123535280648,1735,12499,13839,4839,6823,8826,
123535780648,10323,12275,2901,5130,7253,10128,
123536280648,1284,12260,13746,5022,7086,8831,
123538280648,1599,12573,2944,4833,7047,8814,
123539280648,1474,12116,2880,4934,6934,9107,
123540280648,1430,12121,14007,4935,6761,8756,
123542280648,1414,12066,2857,4726,6704,9202,
123544780648,1468,11714,3211,4727,6894,8899,
123545780648,1534,12119,14470,5001,6906,8838,
123546280648,1421,11914,3129,15951,7003,8984,
123546780648,10475,12001,2805,4867,6847,8968,
123547780648,1407,12208,2964,5121,6772,8936,
123548780648,6552,11694,2866,5109,6878,8758,
123549280648,1196,11986,2861,4698,6823,8787,
123549780648,1435,12091,13698,4823,6876,8828,
123550280648,1809,12598,3516,4841,6776,8875,
123550780648,1396,11965,2769,4875,6775,8740,
123551780648,1794,23431,13983,15865,17812,19974,
123552280648,1150,12076,3256,4819,6774,8853,
123553780648,1555,12166,3115,4862,6822,8915,
123554780648,1691,23127,15009,4924,6734,8683,
123559280648,1708,12626,3004,5104,7024,9142,
123559780648,1809,13053,3017,5146,7098,8850,
123560780648,1529,12240,13627,15666,17532,19671,
123561280648,1507,11964,2878,4764,6826,8829,
123561780648,1603,12454,3018,4902,6823,9304,
123562780648,35399,11995,2878,4702,6790,8850,
123564280648,1415,12305,13623,4928,6869,8863,
123564780648,1570,12342,2810,4842,6748,9437,
123565780648,1453,12154,2736,4815,6807,8791,
123566280648,1594,12135,13608,15949,6980,8817,
123566780648,1522,12398,13698,15750,6789,8838,
123567280648,13680,11975,13873,4952,6828,8882,
123567780648,1561,12208,2940,4801,6961,9123,
123568780648,1431,12023,3025,5106,6774,8795,
123569280648,3458,12380,25105,17790,50810,30539,
123569780648,1273,12465,3010,4815,7233,8905,
123570280648,1389,33248,13554,4724,28693,30183,
123570780648,1139,12251,3043,5076,6984,8971,
123571280648,15893,23476,25066,28833,29132,30893,
123574280648,1514,12451,13796,5181,7122,8846,
123575280648,1547,12146,2927,4948,6830,8715,
123575780648,86068,11782,2786,4858,6755,8830,
123576280648,300000,11709,3050,4829,6741,8753,
123577780648,1555,11538,3237,5731,6783,8619,
123578280648,1260,12178,3040,4688,6782,8986,
123580780648,1096,12259,13782,4895,6889,8797,
123582780648,1348,11920,2766,4760,6736,8757,
123583780648,1615,12183,2974,4822,6838,8941,
123584280648,1403,11944,2779,4736,17615,9000,
123584780648,1473,803220,825464,818754,790244,802979,
123585780648,7870,11992,13545,4865,6791,8888,
123586280648,1434,22739,48232,15682,7002,8748,
123587780648,1998,13005,25264,26606,17800,20294,
123589280648,1841,23480,25312,59320,28606,30648,
123590280648,1471,11966,2953,4814,6772,9016,
123591280648,1408,12200,13584,4907,6884,8940,
123592780648,214594,11900,2817,4744,17862,8842,
123594780648,300000,12028,3161,5124,7078,9082,
123595780648,300000,269827,279504,270569,270738,271764,
123596780648,1487,11816,24606,15654,72602,40755,
123597280648,1164,12026,2810,15883,17441,8755,
123602780648,1545,12062,3265,4807,6740,8828,
123603780648,1344,11920,13504,4820,6745,8827,
123604280648,1410,12006,3154,4679,6732,8743,
123604780648,1599,12142,2809,4813,6810,8692,
123605780648,12284,11984,2767,4835,6751,8751,
123606280648,1300,NULL,NULL,NULL,NULL,NULL,
123606780648,1014,12014,2636,4754,6692,8628,
123607280648,1474,11682,3059,4648,6685,8605,
123609280648,993,11797,3004,4889,7158,8894,
123610780648,1351,11859,2769,4732,6731,8743,
123611280648,1776,12280,3016,5290,6719,8856,
123613280648,1391,12387,2906,5193,6914,9003,
123614780648,8219,11710,3129,4701,6859,9122,
123615280648,1201,12061,3121,5058,6904,8843,
123615780648,1398,12042,2857,5301,6815,8760,
123616280648,1439,123546,123638,127514,148291,139935,
123617280648,1326,12112,3295,4722,6790,8735,
123617780648,9159,12413,3117,5057,6865,8978,
123618780648,6989,12121,2800,4859,6827,8969,
123620280648,1325,11825,2950,4725,6782,8987,

