,W-0,R-0,R-1,R-2,R-3,R-4,
113033712228,1769,12176,3259,5184,9260,9109,
113034212228,1876,1583,16543,7457,7201,10767,
113035212228,35473,39805,35066,46639,46927,43036,
113036212228,29063,12514,3137,5114,7217,9171,
113037212228,42554,12087,3236,5100,7056,9306,
113040712228,1849,1648,3240,5057,6998,9504,
113041212228,1446,12693,3144,5006,6950,8833,
113042212228,1464,1706,3095,4915,6934,9019,
113046212228,1862,1667,3148,4988,18008,9046,
113048712228,1590,23830,25521,5083,7114,9019,
113049712228,1613,11915,13768,5048,6985,9021,
113051212228,1827,12555,14081,5165,6956,8874,
113051712228,1699,12601,2957,4985,7047,9026,
113052212228,1650,12482,14142,5156,7253,9052,
113055212228,1597,12320,3099,5028,7196,9001,
113055712228,1298,1553,3006,4938,7073,8908,
113056212228,1661,12005,2968,4913,7015,9112,
113056712228,119528,12369,3086,5134,6940,9025,
113057712228,2704,2080,3184,5027,6932,9138,
113060712228,2305,2082,3231,4898,6927,8878,
113062712228,1867,12594,3032,4941,7018,9056,
113063212228,18017,12296,3157,5183,7005,9070,
113063712228,10513,12747,2946,4913,6892,8899,
113065212228,2013,1825,3088,4980,6999,20367,
113065712228,1655,12277,2978,4850,7021,9099,
113068212228,1534,12218,25540,4857,6852,19937,
113069212228,300000,12403,3232,4921,6902,8961,
113069712228,1763,2132,46723,15721,6812,20077,
113071712228,1650,12227,3244,4972,7024,9007,
113072712228,1427,12286,14065,15928,17980,9063,
113073212228,1361,11998,2952,5030,6998,8999,
113074212228,1674,12228,3098,4949,6949,8857,
113075212228,1556,12168,3083,4828,6873,9139,
113075712228,1267,1525,3736,5254,7324,9241,
113077212228,1577,12110,13769,4927,6944,9021,
113078712228,1821,1649,14353,4991,51646,31447,
113079212228,4359,12865,15639,7040,6931,10006,
113081712228,1701,12122,14031,5657,6925,8918,
113082212228,3624,12233,2953,4898,6940,9075,
113082712228,1714,12110,2998,4901,6930,8934,
113083712228,1515,11986,2996,5529,6960,8976,
113084212228,1501,11880,2875,15924,6906,8911,
113084712228,1473,12299,24968,15928,6940,64216,
113086212228,1738,12394,24610,4871,17835,8905,
113086712228,2051,2462,14080,5064,6932,8990,
113087712228,1653,12179,3027,4936,7007,8997,
113088212228,1443,11944,2804,5045,7307,8832,
113089212228,1881,12475,3155,5032,7108,8999,
113089712228,3284,11966,3021,4908,6836,8995,
113090212228,1343,1544,3082,4946,6856,8828,
113090712228,1383,1672,3079,5034,7153,8958,
113092212228,1676,1556,13858,4849,7023,8912,
113094212228,1575,12599,2962,4895,7060,8959,
113095212228,11704,11948,13895,22388,22747,19741,
113095712228,1609,11973,3053,4986,7173,9050,
113096212228,1610,12005,2982,4941,6900,8937,
113096712228,1859,1683,3212,4966,7057,8985,
113098212228,1647,12449,13837,5034,6834,8860,
113100712228,1550,1340,13858,5068,6953,8998,
113101212228,48662,77077,48536,60213,48470,48367,
113101712228,1757,12160,3394,5082,6855,8929,
113102712228,1889,12327,2864,4831,6722,8682,
113103712228,2030,12847,2985,5003,6912,8860,
113104212228,1583,1843,13913,5099,6910,8967,
113104712228,2019,1661,13935,15702,6928,20008,
113105212228,1464,12177,2935,4909,7205,8921,
113106212228,55257,11992,2980,4866,6925,8978,
113107712228,1504,12044,13630,4887,6833,8828,
113108212228,1620,1488,2942,4906,6881,8927,
113108712228,1704,1484,3280,5084,6948,8857,
113109212228,1641,12534,3080,4809,7028,8857,
113110712228,1596,12246,13931,4896,6890,8920,
113111712228,1326,11864,14001,5767,6764,8756,
113112212228,1488,12111,13988,5075,7010,9028,
113112712228,10086,1575,2982,4904,18036,19853,
113113212228,1664,12595,14243,16122,17727,8946,
113114212228,1523,11892,3096,4871,6758,9044,
113114712228,1824,12542,3110,4984,6970,9006,
113118712228,4679,1508,14053,15916,7111,8909,
113119212228,1968,12331,3217,4891,7185,8972,
113121212228,1440,12209,3167,4755,6845,8737,
113121712228,1365,1602,2991,5475,6982,8946,
113122212228,3120,12387,13708,16076,17890,19953,
113122712228,1667,12823,3023,5262,7020,8971,
113124212228,1589,12161,15050,4861,6943,8861,
113125212228,1727,1597,3067,5166,6998,9003,
113127712228,1641,12269,2908,4945,6981,8935,
113128212228,9660,12137,2987,38505,6820,9046,
113128712228,1156,1407,2886,216484,6748,8910,
113129212228,1621,11911,2941,4754,28894,19950,
113130212228,1337,11722,13510,4696,6851,8729,
113130712228,55662,1645,13971,5162,6950,9044,
113131212228,1381,12089,13883,4916,6830,19931,
113134712228,8629,11826,2896,4839,6843,8922,
113135212228,1605,11955,2918,4878,7153,9039,
113136212228,5644,12149,2830,4872,6864,8863,
113138712228,1472,1673,13956,4999,6989,8915,
113139212228,1382,1584,2965,4876,6883,19927,
113140712228,1615,12185,3122,5009,6932,8802,
113141712228,1441,12132,2925,4861,6981,8896,
113142212228,1466,11962,2972,4910,6930,8718,
113142712228,1559,12320,3085,5069,7041,9085,
113143712228,1469,12237,3123,4752,6953,8971,
113144712228,10536,12023,3195,5019,6844,8943,
113145712228,1453,12060,2972,4916,6745,8744,
113147212228,3971,12671,3274,15864,17931,9035,
113147712228,1371,1664,13625,4845,6896,8756,
113148712228,1587,12200,2865,4888,7342,9046,
113149212228,1497,12206,2891,5078,6865,8732,
113149712228,1580,12406,13971,5293,6914,8840,
113150212228,1728,12036,2904,4842,6902,8895,
113151212228,1913,12265,3112,4912,6880,8809,
113152212228,1403,1591,14263,5058,6724,8743,
113152712228,1384,12103,2815,4842,7034,8930,
113153212228,1319,1604,2988,5016,6888,8997,
113153712228,1381,1643,13869,5044,6853,8763,
113156212228,1362,1495,2961,4888,7000,9036,
113156712228,2702,2464,13986,5028,6720,8920,
113158712228,1480,12238,3022,4885,7125,9072,
113159212228,1705,12239,3374,5240,7066,8902,
113159712228,1531,12081,3038,5071,7189,8896,
113160712228,2389,13128,3208,4890,6940,8939,
113161212228,1363,11618,13445,4886,7418,8950,
113165212228,1471,12140,2905,5060,6908,8898,
113165712228,1383,11944,13874,4858,6818,8854,
113166712228,300000,11884,2995,4866,6940,8876,
113169212228,1578,12026,13849,4992,6951,8904,
113170212228,6542,33864,3183,26612,6907,8771,
113171212228,90243,12075,3157,4913,7041,8866,
113173212228,1321,1542,3041,5030,7058,8962,
113173712228,1599,12141,2943,4853,7020,8935,
113174212228,1687,12402,3154,5088,6918,9019,
113174712228,1166,12279,24931,5081,28658,8842,
113175712228,1429,1619,2875,5047,7050,9039,
113176212228,1312,1578,3416,4884,6987,9068,
113176712228,1519,1399,3307,4920,6955,9052,
113177712228,1395,1615,3392,4982,6940,8860,
113178212228,1243,1464,3105,5868,6875,8859,
113179212228,1693,2027,14204,4840,7032,8928,
113179712228,4575,16020,5061,15846,6753,8721,
113180212228,1232,1397,13697,4903,6883,8926,
113181712228,1480,12154,2882,4972,6889,8975,
113182712228,15130,15809,24681,27041,15302,19652,
113184712228,1575,12252,3392,4903,6901,8948,
113185212228,1253,1500,2853,4850,6867,8840,
113185712228,1284,1698,3107,5023,6947,8867,
113186212228,1336,11923,2997,4937,6839,8747,
113187212228,1365,12243,3075,4967,6952,9243,
113188212228,1671,12191,13982,4934,17828,19982,
113188712228,1261,1587,2958,4904,7055,8950,
113189712228,1427,11966,3163,4836,6917,8819,
113190212228,1365,12116,3005,4953,6849,8922,
113190712228,2027,12231,3161,5099,6841,8828,
113191212228,1585,12219,3156,4939,6999,9000,
113192212228,1572,12392,2872,4916,7108,9004,
113192712228,1527,12124,3045,5187,6970,9003,
113193712228,1532,1747,13760,5130,6999,9479,
113194212228,1222,1435,3009,5536,6909,8909,
113195212228,1581,11743,2923,5011,6937,8983,
113195712228,1424,12079,13849,15903,6721,8843,
113196712228,213265,23179,3082,4970,18090,9116,
113197212228,1689,12258,2946,5621,6747,9049,
113200212228,1430,11822,2954,4832,6944,8916,
113202212228,22434,11865,2943,4833,6872,8888,
113203212228,1391,11961,13713,4890,6819,8734,
113203712228,1710,12440,2959,15906,6853,8934,
113204212228,1619,12340,2955,4923,7393,8942,
113205212228,1322,11942,2840,4989,6945,8757,
113206212228,1499,11948,2966,4750,6888,8762,
113206712228,1424,12143,13516,15664,7123,19842,
113207212228,18047,20222,19415,26699,31211,20130,
113207712228,1278,11886,2739,4644,6883,8743,
113208212228,1136,22999,13951,4892,39632,8997,
113209712228,1365,12143,13877,4814,6700,8861,
113210712228,1572,12153,13690,4814,17924,19701,
113211212228,1336,11895,13699,4888,6883,8942,
113213712228,1076,1282,2931,4933,6935,9021,
113214712228,1385,11978,2920,4692,7049,8833,
113216212228,1326,12261,3052,4996,6894,8910,
113217212228,1617,12029,3014,4854,6910,8943,
113217712228,1223,1514,14377,4837,6938,8851,
113219212228,1440,12086,2999,4888,6878,8936,
113221712228,1531,12407,3008,4844,7001,8932,
113222212228,1609,12306,2974,5295,6940,8737,
113222712228,1558,12192,2937,4862,6935,8899,
113224212228,1366,12194,2878,4887,6932,8867,
113224712228,1407,12120,2880,15824,7169,8913,
113226712228,1496,12252,2756,15961,7026,8768,
113227212228,1436,12069,2935,4749,6703,8876,
113227712228,1307,1567,2936,4928,7041,8942,
113228712228,1539,1744,3124,4756,6880,8914,
113229712228,1865,35240,46514,4933,17948,19902,
113230212228,1351,11958,2971,4947,6907,8758,
113230712228,2082,12670,3050,4705,7062,8949,
113231212228,1568,12173,14028,4713,6744,9350,
113231712228,62236,64991,74861,74125,74941,71728,
113232212228,1174,11931,3106,15642,6894,8810,
113232712228,1316,11887,2906,4835,6944,8919,
113234212228,1830,12395,2997,4900,7525,9149,
113235712228,1419,1387,2975,5079,6862,8998,
113237712228,1860,12031,13983,15740,6929,9056,
113239212228,1407,11992,2917,4906,6911,8973,
113239712228,1497,11915,3025,4758,7105,8870,
113241212228,1381,12277,2881,15963,6827,20028,
113241712228,1535,12476,3020,5044,6924,8905,
113243712228,1258,11855,13507,4768,6868,8759,
113244712228,1464,12035,2981,5677,7174,9013,
113245712228,1491,12324,2952,15821,18085,19633,
113246212228,1544,12466,2935,4945,6902,9129,
113247212228,1345,11903,2928,4992,6981,8867,
113248212228,1944,12038,2727,4823,6771,8856,
113248712228,1646,12182,2996,4808,6686,8862,
113249212228,1465,11983,3003,5070,6758,9000,
113251712228,32025,1434,13953,15934,6930,8890,
113255212228,1407,12508,2944,4896,6879,8993,
113255712228,1445,12174,14087,4978,7041,8892,
113256212228,1228,12697,2870,4735,6913,8902,
113257212228,1683,12352,3034,4937,6940,8862,
113258212228,31309,11845,3109,15853,6935,8865,
113258712228,4499,11882,3034,4968,7022,8940,
113259712228,10665,1588,2908,4818,6954,8954,
113260212228,1479,1647,35666,4856,6949,9002,
113260712228,1245,12162,2850,4845,6749,8726,
113261212228,1299,1640,14061,4897,6923,8846,
113263212228,1313,1457,2850,4681,6876,8811,
113263712228,10188,11909,2853,15676,6813,8879,
113265212228,1601,12134,3091,4850,6829,8941,
113266212228,1627,12083,2895,4855,6877,8864,
113271712228,10239,11993,2958,4892,6719,8941,
113273712228,6573,11917,3217,4940,7097,8981,
113275212228,1406,1633,14056,4981,6896,8757,
113277712228,1321,11857,2985,4743,6739,8744,
113280212228,1576,12213,13896,26467,17623,8971,
113280712228,1435,11957,3069,4997,17878,8987,
113281212228,1450,11987,2876,4820,7006,9086,
113281712228,1766,12165,3147,4750,6906,8955,
113283212228,1358,12146,13924,15881,7054,9045,
113283712228,1704,12563,3083,5147,6988,8857,
113284212228,1280,12483,13670,4818,6900,8747,
113285212228,1557,12316,2964,4842,6958,9000,
113285712228,1249,1444,2976,4972,6893,9098,
113286212228,1504,11977,2946,5224,6980,9223,
113286712228,1372,1565,2972,5067,6904,19727,
113287712228,1308,12090,2906,4807,6744,19663,
113288212228,1443,11974,2931,4884,7023,8928,
113288712228,1350,12058,2890,4883,6861,8977,
113289212228,1386,11982,3028,4819,7014,9101,
113289712228,1247,1393,2976,4956,6745,8867,
113290212228,1236,1405,3003,4917,6962,9032,
113291712228,1477,12088,13717,4907,6845,8905,
113292212228,1446,1248,2938,4811,6768,8843,
113294212228,1262,12094,13644,15697,6828,8984,
113294712228,1376,1554,2958,4888,6755,8869,
113296212228,1578,1324,2994,4956,6880,8945,
113297212228,1598,11947,2931,4980,6762,8822,
113299712228,1497,12120,2994,4892,6730,9142,
113300212228,1852,12388,2922,4868,6894,8931,
113301212228,1458,12131,2910,4812,6875,8819,
113302712228,9562,1826,14837,4841,7063,8961,
113303712228,1564,12398,3127,5010,6892,8867,
113305712228,49294,12309,2894,4963,7126,9023,
113306212228,1502,1606,3005,5067,6836,20766,
113306712228,2337,11924,13940,5009,6768,8889,
113307212228,1406,12066,2923,4897,6823,8998,
113307712228,1768,12076,2965,4996,6874,9006,
113308712228,1362,12080,2832,4886,7133,9042,
113309712228,1835,12431,3067,5148,6918,9041,
113310212228,1471,12054,13646,4703,6812,8966,
113311212228,1383,11917,13607,4822,17548,8830,
113312212228,1440,11954,3139,5113,6878,8895,
113313212228,1521,1324,13953,4912,6878,8718,
113313712228,1587,12577,3040,5127,6972,8937,
113315712228,5058,11728,3477,4863,7180,8915,
113316212228,1715,1462,3208,4954,6998,8747,
113316712228,1147,12149,2947,15930,6843,19764,
113317212228,1961,12732,2904,4909,6879,9081,
113318712228,1345,1539,2942,4830,6815,8902,
113319212228,1386,11950,13732,4755,6894,8809,
113321212228,7621,1511,3014,4925,6903,8962,
113321712228,1708,12117,3684,5048,7073,9063,
113323712228,1885,1708,3806,5166,6907,8990,
113324712228,1503,12116,2848,5021,6872,8863,
113325212228,1483,12228,2888,4886,7051,8856,
113325712228,1289,11870,13710,4771,17730,8915,
113326212228,1581,12094,3389,5055,7246,8998,
113326712228,1319,11911,3149,4964,17930,8988,
113328212228,1510,12208,2941,4995,6943,8926,
113329712228,1370,1508,2987,4928,7127,8902,
113330212228,1360,12049,2909,4908,6884,8852,
113331212228,1250,1452,2840,4898,6881,9129,
113332212228,6063,12167,13964,5068,7218,8873,
113332712228,1331,12407,2740,4722,6878,8902,
113334712228,1579,12299,13671,15529,6871,8894,
113335212228,1553,12424,2995,5219,7022,9108,
113335712228,1436,12489,2919,4806,6743,8885,
113336212228,1368,1665,3153,4768,6852,9066,
113337212228,1389,12324,2867,4901,6988,19836,
113338712228,7684,13127,14445,7889,18064,20275,
113339712228,11841,12132,2983,4976,6894,8866,
113340212228,1286,11823,3043,4742,6703,8825,
113340712228,1504,12199,2971,4969,7007,9416,
113341212228,5283,12255,2889,4867,6994,8766,
113341712228,1484,12215,2824,4718,7003,8906,
113343212228,1460,12274,14075,15941,6876,20065,
113344212228,2477,11892,13882,4892,6892,8860,
113344712228,1741,1596,3109,4928,6747,8755,
113345712228,5019,11998,2878,5124,6766,8819,
113346212228,1320,11942,13578,4898,6948,8942,
113346712228,1499,12034,2896,4947,7061,9295,
113348212228,55335,1645,24771,26666,6963,8928,
113348712228,1409,12225,2812,4722,6821,8836,
113349712228,1459,12142,2743,4952,6868,8871,
113351212228,1399,12066,13718,4744,7971,8992,
113352212228,1147,12218,2859,4686,6817,8994,
113352712228,1302,11762,14435,5050,7055,8940,
113353212228,1557,12444,24847,16033,7089,8959,
113354712228,1340,1655,2883,16248,6985,8948,
113355212228,1370,12271,2907,4848,7002,8993,
113356712228,1375,12128,3458,4973,6926,8886,
113357712228,1293,1497,2732,4708,6899,8734,
113358212228,1503,11882,13962,4931,6848,9018,
113359212228,1970,12515,2969,15961,6923,8895,
113360212228,1468,11948,2936,4894,6908,8828,
113360712228,1635,12979,2928,4892,7107,8982,
113361212228,1438,12028,2916,5056,6905,8946,
113363212228,1364,11944,2896,4839,6817,8943,
113364212228,1226,1411,13859,4955,6845,8856,
113364712228,1521,23264,14448,16536,7038,8857,
113365212228,300000,259671,260953,260092,260593,259588,
113365712228,272871,282128,278855,281526,281879,281683,
113366712228,1513,11965,2844,4940,7011,8898,
113367212228,1371,11999,13924,4904,6807,8875,
113367712228,1318,1645,14058,16135,7477,8906,
113368212228,1383,11947,3020,4915,6878,8819,
113368712228,1542,12001,2838,4926,6857,8829,
113369212228,300000,12062,2860,4922,6856,8867,
113369712228,1826,12550,2957,5086,6888,8843,
113370212228,1164,11985,2905,4704,6999,9019,
113370712228,1277,12140,3119,4708,6937,9035,
113371212228,1706,12300,3008,5083,7107,9022,
113371712228,1460,12191,13972,4952,6734,9127,
113373212228,1336,11730,13594,4749,6810,8708,
113374712228,1577,12491,2907,5247,6960,8819,
113375212228,1355,12098,2908,4799,7000,8863,
113375712228,115983,11856,3093,5063,6847,9005,
113376212228,300000,1631,3020,16408,18150,9071,
113376712228,105095,116868,117002,107136,110005,121115,
113377712228,1377,12229,3015,6013,6894,8948,
113378212228,1428,12480,3026,5158,7346,8865,
113381712228,1729,12043,13768,4750,6927,8883,
113382212228,1236,12029,2873,4709,6886,8916,
113382712228,1768,12440,13988,5038,6976,9099,
113383212228,1626,22678,2915,4751,22032,19549,
113384212228,1413,11963,13737,4914,7261,8966,
113384712228,1368,12065,2996,5006,6954,8929,
113385212228,1597,11856,3099,4844,6891,8979,
113386712228,1919,12006,3041,5051,7219,9130,
113389712228,1407,11975,3041,4749,6904,8767,
113391712228,5227,1564,13868,4997,7087,8842,
113393712228,1262,1436,3049,4876,6913,8957,
113394212228,92372,12837,14146,5114,6925,8931,
113394712228,197521,12111,13931,5018,6879,8969,
113395712228,1378,12041,2768,4756,6861,8892,
113396212228,1323,11996,3348,4946,6865,8731,
113397712228,1265,1431,3260,5269,6843,8910,
113399212228,1905,12021,2996,4912,7080,8895,
113399712228,1434,12089,13942,4948,6839,8733,
113400712228,1625,11960,2946,4830,7008,9071,
113401712228,1311,12097,2934,5085,6937,8747,
113402212228,1326,12002,3238,4884,7524,8870,
113403212228,1343,11737,3023,15758,17818,8851,
113405212228,1953,12250,3192,4920,6890,8978,
113405712228,64362,1281,13904,4816,7001,8897,
113406212228,1440,12567,2913,5127,6968,9005,
113406712228,1611,12425,14707,15567,6980,8928,
113408212228,6422,11992,2938,4849,6934,8853,
113409712228,1764,11842,14016,15519,6973,8853,
113410212228,1394,11688,13680,4883,6659,8821,
113411212228,1648,11962,3006,4997,6730,9230,
113412212228,1267,1537,13972,4883,6999,8898,
113412712228,1446,11929,3152,4967,6998,8885,
113413212228,9300,12226,13749,4913,7102,8940,
113414212228,1865,12243,14253,50077,6940,8951,
113414712228,8179,22945,28855,27005,29036,9138,
113415212228,1716,12062,3220,5022,6952,8999,
113415712228,1387,11863,35330,4894,6731,8715,
113416212228,300000,12352,2938,4898,6728,9000,
113416712228,1575,12158,2759,4689,6931,8881,
113417712228,1419,11889,3309,4763,7044,8967,
113418212228,4476,3888,4390,4819,6696,8705,
113418712228,1490,11940,2988,5031,7082,8910,
113419212228,1314,11935,13596,4871,6743,8768,
113421212228,1482,11996,2893,15650,17657,8920,
113422212228,1736,12378,2993,4759,7053,8949,
113423212228,1737,12427,2950,4954,7151,8949,
113425212228,1581,1438,2888,4962,6865,8737,
113427712228,1489,11949,3215,4941,6965,8862,
113428712228,1545,12223,2973,5018,6952,8732,
113429212228,1274,1579,3102,15873,6843,8908,
113429712228,1335,11703,2891,4833,6940,8834,
113430712228,1376,12184,2897,4898,6891,8931,
113431712228,5684,15695,15613,6357,19726,20163,
113432212228,1369,1563,2901,4922,7061,8948,
113432712228,9643,11960,2882,4743,6732,9250,
113433212228,1540,12253,2914,4987,7242,8930,
113433712228,1598,12390,3065,4889,6909,8981,
113434712228,1504,23055,13659,4900,6905,19948,
113435212228,1401,1563,3212,4898,7060,9036,
113436712228,1443,12090,79382,15822,6894,52961,
113437712228,1522,12664,2996,4846,6712,8945,
113442212228,1592,12213,3105,4940,6927,8889,
113442712228,1360,12238,2915,4704,6847,8716,
113443712228,1435,11635,2907,4834,6923,9021,
113444212228,1687,12131,13608,4869,6898,8848,
113444712228,1699,12402,3088,5015,6903,9257,
113445712228,1555,1321,2915,16440,7042,19916,
113447212228,1597,12279,2840,4716,6975,8855,
113447712228,1376,12129,3175,15904,6943,9005,
113448712228,1458,12216,3000,15644,6977,19598,
113449212228,1352,1573,2944,4855,6707,8870,
113449712228,1344,12553,3100,4894,7114,9127,
113450212228,1598,12233,13736,5029,6966,8986,
113450712228,1280,11997,3099,4953,7356,8749,
113451712228,1237,1439,3007,4867,17991,8962,
113452212228,1399,12281,2936,4946,6943,8931,
113452712228,1283,12162,3201,4928,6809,8847,
113453212228,1452,1261,2941,4982,6935,8957,
113453712228,1420,12297,14315,4964,6965,8975,
113454212228,1463,1239,2929,4874,6891,8955,
113457212228,1252,1496,2904,5013,6953,9137,
113458212228,1388,12002,13709,4918,6841,8902,
113458712228,1388,11993,2907,4685,6860,8923,
113459212228,2435,12004,13765,4894,6896,9048,
113460712228,1769,12465,13720,4970,17976,8902,
113461212228,1538,12262,3175,4940,6952,8920,
113463712228,1621,1520,3003,5036,7218,8899,
113465712228,1831,1561,2830,5074,6839,8826,
113466712228,1582,1824,2902,5060,6892,8813,
113467212228,1321,1468,13663,4818,6819,8825,
113467712228,1586,1440,13810,4883,6752,8914,
113468712228,2391,11881,2844,4767,6732,8763,
113469212228,1442,1636,3411,4952,6930,8949,
113470712228,1439,1601,2950,5047,6900,8831,
113472212228,4049,15360,14335,15545,6705,8738,
113473212228,1520,12173,13875,4930,6855,8903,
113474212228,2015,12442,3277,4841,6843,8992,
113475712228,1497,24000,2836,4819,17907,8962,
113477712228,1327,12004,3115,4951,6756,8813,
113478712228,1357,11981,2989,4913,6970,19754,
113479712228,1598,1454,2914,4882,7296,8823,
113480212228,1243,11901,2970,4832,6867,8826,
113485712228,1818,12143,3079,5018,7117,9042,
113486712228,1145,1382,3114,4944,6755,8866,
113487212228,1392,12167,2985,5306,6914,8834,
113487712228,1270,11879,2950,4818,6743,9157,
113488712228,1483,12977,2918,4726,7109,8897,
113489212228,1346,12871,2932,4912,6939,8897,
113489712228,12511,12294,13625,4831,6874,8997,
113490212228,1340,11731,2891,15641,6878,8656,
113492212228,1307,1502,2954,5110,6721,8881,
113493712228,1485,12125,2843,4761,7015,8946,
113494212228,35083,1660,3038,4918,7080,9057,
113496212228,1306,12612,2982,5051,6937,8895,
113497712228,1591,12503,13769,4922,6675,8937,
113498212228,1270,11719,3036,4767,6771,8855,
113498712228,1919,12053,13920,4706,6871,8863,
113499212228,1384,1605,2707,4891,6878,9117,
113500212228,1470,12124,13703,4949,6990,8815,
113500712228,1529,12197,2857,5649,6960,9071,
113501712228,1455,1639,14094,5151,6872,8889,
113503212228,1497,12263,3001,4902,7044,8946,

