,W-0,R-0,R-1,R-2,R-3,R-4,
128509019665,1,2,1,1,1,1,
128509519665,1,2,1,1,1,1,
128510519665,1,2,1,1,1,1,
128511519665,1,2,1,1,1,1,
128512519665,1,2,1,1,1,1,
128516019665,1,2,1,1,1,1,
128516519665,1,2,1,1,1,1,
128517519665,1,2,1,1,1,1,
128521519665,1,2,2,1,2,2,
128524019665,1,2,2,1,1,1,
128525019665,1,2,1,1,1,1,
128526519665,1,2,1,1,1,1,
128527019665,1,2,1,1,1,1,
128527519665,1,2,1,1,1,1,
128530519665,1,2,1,1,1,1,
128531019665,1,2,1,1,1,1,
128531519665,1,2,1,1,1,1,
128532019665,1,2,2,1,1,1,
128533019665,1,2,1,1,1,1,
128536019665,1,2,1,1,1,1,
128538019665,1,2,2,2,2,2,
128538519665,1,2,1,1,1,1,
128539019665,1,2,2,1,1,2,
128540519665,1,2,1,1,1,1,
128541019665,1,2,1,1,1,1,
128543519665,1,2,2,1,1,1,
128544519665,1,2,2,1,1,1,
128545019665,1,2,1,2,2,1,
128547019665,1,2,1,1,1,1,
128548019665,1,2,1,1,1,1,
128548519665,1,2,1,1,1,1,
128549519665,1,2,1,1,1,1,
128550519665,1,2,2,1,1,1,
128551019665,1,2,1,1,1,1,
128552519665,1,2,1,1,1,1,
128554019665,1,2,1,1,1,1,
128554519665,1,2,2,2,2,1,
128557019665,1,2,1,2,1,1,
128557519665,1,2,1,1,1,1,
128558019665,1,2,1,1,1,1,
128559019665,1,2,1,1,1,1,
128559519665,1,2,1,1,1,1,
128560019665,1,2,2,1,1,1,
128561519665,1,2,1,1,2,1,
128562019665,1,2,1,1,1,1,
128563019665,1,2,1,1,1,1,
128563519665,1,2,1,1,1,1,
128564519665,1,2,1,1,1,1,
128565019665,1,2,1,1,1,1,
128565519665,1,2,1,1,1,1,
128566019665,1,2,2,1,1,2,
128567519665,1,2,1,1,1,1,
128569519665,1,2,2,1,1,1,
128570519665,1,2,1,1,1,1,
128571019665,1,2,2,2,2,1,
128571519665,1,2,1,1,1,1,
128572019665,1,2,2,1,1,1,
128573519665,1,2,1,1,2,1,
128576019665,1,2,1,1,1,1,
128576519665,1,2,1,1,1,1,
128577019665,1,2,1,1,1,1,
128578019665,1,2,2,1,1,1,
128579019665,1,2,1,1,1,1,
128579519665,1,2,1,1,1,1,
128580019665,1,2,2,2,1,1,
128580519665,1,2,1,1,1,1,
128581519665,1,2,2,1,2,2,
128583019665,1,2,1,1,1,1,
128583519665,1,2,1,1,1,1,
128584019665,1,2,1,1,1,1,
128584519665,1,2,2,1,1,1,
128586019665,1,2,1,1,1,1,
128587019665,1,2,1,1,1,1,
128587519665,1,2,1,1,1,1,
128588019665,1,2,2,1,1,1,
128588519665,1,2,1,1,1,1,
128589519665,1,2,1,1,1,1,
128590019665,1,2,1,1,1,1,
128594019665,1,2,1,1,1,1,
128594519665,1,2,2,2,1,1,
128596519665,1,2,1,1,1,1,
128597019665,1,2,2,2,2,2,
128597519665,1,2,2,1,1,1,
128598019665,1,2,1,1,1,1,
128599519665,1,2,1,1,1,1,
128600519665,1,2,1,1,1,1,
128603019665,1,2,1,1,1,1,
128603519665,1,2,1,1,1,1,
128604019665,1,2,2,2,2,2,
128604519665,1,2,1,1,1,1,
128605519665,1,2,1,1,1,1,
128606019665,1,2,1,1,1,1,
128606519665,1,2,1,1,1,1,
128610019665,1,2,2,1,1,1,
128610519665,1,2,1,1,1,1,
128611519665,1,2,1,1,2,1,
128614019665,1,2,1,1,1,1,
128614519665,1,2,1,1,1,1,
128616019665,1,2,1,1,1,1,
128617019665,1,2,1,1,1,1,
128617519665,1,2,1,1,1,1,
128618019665,1,2,1,2,1,1,
128619019665,1,2,1,1,1,1,
128620019665,1,2,1,1,1,1,
128621019665,1,2,1,1,1,1,
128622519665,1,2,2,2,1,1,
128623019665,1,2,2,1,1,1,
128624019665,1,2,1,2,2,1,
128624519665,1,2,1,2,1,1,
128625019665,1,2,1,1,1,1,
128625519665,1,2,1,1,1,1,
128626519665,1,2,2,1,1,1,
128627519665,1,2,2,1,1,1,
128628019665,1,2,2,1,1,1,
128628519665,1,2,1,1,1,1,
128629019665,1,2,1,1,1,1,
128631519665,1,2,1,1,1,1,
128632019665,1,2,1,1,1,1,
128634019665,1,2,1,1,2,1,
128634519665,1,2,1,1,1,1,
128635019665,1,2,1,1,1,1,
128636019665,1,2,2,1,1,1,
128636519665,1,2,2,1,1,1,
128640519665,1,2,1,1,1,1,
128641019665,1,2,2,1,2,2,
128642019665,1,2,2,2,2,2,
128644519665,1,2,1,1,1,1,
128645519665,1,2,1,2,2,2,
128646519665,1,2,1,2,1,2,
128648519665,1,2,1,1,1,1,
128649019665,1,2,1,1,1,1,
128649519665,1,2,1,1,1,1,
128650019665,1,2,1,1,1,1,
128651019665,1,2,1,1,1,1,
128651519665,1,2,1,1,2,2,
128652019665,1,2,1,1,1,1,
128653019665,1,2,1,1,1,1,
128653519665,1,2,2,1,1,1,
128654519665,1,2,1,1,1,1,
128655019665,1,2,1,1,1,1,
128655519665,1,2,1,1,1,1,
128657019665,1,2,1,1,1,1,
128658019665,1,2,1,1,1,1,
128660019665,1,2,2,1,1,1,
128660519665,1,2,1,1,1,1,
128661019665,1,2,2,2,1,1,
128661519665,1,2,2,1,1,1,
128662519665,1,2,2,2,1,1,
128663519665,1,2,1,1,1,1,
128664019665,1,2,1,1,1,1,
128665019665,1,2,1,2,1,1,
128665519665,1,2,2,1,1,1,
128666019665,1,2,1,1,1,1,
128666519665,1,2,1,1,1,1,
128667519665,1,2,2,1,1,1,
128668019665,1,2,2,2,2,2,
128669019665,1,2,2,2,2,2,
128669519665,1,2,2,2,2,2,
128670519665,1,2,2,2,2,2,
128671019665,1,2,2,2,2,2,
128672019665,1,2,1,1,1,1,
128672519665,1,2,1,1,1,2,
128675519665,1,2,2,2,1,1,
128677519665,1,2,2,2,2,2,
128678519665,1,2,1,1,1,1,
128679019665,1,2,2,2,2,2,
128679519665,1,2,1,1,1,1,
128680519665,1,2,1,1,1,1,
128681519665,1,2,1,1,1,1,
128682019665,1,2,2,2,2,1,
128682519665,1,2,1,1,1,1,
128683019665,1,2,1,1,1,1,
128683519665,1,2,2,2,2,2,
128685019665,1,2,1,1,1,1,
128686019665,1,2,1,1,1,1,
128686519665,1,2,1,1,1,1,
128689019665,1,2,1,1,1,1,
128690019665,1,2,1,1,1,1,
128691519665,1,2,1,1,1,1,
128692519665,1,2,2,2,2,2,
128693019665,1,2,2,2,1,1,
128694519665,1,2,1,1,1,1,
128697019665,1,2,2,2,1,2,
128697519665,1,2,1,1,1,1,
128698019665,1,2,2,1,1,1,
128699519665,1,2,2,2,2,1,
128700019665,1,2,2,2,2,2,
128702019665,1,2,2,1,1,1,
128702519665,1,2,2,2,2,2,
128703019665,1,2,2,1,1,1,
128704019665,1,2,1,1,1,1,
128705019665,1,2,1,1,1,1,
128705519665,1,2,1,1,1,1,
128706019665,1,2,2,1,1,1,
128706519665,1,2,1,1,1,1,
128707019665,1,2,1,1,1,1,
128707519665,1,2,1,1,1,1,
128708019665,1,2,1,1,1,1,
128709519665,1,2,2,1,1,1,
128711019665,1,2,2,2,1,2,
128713019665,1,2,2,2,1,1,
128714519665,1,2,1,2,2,1,
128715019665,1,2,2,2,2,2,
128716519665,1,2,2,2,1,1,
128717019665,1,2,1,1,1,1,
128719019665,1,2,1,1,1,1,
128720019665,1,2,2,1,1,1,
128721019665,1,2,2,2,2,2,
128721519665,1,2,2,2,2,2,
128722519665,1,2,2,1,1,1,
128723519665,1,2,1,2,1,2,
128724019665,1,2,1,1,1,1,
128724519665,1,2,2,1,1,2,
128727019665,1,2,1,1,1,1,
128730519665,1,2,1,1,1,1,
128731019665,1,2,1,1,1,1,
128731519665,1,2,1,1,1,1,
128732519665,1,2,1,1,1,1,
128733519665,1,2,2,2,1,1,
128734019665,1,2,2,2,2,2,
128735019665,1,2,1,1,1,1,
128735519665,1,2,1,1,1,1,
128736019665,1,2,1,1,1,1,
128736519665,1,2,1,1,1,1,
128738519665,1,2,1,1,1,1,
128739019665,1,2,1,1,1,1,
128740519665,1,2,1,1,1,1,
128741519665,1,2,2,1,2,2,
128747019665,1,2,2,1,2,2,
128749019665,1,2,2,1,1,1,
128750519665,1,2,1,1,1,1,
128753019665,1,2,2,1,1,1,
128755519665,1,2,1,1,1,2,
128756019665,1,2,2,1,2,1,
128756519665,1,2,1,1,1,1,
128757019665,1,2,1,1,1,1,
128758519665,1,2,1,1,1,1,
128759019665,1,2,1,1,1,2,
128759519665,1,2,1,1,1,1,
128760519665,1,2,1,1,1,1,
128761019665,1,2,1,1,1,1,
128761519665,1,2,1,1,1,1,
128762019665,1,2,1,1,1,1,
128763019665,1,2,2,2,2,1,
128763519665,1,2,1,1,1,1,
128764019665,1,2,1,1,1,1,
128764519665,1,2,1,1,1,1,
128765019665,1,2,2,2,1,1,
128765519665,1,2,1,1,1,1,
128767019665,1,2,1,1,1,1,
128767519665,1,2,1,1,1,1,
128769519665,1,2,2,2,1,1,
128770019665,1,2,2,1,1,2,
128771519665,1,2,1,1,1,1,
128772519665,1,2,2,1,1,1,
128775019665,1,2,1,2,1,1,
128775519665,1,2,2,1,1,1,
128776519665,1,2,2,1,2,1,
128778019665,1,2,2,1,1,1,
128779019665,1,2,1,1,1,1,
128781019665,1,2,1,1,1,1,
128781519665,1,2,1,1,1,1,
128782019665,1,2,1,1,1,1,
128782519665,1,2,2,1,1,1,
128783019665,1,2,1,2,1,1,
128784019665,1,2,1,2,1,1,
128785019665,1,2,1,2,1,1,
128785519665,1,2,1,1,1,1,
128786519665,1,2,1,1,1,1,
128787519665,1,2,1,1,1,1,
128788519665,1,2,2,1,2,2,
128789019665,1,2,1,1,1,1,
128791019665,1,2,2,1,1,1,
128791519665,1,2,2,2,2,2,
128792019665,1,2,2,1,1,1,
128792519665,1,2,1,1,1,1,
128794019665,1,2,1,1,1,1,
128794519665,1,2,1,1,1,1,
128796519665,1,2,1,2,1,2,
128797019665,1,2,2,1,2,1,
128799019665,1,2,1,1,1,1,
128800019665,1,2,1,1,1,1,
128800519665,1,2,1,1,1,2,
128801019665,1,2,1,1,1,1,
128801519665,1,2,1,1,1,1,
128802019665,1,2,2,1,1,1,
128803519665,1,2,1,1,1,1,
128805019665,1,2,1,1,1,1,
128805519665,1,2,2,1,1,1,
128806519665,1,2,1,1,1,1,
128807519665,1,2,1,1,1,1,
128808019665,1,2,1,1,1,1,
128810019665,1,2,2,1,1,1,
128810519665,1,2,2,1,1,1,
128811019665,1,2,1,1,1,1,
128811519665,1,2,1,1,1,1,
128812519665,1,2,1,1,2,1,
128814019665,1,2,1,1,1,1,
128815019665,1,2,1,1,1,1,
128815519665,1,2,1,1,1,1,
128816019665,1,2,2,1,1,1,
128816519665,1,2,1,1,1,1,
128817019665,1,2,1,1,1,1,
128818519665,1,2,1,1,1,1,
128819519665,1,2,1,1,1,1,
128820019665,1,2,1,1,1,1,
128821019665,1,2,1,1,1,1,
128821519665,1,2,1,1,1,1,
128822019665,1,2,2,2,1,2,
128823519665,1,2,1,1,1,1,
128824019665,1,2,2,1,1,1,
128825019665,1,2,2,1,1,1,
128826519665,1,2,1,1,1,1,
128827519665,1,2,1,1,1,1,
128828019665,1,2,2,1,2,1,
128828519665,1,2,1,1,1,1,
128830019665,1,2,1,1,1,1,
128830519665,1,2,2,1,1,1,
128832019665,1,2,1,2,2,1,
128833019665,1,2,1,1,1,1,
128833519665,1,2,1,1,1,1,
128834519665,1,2,1,1,1,1,
128835519665,1,2,2,2,2,1,
128836019665,1,2,1,1,1,1,
128836519665,1,2,1,1,1,1,
128838519665,1,2,1,1,2,1,
128839519665,1,2,2,1,1,1,
128840019665,1,2,1,1,1,1,
128840519665,1,2,1,1,1,1,
128841019665,1,2,2,2,2,2,
128842019665,1,2,2,1,1,1,
128842519665,1,2,2,1,1,1,
128843019665,1,2,1,1,1,1,
128843519665,1,2,2,2,2,1,
128844019665,1,2,1,1,1,1,
128844519665,1,2,1,1,1,1,
128845019665,1,2,1,1,1,1,
128845519665,1,2,1,1,1,1,
128846019665,1,2,1,1,1,1,
128846519665,1,2,1,1,1,1,
128847019665,1,2,1,1,1,1,
128848519665,1,2,2,1,1,2,
128850019665,1,2,1,1,1,1,
128850519665,1,2,2,1,1,1,
128851019665,1,2,2,1,1,1,
128851519665,1,2,1,1,2,2,
128852019665,1,2,2,1,1,1,
128853019665,1,2,1,1,1,1,
128853519665,1,2,1,2,1,1,
128857019665,1,2,1,1,1,1,
128857519665,1,2,1,1,1,1,
128858019665,1,2,1,1,1,1,
128858519665,1,2,1,1,1,1,
128859519665,1,2,1,2,2,1,
128860019665,1,2,1,1,1,1,
128860519665,1,2,2,2,1,2,
128862019665,1,2,1,1,1,1,
128865019665,1,2,1,1,1,2,
128867019665,1,2,1,1,1,1,
128869019665,1,2,1,1,1,1,
128869519665,1,2,2,1,1,1,
128870019665,1,2,1,1,1,1,
128871019665,1,2,1,1,1,1,
128871519665,1,2,1,1,1,1,
128873019665,1,2,1,1,1,1,
128874519665,1,2,2,1,1,1,
128875019665,1,2,2,2,1,1,
128876019665,1,2,1,1,1,1,
128877019665,1,2,1,1,1,1,
128877519665,1,2,1,1,1,1,
128878519665,1,2,1,1,1,1,
128880519665,1,2,1,1,1,1,
128881019665,1,2,1,1,1,1,
128881519665,1,2,1,1,1,1,
128882019665,1,2,2,1,1,1,
128883519665,1,2,1,1,1,1,
128885019665,1,2,1,1,1,1,
128885519665,1,2,1,1,1,1,
128886519665,1,2,2,1,1,1,
128887519665,1,2,2,1,1,1,
128888019665,1,2,2,1,1,1,
128888519665,1,2,1,1,1,1,
128889519665,1,2,1,2,2,1,
128890019665,1,2,2,2,2,2,
128890519665,1,2,1,1,1,1,
128891019665,1,2,1,1,1,1,
128891519665,1,2,2,1,1,1,
128892019665,1,2,2,2,2,1,
128893019665,1,2,1,1,2,1,
128893519665,1,2,2,2,2,1,
128894019665,1,2,1,1,1,2,
128894519665,1,2,2,1,1,1,
128896519665,1,2,1,1,1,1,
128897519665,1,2,1,1,1,1,
128898519665,1,2,1,1,1,1,
128900519665,1,2,1,1,1,1,
128903019665,1,2,2,1,1,1,
128904019665,1,2,1,1,1,1,
128904519665,1,2,1,1,1,1,
128905019665,1,2,1,1,1,1,
128906019665,1,2,1,1,1,1,
128907019665,1,2,1,1,1,1,
128907519665,1,2,1,1,1,1,
128908019665,1,2,2,1,2,1,
128908519665,1,2,2,1,1,1,
128909019665,1,2,2,1,1,1,
128910019665,1,2,2,2,2,2,
128910519665,1,2,2,1,1,1,
128912019665,1,2,1,1,1,1,
128913019665,1,2,1,2,1,2,
128917519665,1,2,1,1,1,1,
128918019665,1,2,2,1,1,1,
128919019665,1,2,2,1,1,1,
128919519665,1,2,1,1,1,1,
128920019665,1,2,1,1,1,1,
128921019665,1,2,2,1,1,1,
128922519665,1,2,1,1,1,1,
128923019665,1,2,1,1,1,1,
128924019665,1,2,1,1,1,1,
128924519665,1,2,1,1,1,1,
128925019665,1,2,1,1,1,1,
128925519665,1,2,1,1,1,1,
128926019665,1,2,2,1,2,1,
128927019665,1,2,1,1,1,1,
128927519665,1,2,2,1,1,1,
128928019665,1,2,1,1,1,1,
128928519665,1,2,2,1,1,1,
128929019665,1,2,1,1,1,1,
128929519665,1,2,1,1,1,1,
128932519665,1,2,2,2,1,1,
128933519665,1,2,1,1,1,1,
128934019665,1,2,1,1,1,1,
128934519665,1,2,1,1,1,1,
128936019665,1,2,1,1,1,1,
128936519665,1,2,1,1,1,1,
128939019665,1,2,1,1,1,1,
128941019665,1,2,1,1,1,1,
128942019665,1,2,1,1,1,1,
128942519665,1,2,2,1,1,1,
128943019665,1,2,2,1,2,2,
128944019665,1,2,1,1,1,1,
128944519665,1,2,1,1,1,1,
128946019665,1,2,2,2,2,1,
128947519665,1,2,1,1,1,1,
128948519665,1,2,1,1,1,1,
128949519665,1,2,2,2,1,1,
128951019665,1,2,2,1,1,1,
128953019665,1,2,2,1,1,1,
128954019665,1,2,1,1,1,1,
128955019665,1,2,2,1,1,1,
128955519665,1,2,2,1,2,2,
128961019665,1,2,2,1,1,2,
128962019665,1,2,1,1,1,1,
128962519665,1,2,2,1,1,1,
128963019665,1,2,1,1,1,1,
128964019665,1,2,1,1,1,1,
128964519665,1,2,2,1,1,1,
128965019665,1,2,1,1,1,1,
128965519665,1,2,2,1,1,1,
128967519665,1,2,1,1,1,1,
128969019665,1,2,2,2,2,1,
128969519665,1,2,2,2,2,2,
128971519665,1,2,1,1,1,1,
128973019665,1,2,2,2,2,2,
128973519665,1,2,2,2,1,1,
128974019665,1,2,2,2,1,2,
128974519665,1,2,2,2,2,1,
128975519665,1,2,1,1,1,1,
128976019665,1,2,2,2,1,2,
128977019665,1,2,1,1,1,1,
128978519665,1,2,2,1,1,1,

