,W-0,R-0,R-1,R-2,R-3,R-4,
130294732350,55491,12057,3234,6861,7061,10571,
130295232350,31247,12315,14113,5148,7001,9252,
130296232350,32250,12340,2928,4924,7067,8989,
130297232350,73133,12544,2964,5105,7175,9127,
130298232350,47530,45926,14041,5006,7205,42875,
130301732350,54364,12585,3039,5062,7082,9294,
130302232350,34818,12505,2996,4926,7529,9012,
130303232350,36748,12935,24936,15913,29507,19762,
130307232350,16212,12356,2982,4880,6918,8853,
130309732350,11902,12825,3037,15918,17867,8870,
130310732350,47394,12199,2858,4861,7015,8902,
130312232350,49796,12470,2945,4999,6952,8850,
130312732350,21799,12218,14077,4910,6861,9606,
130313232350,30055,12167,2861,4855,6795,8963,
130316232350,85162,12091,2886,4848,6911,8999,
130316732350,14286,12808,14031,5093,6887,8940,
130317232350,11700,12053,18988,4807,6949,9001,
130317732350,28504,23284,13894,15796,17787,8957,
130318732350,51391,12080,2861,4795,6988,9278,
130321732350,17189,12841,25030,4946,28768,8854,
130323732350,30508,12386,13948,4887,6835,8864,
130324232350,51316,11859,2894,5106,7237,8824,
130324732350,31814,12265,2993,4907,6806,9419,
130326232350,43237,11999,3023,4913,6890,8877,
130326732350,23865,11928,3376,4858,6766,8848,
130329232350,30250,13523,2993,4909,18382,9310,
130330232350,20578,12023,3459,5121,7048,8991,
130330732350,40572,11775,2958,4883,6883,8915,
130332732350,43514,12338,14029,17414,17745,19749,
130333732350,248620,12138,14237,16325,18232,42498,
130334232350,19794,12216,3031,4899,7206,8950,
130335232350,32948,12249,13973,4891,6929,9040,
130336232350,120294,12100,2909,4875,6836,8919,
130336732350,49296,12547,3126,5009,7019,9046,
130338232350,37935,11975,2879,4958,6979,8996,
130339732350,19208,12513,3047,5435,6917,9124,
130340232350,29487,12205,13846,15860,6826,8857,
130342732350,12033,12258,2933,4831,6916,8934,
130343232350,43942,12253,13649,4845,6794,8906,
130343732350,42175,12042,14028,5035,6890,8986,
130344732350,49594,12240,13894,15884,7602,8973,
130345232350,52912,12830,14098,4875,6944,20358,
130345732350,35563,12039,2925,4829,6864,8835,
130347232350,21042,11859,3080,4865,6789,9009,
130347732350,24258,12284,2862,4842,6848,8919,
130348732350,41204,11868,2806,4859,6894,8876,
130349232350,50606,12150,2881,4828,6895,8838,
130350232350,29730,12193,2996,4999,6887,8835,
130350732350,15910,23221,24983,16085,6842,9014,
130351232350,36719,11808,2896,4821,6806,8847,
130351732350,29400,11824,2933,4953,6913,9023,
130353232350,16432,12542,3101,5125,7015,9621,
130355232350,30017,11912,2934,4880,6805,8812,
130356232350,31320,12055,2894,4899,6933,9230,
130356732350,17573,11808,3005,4821,6846,8766,
130357232350,9568,23135,13741,15777,6855,19587,
130357732350,42259,12008,3113,4832,6843,8902,
130359232350,165977,12272,3433,5387,6827,8819,
130361732350,13880,12643,14119,4855,6972,8909,
130362232350,29062,12011,2921,4901,6817,9101,
130362732350,26072,12108,2981,4924,7035,8989,
130363732350,62763,34529,25117,26894,29292,31149,
130364732350,26965,12100,2883,4854,7144,9241,
130365232350,75930,12265,3124,16195,7156,9169,
130365732350,38022,37548,2900,15523,17518,41492,
130366232350,16360,12014,13742,4805,6975,8846,
130367232350,18598,12406,2807,4867,6826,8767,
130368732350,35715,12058,13839,4913,17921,19882,
130369232350,27150,12154,2887,4846,6920,8822,
130369732350,42880,12104,2877,4762,7137,8953,
130370232350,40416,11991,2942,4870,6823,8881,
130371732350,10377,12177,2958,15913,17996,8861,
130372732350,28958,12106,2897,15773,17786,19837,
130373232350,15550,12082,14028,4762,6982,8939,
130373732350,7989,11806,2892,4845,6862,8879,
130374232350,33818,11881,2957,4930,6909,8863,
130375232350,36602,12090,2957,5095,6903,8903,
130375732350,45246,12133,13913,4771,6828,8866,
130379732350,28146,11507,2896,4781,6784,8757,
130380232350,34207,12064,2924,4813,6781,8796,
130382232350,23032,12164,2911,4841,7018,8973,
130382732350,40477,12005,13868,4798,6841,8873,
130383232350,12921,11977,2816,4788,6828,8805,
130383732350,28256,11649,2897,5055,6780,8795,
130385232350,34519,12096,2933,5006,6948,8799,
130386232350,46695,12094,13917,4808,6838,9196,
130388732350,26583,12058,13761,4879,17763,9004,
130389232350,59225,44777,14172,4952,41108,9044,
130389732350,25815,12321,2992,5121,6835,8904,
130390232350,47567,11959,13756,19714,9287,10085,
130391232350,143387,12105,13742,15844,17696,8852,
130391732350,108183,45374,46903,52265,51994,53925,
130392232350,104900,12506,13739,4817,6776,8945,
130395732350,32812,11733,2924,4787,7615,8882,
130396232350,48081,12181,3031,5196,6865,8924,
130397232350,85984,11804,2907,4928,6827,8778,
130399732350,15751,12065,2990,4872,6981,9000,
130400232350,19837,12271,13780,4778,6840,8785,
130401732350,41032,11814,2876,4718,6827,8802,
130402732350,37395,11978,3047,4859,6861,9032,
130403232350,17439,11787,2759,4895,6839,8714,
130403732350,32637,12227,3104,15714,6823,8760,
130404732350,40126,12490,13801,4811,17696,9105,
130405732350,7400,11984,13791,4744,6791,8817,
130406732350,14417,11889,2928,4908,7030,9013,
130408232350,53559,23468,13925,4969,17862,8956,
130408732350,20096,12035,2991,4792,6740,9148,
130409732350,49992,12240,2833,4883,6891,8761,
130410232350,22872,11962,2846,4852,6744,9023,
130410732350,51056,23125,13832,15828,17757,20017,
130411232350,47034,12330,14125,4814,6948,9158,
130412232350,39536,12259,3488,4817,6909,8997,
130413232350,17935,12183,13967,4824,6985,9148,
130413732350,38931,12329,13547,26369,17889,19733,
130414232350,57002,12012,14047,15764,6906,20155,
130414732350,51725,12045,3265,4844,6955,8849,
130417232350,18364,12394,14355,4880,6827,9114,
130417732350,162788,23183,13781,4833,18025,19929,
130419732350,99406,11883,2891,4847,6801,9241,
130420232350,22282,12296,2932,4894,6837,8756,
130420732350,44887,12015,2968,4823,6925,8848,
130421732350,24205,11826,13865,4803,6854,8816,
130422232350,30966,11923,2918,4807,6788,9034,
130426232350,54548,12401,3206,4937,7192,9040,
130426732350,18807,11900,2914,4806,6771,8789,
130427732350,20963,12006,3200,4756,6856,8860,
130430232350,18019,12284,3036,6595,6995,8850,
130431232350,33184,12184,2969,4850,6898,8794,
130432232350,12212,12404,2832,4945,6904,8858,
130434232350,43304,22732,24612,26455,28787,30556,
130434732350,18403,11983,2963,27205,17992,8895,
130435232350,39797,12467,13849,4908,6960,8918,
130435732350,36876,12632,2921,4842,6906,9067,
130436732350,38633,12165,13756,4789,17781,8970,
130437232350,42129,12609,2853,4856,7005,8988,
130437732350,57371,12201,2888,4870,6942,9007,
130438732350,155030,11941,13752,5005,7020,9041,
130439232350,43370,11902,2907,4783,6763,8764,
130440232350,30951,11909,3012,4937,7045,8852,
130440732350,29045,12496,3412,5615,6988,8812,
130441232350,38635,11858,2756,4846,6860,8714,
130442732350,61616,12478,3541,5011,6909,9019,
130443732350,13564,12256,2900,4789,6873,8786,
130445732350,46975,11952,2845,4871,6860,8804,
130446232350,33625,11927,2968,4916,7101,8820,
130446732350,20874,11878,2903,4823,6779,9059,
130447232350,47384,11581,2714,4627,6692,8730,
130448232350,38557,11849,3079,4744,6720,8784,
130449232350,20036,12488,2762,4760,6866,9130,
130449732350,35549,12551,13568,4861,6936,8947,
130450732350,32365,12271,2910,4811,7252,8807,
130451232350,51430,11862,2804,4763,7017,8772,
130451732350,45090,12258,2866,4842,6789,8791,
130452232350,13413,11820,2930,15431,6878,8880,
130453232350,41148,23445,13847,4900,39813,19830,
130453732350,9185,23150,3031,16037,17942,8984,
130454732350,83361,12441,14208,5027,6981,8868,
130455232350,43696,22703,24441,15572,7501,30649,
130456232350,79185,12133,2871,4774,6800,8886,
130456732350,297284,133870,135128,136722,139069,130557,
130457732350,300000,160224,167778,159832,190186,167912,
130458232350,106037,34949,14000,4966,41770,8934,
130461232350,39408,12127,3149,4906,6820,8968,
130463232350,26914,12032,3095,4902,7097,8832,
130464232350,35522,11961,13614,5135,6825,8816,
130464732350,51346,12043,2989,5015,6817,8894,
130465232350,61184,11798,2856,4918,6788,8777,
130466232350,27916,11811,2898,4913,6916,8875,
130467232350,24763,11873,13386,4733,6814,8797,
130467732350,11639,12382,13712,4833,6896,8778,
130468232350,300000,12007,13868,5129,6876,8848,
130468732350,199313,154250,158491,159876,151625,151216,
130469232350,157701,12762,3061,5010,7404,9948,
130470732350,20437,12036,2998,4976,6846,8982,
130471732350,43706,12001,3184,4830,6794,8806,
130472232350,18508,11865,13618,4802,18283,19845,
130474732350,32387,11949,3270,4778,6926,9427,
130475732350,282369,12522,2914,27800,7028,30914,
130477232350,38287,11791,2840,4987,6797,8998,
130478232350,96760,11995,3091,4946,6954,8897,
130478732350,30166,12020,2922,4800,7135,8940,
130480232350,37024,12085,13638,4871,6814,8803,
130482732350,76711,23712,14052,16100,6992,19631,
130483232350,300000,12736,3104,5066,7121,9004,
130483732350,NULL,NULL,NULL,NULL,NULL,NULL,
130485232350,60376,13965,3035,5365,7223,8924,
130485732350,31828,11594,13494,4684,17849,8731,
130487732350,39921,11703,2959,4859,6795,8862,
130488232350,300000,11822,3011,15792,17634,8734,
130488732350,19011,11875,3003,4933,6902,8834,
130489732350,19929,12432,35433,15777,6822,20036,
130490732350,39058,12061,3202,4810,6765,8751,
130491232350,25712,12015,2893,4990,7039,8903,
130491732350,12165,12315,2891,4790,6820,8862,
130492232350,50031,12612,14364,4884,7000,8892,
130492732350,24861,12342,2850,4837,7088,9067,
130493232350,11578,11999,3883,4818,6875,8759,
130493732350,26217,11754,3039,4719,7437,8783,
130495232350,43078,12539,13620,16048,6804,8889,
130496732350,69615,11781,2970,4813,6854,8871,
130498732350,17969,11875,13896,4724,6852,8791,
130500232350,11975,12239,2844,5004,7263,8984,
130500732350,44314,11711,2942,4990,6802,8861,
130502232350,43856,11804,3054,4951,6806,8718,
130502732350,42393,12452,3116,4887,6922,8898,
130504732350,45085,11922,2824,5183,6946,8974,
130505732350,47565,12451,24738,15976,18241,19894,
130506732350,56899,12190,2854,15815,18149,8793,
130507232350,34439,12030,13736,4993,6861,8875,
130508232350,9844,11913,14136,4804,6841,8857,
130509232350,48898,11731,2868,4798,6931,8790,
130509732350,18164,12201,2972,16164,6795,8785,
130510232350,21832,11884,2848,4820,7033,8949,
130512732350,35232,11885,3333,4842,6916,8867,
130516232350,28026,11710,2904,4904,6807,8790,
130516732350,46280,12012,13850,4946,6900,8771,
130517232350,20349,185407,153822,123127,115514,128096,
130518232350,39362,44221,68135,47915,71810,42070,
130519232350,58943,NULL,NULL,NULL,NULL,NULL,
130519732350,300000,11855,2841,4720,6740,8776,
130520732350,70527,34504,56790,37563,40137,41039,
130521232350,24931,66099,3279,37750,17701,8879,
130521732350,16970,11796,13545,4794,7862,8817,
130522232350,38495,44324,46171,4868,18033,8714,
130524232350,45718,12028,13799,4910,6960,8939,
130524732350,36526,11989,13689,5052,6770,8796,
130526232350,15712,12444,2756,4776,6853,8907,
130527232350,13490,12235,3248,5267,6993,8926,
130532732350,42104,12036,13526,4798,6755,8691,
130534732350,41888,11946,13627,4692,6852,8806,
130536232350,49752,12042,13781,15552,17438,19737,
130538732350,43258,12383,13917,4828,7013,8790,
130541232350,35396,11835,2813,4778,6856,9228,
130541732350,44970,12241,13889,4803,6858,19818,
130542232350,48500,12460,3065,4791,6868,8951,
130542732350,15851,12209,3053,4972,6947,9120,
130544232350,41913,11848,13757,4890,6834,8757,
130544732350,18173,12072,2835,4807,6986,8915,
130545232350,18521,15479,26560,15794,7426,19842,
130546232350,290182,12101,35142,4898,18034,19631,
130546732350,187875,11927,2970,4964,6785,9436,
130547232350,36050,11952,2856,5056,6997,8854,
130547732350,57219,22712,13962,15588,17562,19436,
130548732350,25220,11641,13732,4855,6783,8870,
130549232350,30021,11834,2808,4860,6804,8736,
130549732350,37223,12165,13743,4768,6848,8782,
130550232350,20980,11762,2839,4837,7491,8951,
130550732350,34278,11995,2821,4820,6893,8957,
130551232350,36937,12068,3134,5012,6949,8815,
130552732350,29296,11837,2904,4962,6902,9213,
130553232350,18851,12281,13753,4893,6754,9024,
130555232350,38537,12272,2807,4772,6836,8815,
130555732350,50342,12017,2817,4808,6847,8787,
130557232350,37970,22706,2888,15715,6812,19828,
130558232350,16480,12063,13883,4945,6950,8770,
130560732350,28594,11846,2977,4756,6828,8833,
130561232350,47943,12356,3294,4855,6854,8835,
130562232350,148749,11810,13723,4825,6783,8794,
130563732350,45165,11855,2910,15581,6931,8943,
130564732350,30387,11996,17347,6631,6789,8978,
130566732350,37971,12106,2827,4778,6914,8823,
130567232350,41818,11879,2860,5061,6796,8807,
130567732350,44551,12277,2793,4974,6778,8825,
130568232350,14572,12002,2787,4710,6851,8843,
130568732350,47640,12356,13753,4843,7167,8946,
130569732350,41551,12040,2715,4802,7214,8859,
130570732350,48928,12010,2889,4758,6795,8726,
130571232350,17893,11974,2889,4732,6606,8717,
130572232350,75311,22453,13495,4870,17490,19481,
130573232350,77574,12058,13428,4925,6871,8685,
130574232350,33097,11777,2811,15517,17480,19594,
130574732350,190441,34465,14013,4896,6898,8955,
130576732350,73988,23131,24575,4891,28550,8924,
130577232350,300000,12756,3087,5209,7220,9202,
130577732350,NULL,NULL,NULL,NULL,NULL,NULL,
130578232350,NULL,NULL,NULL,NULL,NULL,NULL,
130579732350,7562,20078,4043,5044,16918,19786,
130580232350,33749,12412,2795,37201,6947,19339,
130582232350,27391,11944,2918,4806,6857,8814,
130582732350,288489,23134,35705,37789,28767,19759,
130584732350,155894,100301,100187,101919,103885,106235,
130585732350,44331,11937,2968,4788,6885,8807,
130586232350,7862,11895,3149,5000,17701,8872,
130586732350,22599,11937,13756,4804,6807,8867,
130587232350,123540,88328,92824,83216,84803,84892,
130587732350,30242,11945,2780,4825,6824,8753,
130589232350,75459,11736,13461,5063,6780,19540,
130590732350,41039,11966,13773,4871,7016,9007,
130591232350,38774,11881,2785,15384,17863,8710,
130592232350,11944,12054,2824,5261,6898,8760,
130593232350,106962,12078,3065,4862,6773,8837,
130593732350,22385,11783,2931,4863,6771,8772,
130595732350,97894,12024,2887,4750,6943,8940,
130596232350,40536,11875,24616,15584,28475,30333,
130596732350,42885,11965,14207,4860,6752,8852,
130597232350,46338,12408,14415,15794,6968,8898,
130598232350,29427,12062,13689,4996,6722,8766,
130599732350,47573,11840,2807,4798,6801,8791,
130600732350,47323,11995,13702,15596,17426,8861,
130601232350,18167,11884,2849,4732,6773,8691,
130601732350,38001,12127,13714,4818,6871,8956,
130602232350,52005,11921,2774,4737,6954,9044,
130602732350,32704,12358,13922,15613,17690,19711,
130604232350,19811,11553,2775,4856,6785,8775,
130605232350,42288,12027,3023,5120,6753,9240,
130605732350,41916,11699,13538,4852,6714,8764,
130606732350,24629,12090,2975,4793,6913,19639,
130607232350,41272,12119,2935,5057,6782,8877,
130607732350,25943,12414,3492,4819,6818,8825,
130609232350,20179,11919,2994,4826,6973,9014,
130609732350,17454,12026,14238,4765,6854,8829,
130610732350,13388,11834,2940,4888,6915,8837,
130612232350,25119,11782,3032,4750,6823,8807,
130613232350,12300,11856,2820,15414,6828,8758,
130613732350,32967,12139,2837,4778,6799,8775,
130614232350,65181,34411,3205,26534,17635,9818,
130615732350,11591,12281,2843,4780,6804,8773,
130616232350,9895,12276,13991,4876,6768,8740,
130617732350,51589,12046,13849,15612,17791,19754,
130618732350,17969,11900,2827,4761,6818,8846,
130619232350,16989,11618,2838,5132,6796,8788,
130620232350,18803,11997,13482,4873,6764,8894,
130621232350,27087,12166,2869,4772,6713,8685,
130621732350,18487,23158,2857,4744,17493,19461,
130622232350,41118,12954,14079,4798,6849,8943,
130624232350,35222,11820,3220,15747,6817,9203,
130625232350,25212,13580,13782,15699,6750,9292,
130625732350,29373,12084,2889,4775,6843,8754,
130626232350,27576,11849,2859,4856,7109,8741,
130626732350,52982,12236,14229,4767,17869,8894,
130627732350,34033,11978,2764,4741,6750,8923,
130628232350,63913,12116,2913,4851,6763,8718,
130628732350,36360,11751,2866,4890,6807,8811,
130629232350,42438,12306,2807,4778,6825,9412,
130629732350,16025,45129,2826,4868,18303,30995,
130630232350,27033,11963,2902,4930,6801,8792,
130630732350,13621,12335,3191,4819,6788,8801,
130631232350,39225,11907,2811,4835,6787,8629,
130631732350,26348,11809,13759,15526,6838,8891,
130632232350,46994,12260,13695,15597,17906,8888,
130632732350,41977,11778,2904,4810,6825,8893,
130634232350,44226,12332,13872,4760,6771,8838,
130635732350,42941,11884,13804,4804,6798,8963,
130636232350,41495,11979,2948,5170,6903,8763,
130636732350,10512,11988,13720,4850,6808,8893,
130637232350,37089,12293,2925,4784,7501,8885,
130637732350,11902,12044,2942,4963,6984,8758,
130638732350,25222,12373,2856,4814,7096,8734,
130639232350,118024,11823,2819,4776,6754,8729,
130642732350,11218,11933,2920,4797,6803,8820,
130643232350,46931,12746,13608,15721,17781,19827,
130643732350,16379,11836,13923,4824,6774,8759,
130644232350,14848,11879,2850,4860,7249,9516,
130645232350,12586,32916,24098,4766,39735,19411,
130645732350,58877,11921,13543,15742,6720,8637,
130646232350,137205,11954,2915,4902,6896,8817,
130647732350,40105,12279,13694,5195,6780,8805,
130650732350,34595,11991,2900,15631,17532,19635,
130652732350,17805,11916,2932,4757,6748,8843,
130654732350,52930,11956,2912,4905,6912,8894,
130655232350,49812,12045,2987,4809,6864,8875,
130655732350,280179,12031,2816,4746,6730,8765,
130656732350,25313,13178,13464,4867,17643,8857,
130657232350,43065,11833,14220,4947,6909,8854,
130658732350,31291,12244,14164,4818,6840,8883,
130660232350,52537,11710,13563,4825,8598,8948,
130660732350,44569,11929,2780,4842,6856,8929,
130661732350,52375,11858,3635,5267,6828,8884,
130662732350,7776,12377,3002,4948,6835,9067,
130663232350,28817,11865,13775,4852,6930,8911,
130664232350,52783,11948,14180,15817,6968,19784,
130666232350,104464,12546,3014,5117,6806,9135,
130666732350,202361,11933,3083,5476,6801,8816,
130667232350,86392,12108,13985,26858,6842,8978,
130667732350,12228,12115,2824,4945,6986,8899,
130669232350,34325,11917,13692,4709,6818,8790,
130670732350,50157,12404,2894,4813,7039,8950,
130671232350,16566,11888,2855,4815,7083,9022,
130672232350,26430,33237,2923,15490,18149,41109,
130673232350,15619,12038,13649,4844,6770,8868,
130673732350,48476,12034,2860,4868,7091,8827,
130674232350,17390,12260,3122,16363,6810,8893,
130675232350,44224,11737,3000,4858,17380,8875,
130675732350,16344,11830,2759,4763,6813,8812,
130676232350,51236,11832,3024,4993,6804,8728,
130676732350,175030,12118,13838,15579,18137,19598,
130677232350,35460,11831,13698,4753,6853,8752,
130677732350,27093,11918,13522,15562,6955,8929,
130678732350,22946,11972,2966,4981,6873,19920,
130679232350,52291,11874,13612,4772,6787,8777,
130679732350,41957,11947,14580,4789,6833,8784,
130680232350,45488,11906,2777,4887,6829,8709,
130682232350,41901,11821,2811,4807,6801,8820,
130683232350,142805,12336,13856,4977,6963,9147,
130684232350,27838,11826,13631,15519,6766,8783,
130686232350,31981,11687,2795,15477,17519,9430,
130688732350,37503,11634,2860,5000,6875,8772,
130689732350,38745,12042,2877,5025,6762,8768,
130690232350,13494,11748,13592,4878,6884,8913,
130690732350,19015,12018,13564,4801,6870,8855,
130691732350,52945,11826,14037,15592,17605,19886,
130692732350,25567,11828,13642,4609,6819,8760,
130693232350,40141,11707,13695,4789,17582,8712,
130693732350,44171,12092,3009,5121,6820,8989,
130694232350,18558,11912,2837,5126,6942,19835,
130694732350,19457,12004,13594,4750,6830,8979,
130695732350,43692,12209,13788,15760,18038,19811,
130696232350,27783,11600,3003,4727,6643,8723,
130697732350,61029,12553,13895,15915,17552,19558,
130698732350,110018,78736,79766,70163,72117,74078,
130703232350,28829,11632,2883,4743,6730,9067,
130703732350,26209,11734,13550,4833,6874,20348,
130704732350,123267,12030,2992,15843,17767,8927,
130705232350,23336,11916,36025,4973,6924,8883,
130705732350,35110,11855,2983,5000,6804,8805,
130706732350,16990,12326,15023,37209,28525,62796,
130708232350,39406,11840,2748,4747,6770,8802,
130708732350,174845,12096,2920,5060,6887,8790,
130709732350,125817,12107,2827,4793,6849,8777,
130710232350,300000,34824,36148,38038,40585,41796,
130710732350,275016,12546,3031,5066,7013,9022,
130711232350,203415,12224,3279,4867,7028,9018,
130711732350,149174,12135,13752,5429,6792,8884,
130712732350,34710,11761,2737,4770,6791,8840,
130713232350,44375,11850,13932,4857,6910,9049,
130713732350,24738,12113,2909,4936,6969,8911,
130714232350,15359,12281,3057,5012,7280,8816,
130714732350,30854,12010,2695,4702,6816,8910,
130715232350,40373,16350,6162,5890,6924,8809,
130718232350,47809,12155,2970,4979,7001,8810,
130719232350,27193,12077,13767,4936,6929,8902,
130719732350,13751,11982,13836,4756,7615,9350,
130720232350,56924,11931,13892,4951,6968,8928,
130721732350,39539,11787,2814,4861,6843,8824,
130722232350,19903,11799,2924,4900,6805,8788,
130724732350,15859,11966,13937,4997,7016,8870,
130726732350,13507,11963,13613,15422,6877,8807,
130727732350,78071,12555,2936,4850,6809,8923,
130728232350,41235,12519,3005,4757,6784,8830,
130728732350,27950,11850,2899,5123,7169,8842,
130729732350,23248,11961,3120,5058,6939,9117,
130730232350,22231,12073,3158,4803,6871,8804,
130731732350,19754,11917,2844,4721,6906,8862,
130733232350,40184,12189,13498,4727,6760,8719,
130734232350,38434,12496,2861,4847,6828,8753,
130735232350,66357,12008,2844,4984,7044,9382,
130736732350,10096,11911,2926,4724,6789,8881,
130738732350,45547,12949,2817,4811,6864,8739,
130739732350,18814,11934,13545,4811,17912,8838,
130740732350,48109,12047,2999,4851,6782,8752,
130741232350,20889,12181,13919,5160,6853,8810,
130746732350,43986,12065,2886,4725,7019,8906,
130747732350,33936,11787,2838,4824,6885,9355,
130748232350,19494,11898,3035,5044,6813,8761,
130748732350,41569,12755,13711,4758,6965,8899,
130749732350,42842,11876,2942,4771,6826,8840,
130750232350,17853,11948,3204,4788,6910,8762,
130750732350,32968,11624,3134,4804,6768,8780,
130751232350,36949,11703,3200,4782,6791,8974,
130753232350,38910,11822,13447,15299,6855,19432,
130754732350,40104,11913,3147,4771,6816,8841,
130755232350,31736,12050,2927,4909,6789,8858,
130757232350,35471,11829,3078,4921,7024,9032,
130758732350,47150,11913,13601,16071,6791,19700,
130759232350,33487,11747,45743,15401,28115,19467,
130759732350,32960,11845,2859,4725,6826,8735,
130760232350,19649,11916,13731,4808,6855,8831,
130761232350,15861,11799,2889,4764,6885,8800,
130761732350,7846,11839,2848,4762,6809,8792,
130762732350,108633,11889,2996,4849,7047,8899,
130764232350,15913,11811,2907,4750,6768,9144,

