,W-0,R-0,R-1,R-2,R-3,R-4,
133872309984,1,1,1,1,1,1,
133872809984,1,1,1,1,1,1,
133873809984,1,2,1,1,1,1,
133874809984,1,1,1,1,1,1,
133875809984,1,2,2,2,2,2,
133879309984,1,1,1,1,1,1,
133879809984,1,1,1,1,1,1,
133880809984,1,1,1,1,1,1,
133884809984,1,1,1,1,1,1,
133887309984,1,1,1,1,1,1,
133888309984,1,1,1,1,1,1,
133889809984,1,1,1,1,1,1,
133890309984,1,1,1,1,1,1,
133890809984,1,1,1,1,1,1,
133893809984,1,1,1,1,1,1,
133894309984,1,1,1,1,1,1,
133894809984,1,1,1,1,1,1,
133895309984,1,1,1,1,1,1,
133896309984,1,1,1,1,1,1,
133899309984,1,1,1,1,1,1,
133901309984,1,1,1,1,1,1,
133901809984,1,1,1,1,1,1,
133902309984,1,1,1,1,1,1,
133903809984,1,1,1,1,1,1,
133904309984,1,1,1,1,1,1,
133906809984,1,1,1,1,1,1,
133907809984,1,1,1,1,1,1,
133908309984,1,1,1,1,1,1,
133910309984,1,1,1,1,1,1,
133911309984,1,1,1,1,1,1,
133911809984,1,1,1,1,1,1,
133912809984,1,1,1,1,1,1,
133913809984,1,2,1,1,1,1,
133914309984,1,1,1,1,1,1,
133915809984,1,2,1,1,1,1,
133917309984,1,1,1,1,1,1,
133917809984,1,1,1,1,1,1,
133920309984,1,1,1,1,1,1,
133920809984,1,1,1,1,1,1,
133921309984,1,1,1,1,1,1,
133922309984,1,1,1,1,1,1,
133922809984,1,1,1,1,1,1,
133923309984,1,1,1,1,1,1,
133924809984,1,1,1,1,1,1,
133925309984,1,1,1,1,1,1,
133926309984,1,1,1,1,1,1,
133926809984,1,1,1,1,1,1,
133927809984,1,1,1,1,1,1,
133928309984,1,1,1,1,1,1,
133928809984,1,1,1,1,1,1,
133929309984,1,2,1,1,1,1,
133930809984,1,1,1,1,1,1,
133932809984,1,1,1,1,1,1,
133933809984,1,1,1,1,1,1,
133934309984,1,1,1,1,1,1,
133934809984,1,1,1,1,1,1,
133935309984,1,1,1,1,1,1,
133936809984,1,1,1,1,1,1,
133939309984,1,2,1,1,1,1,
133939809984,1,1,1,1,1,1,
133940309984,1,2,1,1,1,1,
133941309984,1,2,1,1,1,1,
133942309984,1,2,1,1,1,1,
133942809984,1,1,1,1,1,1,
133943309984,1,1,1,1,1,1,
133943809984,1,1,1,1,1,1,
133944809984,1,2,1,1,1,1,
133946309984,1,1,1,1,1,1,
133946809984,1,1,1,1,1,1,
133947309984,1,1,1,1,1,1,
133947809984,1,1,1,1,1,1,
133949309984,1,1,1,1,1,1,
133950309984,1,2,1,1,1,1,
133950809984,1,1,1,1,1,1,
133951309984,1,1,1,1,1,1,
133951809984,1,1,1,1,1,1,
133952809984,1,1,1,1,1,1,
133953309984,1,1,1,1,1,1,
133957309984,1,1,1,1,1,1,
133957809984,1,2,1,1,1,1,
133959809984,1,1,1,1,1,1,
133960309984,1,1,1,1,1,1,
133960809984,1,1,1,1,1,1,
133961309984,1,1,1,1,1,1,
133962809984,1,1,1,1,1,1,
133963809984,1,2,1,1,1,1,
133966309984,1,1,1,1,1,1,
133966809984,1,1,1,1,1,1,
133967309984,1,1,1,1,1,1,
133967809984,1,1,1,1,1,1,
133968809984,1,1,1,1,1,1,
133969309984,1,1,1,1,1,1,
133969809984,1,1,1,1,1,1,
133973309984,1,1,1,1,1,1,
133973809984,1,2,1,1,1,1,
133974809984,1,1,1,1,1,1,
133977309984,1,1,1,1,1,1,
133977809984,1,1,1,1,1,1,
133979309984,1,1,1,1,1,1,
133980309984,1,1,1,1,1,1,
133980809984,1,1,1,1,1,1,
133981309984,1,1,1,1,1,1,
133982309984,1,1,1,1,1,1,
133983309984,1,1,1,1,1,1,
133984309984,1,2,1,1,1,1,
133985809984,1,1,1,1,1,1,
133986309984,1,1,1,1,1,1,
133987309984,1,1,1,1,1,1,
133987809984,1,2,1,1,1,1,
133988309984,1,1,1,1,1,1,
133988809984,1,1,1,1,1,1,
133989809984,1,1,1,1,1,1,
133990809984,1,1,1,1,1,1,
133991309984,1,1,1,1,1,1,
133991809984,1,1,1,1,1,1,
133992309984,1,2,1,1,1,1,
133994809984,1,1,1,1,1,1,
133995309984,1,1,1,1,1,1,
133997309984,1,1,1,1,1,1,
133997809984,1,1,1,1,1,1,
133998309984,1,2,1,1,1,1,
133999309984,1,1,1,1,1,1,
133999809984,1,2,1,1,1,1,
134003809984,1,2,1,1,1,1,
134004309984,1,2,1,1,1,1,
134005309984,1,2,1,1,1,1,
134007809984,1,1,1,1,1,1,
134008809984,1,1,1,1,1,1,
134009809984,1,1,1,1,1,1,
134011809984,1,2,1,1,1,1,
134012309984,1,2,1,1,1,1,
134012809984,1,1,1,1,1,1,
134013309984,1,1,1,1,1,1,
134014309984,1,1,1,1,1,1,
134014809984,1,1,1,1,1,1,
134015309984,1,1,1,1,1,1,
134016309984,1,1,1,1,1,1,
134016809984,1,1,1,1,1,1,
134017809984,1,2,1,1,1,1,
134018309984,1,1,1,1,1,1,
134018809984,1,1,1,1,1,1,
134020309984,1,1,1,1,1,1,
134021309984,1,1,1,1,1,1,
134023309984,1,1,1,1,1,1,
134023809984,1,2,1,1,1,1,
134024309984,1,1,1,1,1,1,
134024809984,1,1,1,1,1,1,
134025809984,1,1,1,1,1,1,
134026809984,1,1,1,1,1,1,
134027309984,1,1,1,1,1,1,
134028309984,1,1,1,1,1,1,
134028809984,1,1,1,1,1,1,
134029309984,1,1,1,1,1,1,
134029809984,1,2,1,1,1,1,
134030809984,1,1,1,1,1,1,
134031309984,1,1,1,1,1,1,
134032309984,1,1,1,1,1,1,
134032809984,1,1,1,1,1,1,
134033809984,1,1,1,1,1,1,
134034309984,1,2,1,1,1,1,
134035309984,1,1,1,1,1,1,
134035809984,1,2,1,1,1,1,
134038809984,1,1,1,1,1,1,
134040809984,1,1,1,1,1,1,
134041809984,1,1,1,1,1,1,
134042309984,1,1,1,1,1,1,
134042809984,1,1,1,1,1,1,
134043809984,1,1,1,1,1,1,
134044809984,1,1,1,1,1,1,
134045309984,1,1,1,1,1,1,
134045809984,1,1,1,1,1,1,
134046309984,1,1,1,1,1,1,
134046809984,1,2,1,1,1,1,
134048309984,1,1,1,1,1,1,
134049309984,1,2,1,1,1,1,
134049809984,1,2,1,1,1,1,
134052309984,1,1,1,1,1,1,
134053309984,1,1,1,1,1,1,
134054809984,1,1,1,1,1,1,
134055809984,1,1,1,1,1,1,
134056309984,1,1,1,1,1,1,
134057809984,1,1,1,1,1,1,
134060309984,1,1,1,1,1,1,
134060809984,1,1,1,1,1,1,
134061309984,1,1,1,1,1,1,
134062809984,1,1,1,1,1,1,
134063309984,1,2,1,1,1,1,
134065309984,1,1,1,1,1,1,
134065809984,1,2,1,1,1,1,
134066309984,1,1,1,1,1,1,
134067309984,1,1,1,1,1,1,
134068309984,1,1,1,1,1,1,
134068809984,1,1,1,1,1,1,
134069309984,1,1,1,1,1,1,
134069809984,1,2,1,1,1,1,
134070309984,1,1,1,1,1,1,
134070809984,1,2,1,1,1,1,
134071309984,1,1,1,1,1,1,
134072809984,1,1,1,1,1,1,
134074309984,1,1,1,1,1,1,
134076309984,1,1,1,1,1,1,
134077809984,1,1,1,1,1,1,
134078309984,1,1,1,1,1,1,
134079809984,1,1,1,1,1,1,
134080309984,1,1,1,1,1,1,
134082309984,1,1,1,1,1,1,
134083309984,1,1,1,1,1,1,
134084309984,1,1,1,1,1,1,
134084809984,1,2,1,1,1,1,
134085809984,1,1,1,1,1,1,
134086809984,1,1,1,1,1,1,
134087309984,1,1,1,1,1,1,
134087809984,1,1,1,1,1,1,
134090309984,1,1,1,1,1,1,
134093809984,1,2,2,2,2,2,
134094309984,1,2,2,2,2,2,
134094809984,1,1,1,1,1,1,
134095809984,1,1,1,1,1,1,
134096809984,1,2,2,2,2,2,
134097309984,1,2,2,1,1,1,
134098309984,1,1,1,1,1,1,
134098809984,1,1,1,1,1,1,
134099309984,1,1,1,1,1,1,
134099809984,1,2,1,1,1,1,
134101809984,1,1,1,1,1,1,
134102309984,1,1,1,1,1,1,
134103809984,1,1,1,1,1,1,
134104809984,1,1,1,1,1,1,
134110309984,1,1,1,1,1,1,
134112309984,1,1,1,1,1,1,
134113809984,1,1,1,1,1,1,
134116309984,1,2,1,1,1,1,
134118809984,1,1,1,1,1,1,
134119309984,1,1,1,1,1,1,
134119809984,1,1,1,1,1,1,
134120309984,1,1,1,1,1,1,
134121809984,1,1,1,1,1,1,
134122309984,1,1,1,1,1,1,
134122809984,1,1,1,1,1,1,
134123809984,1,1,1,1,1,1,
134124309984,1,1,1,1,1,1,
134124809984,1,2,2,2,2,2,
134125309984,1,1,1,1,1,1,
134126309984,1,1,1,1,1,1,
134126809984,1,1,1,1,1,1,
134127309984,1,1,1,1,1,1,
134127809984,1,1,1,1,1,1,
134128309984,1,1,1,1,1,1,
134128809984,1,1,1,1,1,1,
134130309984,1,1,1,1,1,1,
134130809984,1,1,1,1,1,1,
134132809984,1,1,1,1,1,1,
134133309984,1,1,1,1,1,1,
134134809984,1,2,1,1,1,1,
134135809984,1,1,1,1,1,1,
134138309984,1,1,1,1,1,1,
134138809984,1,2,1,1,1,1,
134139809984,1,1,1,1,1,1,
134141309984,1,1,1,1,1,1,
134142309984,1,1,1,1,1,1,
134144309984,1,1,1,1,1,1,
134144809984,1,1,1,1,1,1,
134145309984,1,2,1,1,1,1,
134145809984,1,2,1,1,1,1,
134146309984,1,1,1,1,1,1,
134147309984,1,2,1,1,1,1,
134148309984,1,1,1,1,1,1,
134148809984,1,1,1,1,1,1,
134149809984,1,2,1,1,1,1,
134150809984,1,1,1,1,1,1,
134151809984,1,2,1,1,1,1,
134152309984,1,1,1,1,1,1,
134154309984,1,2,1,1,1,1,
134154809984,1,1,1,1,1,1,
134155309984,1,1,1,1,1,1,
134155809984,1,1,1,1,1,1,
134157309984,1,1,1,1,1,1,
134157809984,1,1,1,1,1,1,
134159809984,1,1,1,1,1,1,
134160309984,1,1,1,1,1,1,
134162309984,1,1,1,1,1,1,
134163309984,1,1,1,1,1,1,
134163809984,1,1,1,1,1,1,
134164309984,1,1,1,1,1,1,
134164809984,1,1,1,1,1,1,
134165309984,1,1,1,1,1,1,
134166809984,1,1,1,1,1,1,
134168309984,1,1,1,1,1,1,
134168809984,1,1,1,1,1,1,
134169809984,1,1,1,1,1,1,
134170809984,1,2,1,1,1,1,
134171309984,1,2,1,1,1,1,
134173309984,1,1,1,1,1,1,
134173809984,1,1,1,1,1,1,
134174309984,1,1,1,1,1,1,
134174809984,1,2,2,2,2,2,
134175809984,1,2,1,1,1,1,
134177309984,1,1,1,1,1,1,
134178309984,1,1,1,1,1,1,
134178809984,1,1,1,1,1,1,
134179309984,1,1,1,1,1,1,
134179809984,1,2,1,1,1,1,
134180309984,1,1,1,1,1,1,
134181809984,1,1,1,1,1,1,
134182809984,1,2,1,1,1,1,
134183309984,1,2,1,1,1,1,
134184309984,1,1,1,1,1,1,
134184809984,1,1,1,1,1,1,
134185309984,1,1,1,1,1,1,
134186809984,1,1,1,1,1,1,
134187309984,1,2,1,1,1,1,
134188309984,1,2,1,1,1,1,
134189809984,1,2,1,1,1,1,
134190809984,1,2,1,1,1,1,
134191309984,1,1,1,1,1,1,
134191809984,1,2,1,1,1,1,
134193309984,1,1,1,1,1,1,
134193809984,1,2,1,1,1,1,
134195309984,1,1,1,1,1,1,
134196309984,1,1,1,1,1,1,
134196809984,1,2,1,1,1,1,
134197809984,1,1,1,1,1,1,
134198809984,1,1,1,1,1,1,
134199309984,1,2,1,1,1,1,
134199809984,1,1,1,1,1,1,
134201809984,1,2,1,1,1,1,
134202809984,1,1,1,1,1,1,
134203309984,1,1,1,1,1,1,
134203809984,1,1,1,1,1,1,
134204309984,1,2,1,1,1,1,
134205309984,1,1,1,1,1,1,
134205809984,1,1,1,1,1,1,
134206309984,1,1,1,1,1,1,
134206809984,1,2,1,1,1,1,
134207309984,1,1,1,1,1,1,
134207809984,1,2,1,1,1,1,
134208309984,1,1,1,1,1,1,
134208809984,1,1,1,1,1,1,
134209309984,1,1,1,1,1,1,
134209809984,1,1,1,1,1,1,
134210309984,1,2,1,1,1,1,
134211809984,1,1,1,1,1,1,
134213309984,1,1,1,1,1,1,
134213809984,1,1,1,1,1,1,
134214309984,1,1,1,1,1,1,
134214809984,1,1,1,1,1,1,
134215309984,1,1,1,1,1,1,
134216309984,1,1,1,1,1,1,
134216809984,1,2,1,1,1,1,
134220309984,1,1,1,1,1,1,
134220809984,1,1,1,1,1,1,
134221309984,1,1,1,1,1,1,
134221809984,1,1,1,1,1,1,
134222809984,1,1,1,1,1,1,
134223309984,1,1,1,1,1,1,
134223809984,1,1,1,1,1,1,
134225309984,1,1,1,1,1,1,
134228309984,1,2,1,1,1,1,
134230309984,1,1,1,1,1,1,
134232309984,1,1,1,1,1,1,
134232809984,1,1,1,1,1,1,
134233309984,1,1,1,1,1,1,
134234309984,1,1,1,1,1,1,
134234809984,1,2,1,1,1,1,
134236309984,1,2,1,1,1,1,
134237809984,1,1,1,1,1,1,
134238309984,1,1,1,1,1,1,
134239309984,1,1,1,1,1,1,
134240309984,1,1,1,1,1,1,
134240809984,1,1,1,1,1,1,
134241809984,1,2,1,1,1,1,
134243809984,1,1,1,1,1,1,
134244309984,1,1,1,1,1,1,
134244809984,1,1,1,1,1,1,
134245309984,1,1,1,1,1,1,
134246809984,1,2,1,1,1,1,
134248309984,1,1,1,1,1,1,
134248809984,1,1,1,1,1,1,
134249809984,1,1,1,1,1,1,
134250809984,1,2,1,1,1,1,
134251309984,1,2,1,1,1,1,
134251809984,1,1,1,1,1,1,
134252809984,1,1,1,1,1,1,
134253309984,1,1,1,1,1,1,
134253809984,1,1,1,1,1,1,
134254309984,1,1,1,1,1,1,
134254809984,1,1,1,1,1,1,
134255309984,1,2,1,1,1,1,
134256309984,1,1,1,1,1,1,
134256809984,1,1,1,1,1,1,
134257309984,1,1,1,1,1,1,
134257809984,1,1,1,1,1,1,
134259809984,1,1,1,1,1,1,
134260809984,1,1,1,1,1,1,
134261809984,1,1,1,1,1,1,
134263809984,1,2,1,1,1,1,
134266309984,1,1,1,1,1,1,
134267309984,1,1,1,1,1,1,
134267809984,1,1,1,1,1,1,
134268309984,1,1,1,1,1,1,
134269309984,1,1,1,1,1,1,
134270309984,1,1,1,1,1,1,
134270809984,1,1,1,1,1,1,
134271309984,1,2,1,1,1,1,
134271809984,1,1,1,1,1,1,
134272309984,1,2,1,1,1,1,
134273309984,1,1,1,1,1,1,
134273809984,1,1,1,1,1,1,
134275309984,1,1,1,1,1,1,
134276309984,1,1,1,1,1,1,
134280809984,1,1,1,1,1,1,
134281309984,1,2,1,1,1,1,
134282309984,1,1,1,1,1,1,
134282809984,1,2,1,1,1,1,
134283309984,1,1,1,1,1,1,
134284309984,1,1,1,1,1,1,
134285809984,1,1,1,1,1,1,
134286309984,1,1,1,1,1,1,
134287309984,1,1,1,1,1,1,
134287809984,1,1,1,1,1,1,
134288309984,1,2,1,1,1,1,
134288809984,1,1,1,1,1,1,
134289309984,1,2,1,1,1,1,
134290309984,1,2,1,1,1,1,
134290809984,1,1,1,1,1,1,
134291309984,1,1,1,1,1,1,
134291809984,1,1,1,1,1,1,
134292309984,1,1,1,1,1,1,
134292809984,1,1,1,1,1,1,
134295809984,1,1,1,1,1,1,
134296809984,1,1,1,1,1,1,
134297309984,1,1,1,1,1,1,
134297809984,1,1,1,1,1,1,
134299309984,1,1,1,1,1,1,
134299809984,1,2,1,1,1,1,
134302309984,1,1,1,1,1,1,
134304309984,1,1,1,1,1,1,
134305309984,1,1,1,1,1,1,
134305809984,1,1,1,1,1,1,
134306309984,1,1,1,1,1,1,
134307309984,1,1,1,1,1,1,
134307809984,1,1,1,1,1,1,
134309309984,1,1,1,1,1,1,
134310809984,1,1,1,1,1,1,
134311809984,1,1,1,1,1,1,
134312809984,1,1,1,1,1,1,
134314309984,1,1,1,1,1,1,
134316309984,1,1,1,1,1,1,
134317309984,1,1,1,1,1,1,
134318309984,1,2,1,1,1,1,
134318809984,1,1,1,1,1,1,
134324309984,1,1,1,1,1,1,
134325309984,1,1,1,1,1,1,
134325809984,1,1,1,1,1,1,
134326309984,1,1,1,1,1,1,
134327309984,1,2,1,1,1,1,
134327809984,1,1,1,1,1,1,
134328309984,1,1,1,1,1,1,
134328809984,1,1,1,1,1,1,
134330809984,1,1,1,1,1,1,
134332309984,1,1,1,1,1,1,
134332809984,1,2,1,1,1,1,
134334809984,1,1,1,1,1,1,
134336309984,1,2,1,1,1,1,
134336809984,1,2,1,1,1,1,
134337309984,1,2,1,1,1,1,
134337809984,1,2,1,1,1,1,
134338809984,1,2,1,1,1,1,
134339309984,1,2,1,1,1,1,
134340309984,1,1,1,1,1,1,
134341809984,1,1,1,1,1,1,

