,W-0,R-0,R-1,R-2,R-3,R-4,
120175647479,2567,12495,3146,5274,7033,8977,
120176147479,1887,1693,3001,4896,7227,9044,
120177147479,1677,1928,3010,5015,6977,9020,
120178147479,1439,1724,3138,5055,6982,9374,
120179147479,49393,1731,3247,5130,6979,9096,
120182647479,1757,1489,2970,4980,7014,9734,
120183147479,1466,1799,2882,4866,6843,8939,
120184147479,1753,12262,3208,4957,7055,8896,
120188147479,1989,2386,2941,5020,6994,8996,
120190647479,2062,1786,3234,4956,6898,8938,
120191647479,1736,1478,3002,4884,6833,8853,
120193147479,1448,1706,2803,4993,6964,9035,
120193647479,1837,12253,3102,4788,6873,8748,
120194147479,1285,1507,2872,4896,6940,8966,
120197147479,1409,1743,3149,5008,6854,8982,
120197647479,1367,12037,2857,5151,6990,8941,
120198147479,1636,1398,3264,4922,6886,8884,
120198647479,1397,1673,2953,4807,6940,8872,
120199647479,1381,1727,2914,4832,6777,8852,
120202647479,1452,12005,2983,4923,6906,8900,
120204647479,1495,1710,2998,4789,6921,9048,
120205147479,4506,4339,14718,4964,6973,9039,
120205647479,1445,11908,2880,5050,6839,9863,
120207147479,1867,12366,3270,4867,7052,9170,
120207647479,1666,11694,2937,4763,6942,8799,
120210147479,2035,2157,3003,4925,6759,8858,
120211147479,2493,12144,3122,5106,6962,8802,
120211647479,4619,1344,2989,4901,6787,8915,
120213647479,1582,1403,2864,4787,6767,8807,
120214647479,1633,11933,2920,4752,6803,8889,
120215147479,27978,1426,3141,5163,7099,8968,
120216147479,1594,1297,2878,4939,6827,8839,
120217147479,1279,1623,2871,4884,6865,9012,
120217647479,1240,1435,2974,5001,7052,8934,
120219147479,1767,1409,2961,4812,6757,9260,
120220647479,1441,1696,3139,4980,6943,8954,
120221147479,1474,1785,2971,4848,7055,9018,
120223647479,1331,1646,2759,4838,6938,9145,
120224147479,1657,1327,2891,4824,6864,9173,
120224647479,1601,12179,3183,5028,6948,8935,
120225647479,2437,12687,2796,4840,6933,9055,
120226147479,1769,12142,3000,4851,6855,8915,
120226647479,1231,1445,2899,4891,6981,8938,
120228147479,1451,11998,3005,4999,6945,9020,
120228647479,1579,1399,2886,4935,6919,8897,
120229647479,6673,12066,3058,5042,7012,8808,
120230147479,1225,1395,2871,4809,7334,8868,
120231147479,4910,1447,3038,5801,6846,8791,
120231647479,1669,11873,2830,4746,6805,8806,
120232147479,1501,1369,2921,4900,6907,8971,
120232647479,2476,1975,2948,4761,6794,8957,
120234147479,1830,12086,3231,4781,6899,8997,
120236147479,1262,1508,3017,4908,6856,8930,
120237147479,1192,1459,3128,4948,6809,8939,
120237647479,1560,1284,2883,4961,6821,8758,
120238147479,1786,11904,2869,5734,6740,8787,
120238647479,1247,1449,3215,5079,6855,8883,
120240147479,1678,12129,2990,4974,6885,8926,
120242647479,1733,2081,2924,4989,6875,8723,
120243147479,1509,12176,2898,4800,6768,8786,
120243647479,1449,1695,3980,5784,6847,9023,
120244647479,12319,1435,2921,5187,6802,8911,
120245647479,1414,11906,3002,4872,6788,9114,
120246147479,2047,1744,3050,5078,7468,8954,
120246647479,300000,1398,2925,5070,7115,9032,
120247147479,223167,225258,225669,225390,224963,225184,
120248147479,1730,12183,2894,5164,7091,8908,
120249647479,1297,1505,2971,4880,6896,8951,
120250147479,1466,1670,2994,5030,7066,9028,
120250647479,1911,1684,2833,4844,6815,8950,
120251147479,1609,11963,3234,5115,6960,8988,
120252647479,1576,12696,3263,4945,7051,8858,
120253647479,1252,1449,3296,4974,6718,8876,
120254147479,16898,1503,3077,5148,7073,8917,
120254647479,1701,1408,3015,4935,6907,8838,
120255147479,1292,1454,2931,4941,6863,8873,
120256147479,1178,1433,2843,4799,6874,8884,
120256647479,4001,1629,3280,4804,6766,8849,
120260647479,1722,1974,3073,5094,6999,8938,
120261147479,1268,1454,3032,4912,6832,8801,
120263147479,1778,12002,2938,4931,7022,8943,
120263647479,1976,1711,2928,4951,6967,9238,
120264147479,1187,1371,2830,4836,6927,8863,
120264647479,1508,12851,2749,4719,6765,8846,
120266147479,1685,11859,3124,4994,6981,8887,
120267147479,1252,1432,3401,5111,6967,8859,
120269647479,14820,1517,2926,5008,6875,8687,
120270147479,1398,1671,3207,4769,6906,8827,
120270647479,1178,1451,2900,4773,6927,8926,
120271147479,9219,1256,2750,4688,7186,9096,
120272147479,1610,1450,2870,5056,6881,8820,
120272647479,276350,1397,2921,5011,6989,8949,
120273147479,14261,11912,2895,4899,6863,8910,
120276647479,1674,1486,3032,5663,6768,8812,
120277147479,1359,1735,2937,5206,7185,8983,
120278147479,13925,1337,2873,4807,6729,8760,
120280647479,1448,1671,2876,5312,6997,8912,
120281147479,1327,1635,2904,4812,6740,8941,
120282647479,12330,1590,2865,4801,6840,8798,
120283647479,1746,12599,3060,4843,6920,8960,
120284147479,1495,11793,2896,4844,7591,8795,
120284647479,1464,1847,2820,4836,6875,8928,
120285647479,6466,1583,2875,5809,6860,8982,
120286647479,47330,1600,2966,4801,6899,8845,
120287647479,1887,1650,2882,4788,6779,8717,
120289147479,48246,48375,48441,48653,49046,51422,
120289647479,1783,11911,3001,4871,6736,8855,
120290647479,38449,1860,3032,4771,6722,9314,
120291147479,1419,1251,2838,4900,7168,8885,
120291647479,1452,1335,3009,5046,6827,8947,
120292147479,2974,2754,3215,4943,6722,8784,
120293147479,1560,11828,2937,4887,6920,8801,
120294147479,1333,1722,2812,5028,6771,8850,
120294647479,1483,1692,2869,4884,6946,8999,
120295147479,1432,11711,2833,4815,6877,9288,
120295647479,1140,1361,2752,4696,6697,8780,
120298147479,1687,11794,2916,4849,6763,8773,
120298647479,1409,1642,3023,4955,7302,8909,
120300647479,1646,1465,2930,4892,7001,8899,
120301147479,3193,1829,3013,4782,6838,8775,
120301647479,1228,1478,3168,4769,6835,8912,
120302647479,1408,1733,2842,4817,6860,8822,
120303147479,1305,1499,2942,5077,6820,8771,
120307147479,1279,1474,2838,4748,6931,8827,
120307647479,1234,1478,3070,4877,6882,8861,
120308647479,1483,11920,2963,4859,6839,8856,
120311147479,2299,12427,3059,4942,6988,9075,
120312147479,1479,1770,2910,5154,7016,8918,
120313147479,1625,11719,2916,4937,6815,8966,
120315147479,1258,1443,3174,4794,6792,8832,
120315647479,13485,12241,2820,4758,6933,8879,
120316147479,4991,1370,2878,4817,6810,8861,
120316647479,2356,1909,3016,4926,6945,9114,
120317647479,1210,1402,2963,4772,6743,8762,
120318147479,12802,1560,3062,4845,6996,8994,
120318647479,1287,1518,3049,4911,6933,8886,
120319647479,10866,11991,3224,4791,6910,8856,
120320147479,1366,1260,3007,4994,6909,8818,
120321147479,1708,1464,3005,4966,6792,8806,
120321647479,1677,1503,2942,4983,7057,9016,
120322147479,1295,1510,2905,4829,6785,8913,
120323647479,1206,1393,2965,5258,6860,8837,
120324647479,1176,1400,2783,4776,6938,8758,
120326647479,1690,1889,3025,4879,6909,8888,
120327147479,1117,1422,2840,4901,6830,8899,
120327647479,3386,3239,3686,4792,7016,9051,
120328147479,2155,12843,3147,4860,6812,8809,
120329147479,1407,1662,2769,4941,6960,8765,
120330147479,1407,11787,3003,5125,6754,8747,
120330647479,1334,1668,2753,4740,6776,8781,
120331647479,1423,1663,2882,5145,6991,8815,
120332147479,1626,1725,2843,4774,6814,9214,
120332647479,1695,3239,2975,4674,6741,8895,
120333147479,12200,12744,3235,4748,6756,8921,
120334147479,1320,1589,3005,4818,7376,8884,
120334647479,1376,1736,2929,4769,6793,8738,
120335647479,110427,1565,2768,4806,6810,9002,
120336147479,6128,15990,15800,15688,6938,9368,
120337147479,1380,1676,2835,4855,6856,8881,
120337647479,1650,1449,3079,4929,6682,8728,
120338647479,1254,1426,2766,4783,6741,8824,
120339147479,236792,1721,3144,4980,6949,8883,
120342147479,8427,9240,9487,9795,9986,9033,
120344147479,2021,1879,3055,4901,6778,8888,
120345147479,1100,1311,2789,4739,6820,8906,
120345647479,1494,11807,2883,4827,6816,9855,
120346147479,2040,1873,3127,4897,7361,8797,
120347147479,1496,1355,2775,4805,7233,8845,
120348147479,1348,1591,2985,4766,6945,9006,
120348647479,1310,1619,2831,4801,6741,8763,
120349147479,1750,1781,3343,5044,6940,10305,
120349647479,1418,11905,2883,4722,7130,9494,
120350147479,1399,1670,2873,4801,6751,8826,
120351647479,1457,11801,2823,4851,7021,8844,
120352647479,100397,1750,3146,5133,7000,8833,
120353147479,1177,1389,2837,4781,6851,8832,
120355647479,1303,1555,2963,4815,6733,8732,
120356647479,1510,1389,2762,4868,6812,8799,
120358147479,1509,1381,2842,4924,6884,8877,
120359147479,1660,1430,3067,5089,6891,9094,
120359647479,1711,1373,2885,4774,6693,8810,
120361147479,1488,11720,2839,4761,6829,8836,
120363647479,1498,1395,2893,4807,6861,8847,
120364147479,1580,1786,2950,5065,6961,8762,
120364647479,16137,17736,16992,17612,17161,17477,
120366147479,1618,1464,2952,4888,6864,8900,
120366647479,9906,1237,2881,5241,6793,8747,
120368647479,1221,1790,2731,4791,6889,8885,
120369147479,1286,1616,2752,4853,6800,8962,
120369647479,2128,12425,2878,4885,7242,8918,
120370647479,27693,1935,2913,5198,6862,8787,
120371647479,1426,11635,2909,4814,6856,8925,
120372147479,1280,1595,2987,4984,6860,8757,
120372647479,1275,1458,2967,4865,6773,8803,
120373147479,2470,2090,3075,5202,6780,8966,
120373647479,1681,11762,2752,4803,6798,8776,
120374147479,1397,1739,2761,4833,7197,8816,
120374647479,1323,1588,3089,5153,6832,8861,
120376147479,1463,1319,2886,4757,7190,8766,
120377647479,1322,1597,2819,4798,6744,8806,
120379647479,1365,1590,2833,4871,7029,8934,
120381147479,1578,11830,2861,5118,6846,8782,
120381647479,1210,1416,2921,4920,6924,8705,
120383147479,1392,1756,2968,5038,6785,8828,
120383647479,1453,1691,2879,4760,6775,8978,
120385647479,8372,1352,2729,4763,6808,8879,
120386647479,1647,2355,3030,4916,6791,8767,
120387647479,1766,11947,3022,4812,6843,8821,
120388147479,1245,1447,2813,4789,6771,8713,
120389147479,6932,1287,3017,4768,6758,9111,
120390147479,1455,1728,2877,4900,6875,9044,
120390647479,1649,1850,2842,4779,6760,8871,
120391147479,1396,1766,3048,4879,6794,8987,
120393647479,1447,11765,2729,4710,6747,8741,
120397147479,1802,1562,2991,5081,7213,8808,
120397647479,1235,1444,2958,16035,16465,16347,
120398147479,1446,11767,2901,4739,6731,8821,
120399147479,6479,1640,2781,4993,6913,8745,
120400147479,1234,1401,2800,4703,6782,8897,
120400647479,54398,11855,2898,4731,6801,8766,
120401647479,1312,11878,2758,4904,6835,8964,
120402147479,1295,1473,3010,4943,7022,8766,
120402647479,1308,1488,2816,4730,6824,8796,
120403147479,1443,11847,2835,4837,6797,9652,
120405147479,1898,11759,3139,4820,6828,8864,
120405647479,1370,12408,2890,4891,6948,8930,
120407147479,12918,1408,2912,5050,6889,8820,
120408147479,1730,12005,3025,4885,6898,9018,
120413647479,2045,11934,2820,4777,6848,8769,
120415647479,12147,1355,2942,4820,6740,8943,
120417147479,1272,1446,3010,4902,6763,8778,
120419647479,1562,1322,2778,4795,6999,8980,
120422147479,1395,1732,2888,4993,6819,8826,
120422647479,2041,12456,3028,5205,6994,8864,
120423147479,4825,4474,5874,6099,6889,8870,
120423647479,1259,1471,2874,4847,7050,8717,
120425147479,1804,1614,2976,4900,6879,8868,
120425647479,1385,1712,3119,4904,6733,9372,
120426147479,1836,1652,2869,4754,6888,8875,
120427147479,1351,1662,3235,4866,6802,8832,
120427647479,1661,11989,3254,5035,6773,8748,
120428147479,26656,1377,2707,4890,6769,8718,
120428647479,1636,1484,2998,4838,6790,8706,
120429647479,1572,11967,2978,4890,6772,8948,
120430147479,2653,2137,3283,5047,6922,9881,
120430647479,1149,1338,3005,5025,6937,8777,
120431147479,1478,11708,2940,4760,6723,8835,
120431647479,2439,2046,2877,4910,6877,8761,
120432147479,1380,1633,3073,4899,6763,8835,
120433647479,1242,1469,3113,5764,6967,8805,
120434147479,1252,1419,2943,4783,6702,8755,
120436147479,1851,11682,3038,4928,6847,8854,
120436647479,18210,1703,2825,4784,6772,8767,
120438147479,2011,1871,3135,4916,6902,9104,
120439147479,1331,1503,3074,5031,6831,8804,
120441647479,1237,1405,2827,4736,6782,8845,
120442147479,2659,2403,2973,5099,6852,8856,
120443147479,1562,11976,2959,4869,6846,8864,
120444647479,2321,1937,2945,4963,7825,9178,
120445647479,1359,1653,3127,4745,6745,8817,
120447647479,1344,11776,2898,4894,6804,8826,
120448147479,1396,1632,3032,5018,6780,8807,
120448647479,1422,1757,2909,4692,6744,8766,
120449147479,1437,11828,2833,4792,6756,8710,
120449647479,1293,1495,2912,4919,6811,8905,
120450647479,226767,12001,2832,4766,6927,9165,
120451647479,1230,1444,2830,5211,6746,8770,
120452147479,2022,12080,2776,4856,6843,8906,
120453147479,19373,1313,2854,4832,6881,8788,
120454147479,1187,1364,2989,5035,6790,8823,
120455147479,1635,11924,2801,4885,7323,12024,
120455647479,1176,1348,3248,4787,7182,8716,
120457647479,1388,12037,2878,4816,7509,9000,
120458147479,1161,1388,2970,4766,6774,8814,
120458647479,1764,12121,2936,5007,6834,8822,
120459147479,1480,12129,2936,5049,6883,9022,
120460647479,1472,12126,3004,4917,6750,8751,
120461147479,1292,1556,2915,4791,9890,10206,
120463147479,1306,2119,2859,4701,6793,8679,
120463647479,15248,1569,3026,5030,6743,8912,
120465647479,1244,11668,2876,4817,6822,8848,
120466647479,1366,11649,2914,4880,6874,8722,
120467147479,1319,11669,2920,4939,6754,8822,
120467647479,71203,1832,3065,4939,6780,8923,
120468147479,1277,1782,3448,4842,6879,8859,
120468647479,1864,12236,2770,4807,7323,9259,
120470147479,1506,11749,2760,5488,6896,8791,
120471647479,1456,1344,3152,4831,6868,8880,
120472147479,1458,1913,3144,5040,7017,8824,
120473147479,1672,1438,2921,4925,7111,8965,
120474147479,1244,1400,3124,4933,6883,8845,
120474647479,3491,3377,3179,4824,7501,9089,
120476647479,1254,1471,2965,4810,6788,8858,
120477147479,1476,11862,2963,4747,6792,8762,
120477647479,1811,1595,2918,4804,7215,8743,
120478147479,16843,17642,16873,17014,17232,17424,
120479147479,1266,1478,3005,4987,6931,8731,
120480647479,1509,1812,2984,5089,6900,8992,
120481647479,2429,12762,2964,4845,6782,8747,
120482147479,1351,1640,2939,4969,6998,8875,
120482647479,1591,12019,2885,4912,6854,8824,
120483147479,37816,1829,3060,4942,7044,8807,
120483647479,2678,1456,3124,4720,6844,8854,
120485147479,1390,1660,2828,4922,6792,8825,
120486147479,1283,1473,3589,4702,10659,10356,
120486647479,1985,1633,2948,4836,8693,9045,
120487647479,2497,2684,2832,4930,6943,8856,
120488147479,1263,1455,2913,4797,6857,8987,
120488647479,1376,1831,2902,4852,7072,8860,
120490147479,2376,2013,3431,4838,6912,8980,
120490647479,1344,1663,2790,4827,6669,8809,
120491647479,2071,1886,2901,4946,6900,8690,
120493147479,1417,1717,2954,4888,6940,8895,
120494147479,1441,1246,2721,4825,6798,8764,
120494647479,5239,1401,2952,4837,6867,8847,
120495147479,1574,12065,3083,4794,6938,8958,
120496647479,1680,1519,3110,4904,6787,8831,
120497147479,1927,1684,2860,4725,6748,8709,
120498647479,1752,1648,2866,4898,6892,8971,
120499647479,1874,12094,2853,4712,6752,8733,
120500147479,1432,1649,3038,4762,7140,8899,
120501147479,1424,1635,2858,4785,6736,8793,
120502147479,1283,1516,3189,5038,6848,8694,
120502647479,15099,15580,14713,14863,14989,15077,
120503147479,1241,1466,2792,4857,6967,8864,
120505147479,45778,1375,2842,4818,6858,8852,
120506147479,1185,1330,2712,4818,7561,8785,
120506647479,1264,1452,2953,4862,6768,9150,
120507147479,1170,1310,2782,4867,6902,8864,
120507647479,1093,1289,3007,4893,7012,8798,
120508647479,1677,11882,2793,4873,6766,8822,
120509147479,1473,11858,3118,5186,6889,8863,
120509647479,1563,11772,2974,4966,6706,8842,
120510147479,1302,1512,2818,5233,6789,8714,
120510647479,3395,11727,3109,5029,7354,8922,
120511147479,1456,11836,2891,4860,6769,8712,
120511647479,1562,1331,2882,4767,6863,8909,
120512147479,1225,1449,3117,4811,6798,8833,
120512647479,1653,11720,2880,4829,6784,8872,
120513147479,2333,2351,2984,4864,6927,8898,
120513647479,4898,14687,4567,4824,6854,8723,
120515147479,1150,1347,2747,4769,6769,8790,
120516647479,1465,12063,2897,4979,6868,8903,
120517147479,2002,12210,2830,4927,6993,8705,
120517647479,1506,1875,2971,4767,6819,8929,
120518147479,1433,1784,3113,5180,6955,8717,
120518647479,12569,12103,3173,5189,6973,8871,
120519647479,1677,1509,2931,4960,7043,8795,
120520147479,1910,1695,3127,4848,6762,8971,
120523647479,1190,1370,3175,6653,7069,8719,
120524147479,5814,1704,3130,5449,6895,8828,
120524647479,8600,1393,2880,4779,6768,8903,
120525147479,1491,11862,2891,4965,6804,8744,
120526147479,1836,12036,2900,4802,6786,8750,
120526647479,1290,1580,3068,5051,6873,8870,
120527147479,1469,11935,2819,4926,7176,8762,
120528647479,1658,11855,2881,4734,7275,8838,
120531647479,1361,1723,2891,4936,6948,8837,
120533647479,1901,1673,2847,4843,6847,8829,
120535647479,1325,1493,3599,4792,6703,8744,
120536147479,1301,1479,2703,7036,7590,9058,
120536647479,2757,2934,3105,5034,6906,8938,
120537647479,1240,1374,2885,4785,6772,8758,
120538147479,1649,1455,3065,4859,6857,8905,
120539647479,1246,1466,3082,4940,6834,8952,
120541147479,2051,1903,3114,4861,7115,8929,
120541647479,5095,12154,3061,5655,6871,8790,
120542647479,1276,1450,3220,4876,7619,9092,
120543647479,1233,1365,3021,4922,6797,8880,
120544147479,4906,4481,4793,5174,7119,9142,
120545147479,1195,1498,3000,4825,6776,8724,
120547147479,1187,1397,2726,4727,6703,8851,
120547647479,1265,1507,3015,4885,6895,8812,
120548147479,1418,11677,2762,4792,6933,8731,
120548647479,1663,12021,2879,4871,6774,9265,
120550147479,1596,11857,2865,4754,6836,8886,
120551647479,1658,12019,2988,4983,7161,8917,
120552147479,2132,12342,2917,5081,6932,8760,
120553147479,1453,1218,2886,4859,6863,8815,
120554147479,1167,1388,2714,4785,6707,8721,
120554647479,1403,1620,2947,5069,6784,8877,
120555147479,1353,1551,3095,5398,6806,8885,
120556147479,1218,1459,2907,4759,6765,8735,
120556647479,1274,1463,2819,4951,6944,9020,
120557147479,1599,1416,2861,4927,6832,8750,
120557647479,300000,401750,402654,402105,402725,402405,
120558147479,18374,11905,3042,5029,6859,8747,
120558647479,1676,12032,3129,4912,6865,8983,
120559647479,1567,12041,3127,4761,6786,8744,
120560147479,1929,1794,2762,4856,6762,8828,
120560647479,46912,1417,2920,4930,6830,8935,
120561147479,1200,1343,2702,4865,6906,8788,
120563147479,1154,1331,3152,4701,7130,8900,
120564147479,2154,1888,3172,5037,7273,8976,
120565147479,1159,1372,2693,4783,6897,8790,
120567147479,1667,1849,2817,5003,6753,8778,
120569647479,2415,12070,2952,4773,6873,8883,
120570647479,1808,11908,2878,4797,6856,8787,
120571147479,9281,12110,2799,4826,6826,8851,
120571647479,18409,1399,2870,5142,6768,8882,
120572647479,8360,1289,2910,4967,6718,8826,
120573647479,1320,1555,2867,4758,6743,8708,
120574147479,1628,11749,2849,4845,6885,9131,
120574647479,1205,1431,2932,4840,6832,8731,
120575147479,1404,1661,2835,4847,6746,8809,
120575647479,2678,12767,3105,5290,7083,9035,
120576647479,54046,1473,2802,5106,6950,8741,
120577147479,1239,1393,2889,4868,6805,8849,
120578647479,8584,7514,7838,8007,8508,9266,
120579647479,1603,12089,2868,4851,6913,8917,
120584147479,1446,1719,2714,4737,6742,8729,
120584647479,300000,12164,3136,4852,6869,8865,
120585647479,1637,12182,2826,4831,6904,9026,
120586147479,50696,1240,2895,4775,6878,8902,
120586647479,175669,11773,2854,4844,6769,8925,
120587647479,1308,1471,2915,4774,6818,9679,
120589147479,1428,11752,3349,5008,7114,8870,
120589647479,7203,6110,6900,6684,7093,8834,
120590647479,1237,1444,3292,5066,6783,8792,
120591147479,25777,12577,2856,5001,6748,8704,
120591647479,1628,11763,2888,4743,6846,8767,
120592147479,5515,1564,2994,4837,6833,8771,
120592647479,1867,11920,2850,4706,6826,8773,
120593647479,58502,69270,60723,64336,63808,64764,
120594147479,300000,12153,3114,4845,6726,8983,
120594647479,30515,30736,31357,31808,32188,32578,
120595147479,1233,1446,2812,4889,6866,8673,
120595647479,22112,12153,2828,4834,6858,8865,
120596147479,1488,11799,3082,5671,7211,9191,
120599147479,1509,11892,2844,4832,7003,8843,
120600147479,1406,12285,2905,4714,6846,8792,
120600647479,1263,1447,2974,5041,6778,8818,
120601147479,2416,1938,3158,4837,7038,8833,
120602647479,1222,1345,3486,4756,6726,8860,
120603147479,1724,12151,2890,4820,6837,8844,
120605647479,10308,1405,2912,4804,6798,8982,
120607647479,1677,11704,3104,4809,6780,8718,
120608647479,1644,11910,2746,4748,6782,9056,
120609147479,1283,1495,2842,4999,6900,8687,
120609647479,1479,11739,2971,4782,6865,8762,
120610647479,2169,11977,2898,4770,6745,9123,
120611147479,1164,1343,2898,4837,6706,8692,
120612647479,1367,11894,2764,4890,6888,9475,
120614147479,1267,1492,2899,4831,6771,8807,
120615147479,1330,11787,2759,4822,6781,8915,
120616147479,1422,11832,2902,4797,7099,9018,
120617647479,1197,1359,2978,4849,6847,8666,
120619647479,1404,1808,2952,5135,7111,8903,
120620647479,106145,1781,3008,5021,6828,8814,
120621647479,1808,1643,3248,4944,7656,8895,
120622147479,1250,1394,2912,4799,6837,8887,
120627647479,2982,13394,4000,7678,7098,8814,
120628647479,1338,1683,2854,4751,6725,8824,
120629147479,1503,1299,2864,4694,6756,8679,
120629647479,1469,1280,2924,4866,6800,8885,
120630647479,1293,1590,2738,4837,7136,8910,
120631147479,2033,1750,3040,4759,6715,8789,
120631647479,1143,1416,2982,4890,6895,8732,
120632147479,1724,12026,2812,4801,6836,8917,
120634147479,1490,1388,2827,4823,6869,8825,
120635647479,11780,1302,2806,4887,6928,8800,
120636147479,1551,1417,2956,4862,6778,8906,
120638147479,1606,12008,2906,4959,6900,8941,
120639647479,1726,12016,2922,4732,7168,8873,
120640147479,16691,16889,16988,17216,17298,17746,
120640647479,1246,1440,3740,4835,6926,8735,
120641147479,1110,1340,2936,4920,6968,9089,
120642147479,1339,11775,2749,4891,6734,8763,
120642647479,1498,1381,2830,4921,6918,8798,
120643647479,2165,12477,3343,4908,6878,8857,
120645147479,1258,1517,2915,5060,6925,8760,

