,W-0,R-0,R-1,R-2,R-3,R-4,
127318000212,1,1,1,1,1,1,
127318500212,1,2,1,1,1,1,
127319500212,1,1,1,1,1,1,
127320500212,1,1,1,1,1,1,
127321500212,1,1,1,1,1,1,
127325000212,1,1,1,1,1,1,
127325500212,1,1,1,1,1,1,
127326500212,1,2,1,1,1,1,
127330500212,1,2,1,1,1,1,
127333000212,1,1,1,1,1,1,
127334000212,1,1,1,1,1,1,
127335500212,1,1,1,1,1,1,
127336000212,1,1,1,1,1,1,
127336500212,1,1,1,1,1,1,
127339500212,1,1,1,1,1,1,
127340000212,1,1,1,1,1,1,
127340500212,1,2,1,1,1,1,
127341000212,1,1,1,1,1,1,
127342000212,1,1,1,1,1,1,
127345000212,1,1,1,1,1,1,
127347000212,1,1,1,1,1,1,
127347500212,1,2,1,1,1,1,
127348000212,1,1,1,1,1,1,
127349500212,1,1,1,1,1,1,
127350000212,1,2,1,1,1,1,
127352500212,1,2,1,1,1,1,
127353500212,1,1,1,1,1,1,
127354000212,1,1,1,1,1,1,
127356000212,1,1,1,1,1,1,
127357000212,1,1,1,1,1,1,
127357500212,1,1,1,1,1,1,
127358500212,1,1,1,1,1,1,
127359500212,1,1,1,1,1,1,
127360000212,1,2,1,1,1,1,
127361500212,1,1,1,1,1,1,
127363000212,1,1,1,1,1,1,
127363500212,1,1,1,1,1,1,
127366000212,1,1,1,1,1,1,
127366500212,1,2,1,1,1,1,
127367000212,1,2,1,1,1,1,
127368000212,1,1,1,1,1,1,
127368500212,1,1,1,1,1,1,
127369000212,1,1,1,1,1,1,
127370500212,1,1,1,1,1,1,
127371000212,1,2,1,1,1,1,
127372000212,1,2,1,1,1,1,
127372500212,1,1,1,1,1,1,
127373500212,1,1,1,1,1,1,
127374000212,1,1,1,1,1,1,
127374500212,1,2,1,1,1,1,
127375000212,1,1,1,1,1,1,
127376500212,1,2,1,1,1,1,
127378500212,1,1,1,1,1,1,
127379500212,1,2,1,1,1,1,
127380000212,1,1,1,1,1,1,
127380500212,1,2,1,1,1,1,
127381000212,1,2,1,1,1,1,
127382500212,1,1,1,1,1,1,
127385000212,1,2,1,1,1,1,
127385500212,1,1,1,1,1,1,
127386000212,1,1,1,1,1,1,
127387000212,1,1,1,1,1,1,
127388000212,1,2,1,1,1,1,
127388500212,1,1,1,1,1,1,
127389000212,1,2,1,1,1,1,
127389500212,1,2,1,1,1,1,
127390500212,1,1,1,1,1,1,
127392000212,1,1,1,1,1,1,
127392500212,1,1,1,1,1,1,
127393000212,1,1,1,1,1,1,
127393500212,1,1,1,1,1,1,
127395000212,1,1,1,1,1,1,
127396000212,1,2,1,1,1,1,
127396500212,1,1,1,1,1,1,
127397000212,1,1,1,1,1,1,
127397500212,1,1,1,1,1,1,
127398500212,1,2,1,1,1,1,
127399000212,1,1,1,1,1,1,
127403000212,1,1,1,1,1,1,
127403500212,1,1,1,1,1,1,
127405500212,1,1,1,1,1,1,
127406000212,1,1,1,1,1,1,
127406500212,1,1,1,1,1,1,
127407000212,1,2,1,1,1,1,
127408500212,1,1,1,1,1,1,
127409500212,1,1,1,1,1,1,
127412000212,1,1,1,1,1,1,
127412500212,1,1,1,1,1,1,
127413000212,1,1,1,1,1,1,
127413500212,1,1,1,1,1,1,
127414500212,1,1,1,1,1,1,
127415000212,1,1,1,1,1,1,
127415500212,1,1,1,1,1,1,
127419000212,1,2,1,1,1,1,
127419500212,1,1,1,1,1,1,
127420500212,1,2,1,1,1,1,
127423000212,1,1,1,1,1,1,
127423500212,1,1,1,1,1,1,
127425000212,1,1,1,1,1,1,
127426000212,1,1,1,1,1,1,
127426500212,1,1,1,1,1,1,
127427000212,1,1,1,1,1,1,
127428000212,1,1,1,1,1,1,
127429000212,1,1,1,1,1,1,
127430000212,1,2,1,1,1,1,
127431500212,1,1,1,1,1,1,
127432000212,1,1,1,1,1,1,
127433000212,1,1,1,1,1,1,
127433500212,1,2,1,1,1,1,
127434000212,1,2,1,1,1,1,
127434500212,1,1,1,1,1,1,
127435500212,1,2,1,1,1,1,
127436500212,1,2,1,1,1,1,
127437000212,1,2,1,1,1,1,
127437500212,1,2,1,1,1,1,
127438000212,1,1,1,1,1,1,
127440500212,1,1,1,1,1,1,
127441000212,1,1,1,1,1,1,
127443000212,1,1,1,1,1,1,
127443500212,1,1,1,1,1,1,
127444000212,1,2,1,1,1,1,
127445000212,1,1,1,1,1,1,
127445500212,1,1,1,1,1,1,
127449500212,1,1,1,1,1,1,
127450000212,1,1,1,1,1,1,
127451000212,1,1,1,1,1,1,
127453500212,1,1,1,1,1,1,
127454500212,1,1,1,1,1,1,
127455500212,1,1,1,1,1,1,
127457500212,1,2,1,1,1,1,
127458000212,1,1,1,1,1,1,
127458500212,1,1,1,1,1,1,
127459000212,1,1,1,1,1,1,
127460000212,1,1,1,1,1,1,
127460500212,1,1,1,1,1,1,
127461000212,1,2,1,1,1,1,
127462000212,1,1,1,1,1,1,
127462500212,1,2,1,1,1,1,
127463500212,1,1,1,1,1,1,
127464000212,1,2,1,1,1,1,
127464500212,1,1,1,1,1,1,
127466000212,1,2,1,1,1,1,
127467000212,1,1,1,1,1,1,
127469000212,1,2,1,1,1,1,
127469500212,1,2,1,1,1,1,
127470000212,1,2,1,1,1,1,
127470500212,1,1,1,1,1,1,
127471500212,1,1,1,1,1,1,
127472500212,1,1,1,1,1,1,
127473000212,1,1,1,1,1,1,
127474000212,1,2,1,1,1,1,
127474500212,1,1,1,1,1,1,
127475000212,1,2,2,2,2,2,
127475500212,1,2,2,2,2,2,
127476500212,1,2,2,2,2,2,
127477000212,1,2,2,2,2,2,
127478000212,1,1,1,1,1,1,
127478500212,1,1,1,1,1,1,
127479500212,1,2,1,1,1,1,
127480000212,1,1,1,1,1,1,
127481000212,1,1,1,1,1,1,
127481500212,1,1,1,1,1,1,
127484500212,1,2,1,1,1,1,
127486500212,1,1,1,1,1,1,
127487500212,1,1,1,1,1,1,
127488000212,1,1,1,1,1,1,
127488500212,1,2,1,1,1,1,
127489500212,1,1,1,1,1,1,
127490500212,1,1,1,1,1,1,
127491000212,1,1,1,1,1,1,
127491500212,1,1,1,1,1,1,
127492000212,1,1,1,1,1,1,
127492500212,1,1,1,1,1,1,
127494000212,1,1,1,1,1,1,
127495000212,1,1,1,1,1,1,
127495500212,1,2,1,1,1,1,
127498000212,1,1,1,1,1,1,
127499000212,1,1,1,1,1,1,
127500500212,1,1,1,1,1,1,
127501500212,1,2,1,1,1,1,
127502000212,1,2,1,1,1,1,
127503500212,1,1,1,1,1,1,
127506000212,1,2,1,1,1,1,
127506500212,1,2,1,1,1,1,
127507000212,1,2,1,1,1,1,
127508500212,1,1,1,1,1,1,
127509000212,1,2,1,1,1,1,
127511000212,1,1,1,1,1,1,
127511500212,1,1,1,1,1,1,
127512000212,1,2,1,1,1,1,
127513000212,1,1,1,1,1,1,
127514000212,1,2,1,1,1,1,
127514500212,1,1,1,1,1,1,
127515000212,1,2,1,1,1,1,
127515500212,1,2,1,1,1,1,
127516000212,1,1,1,1,1,1,
127516500212,1,2,1,1,1,1,
127517000212,1,2,1,1,1,1,
127518500212,1,1,1,1,1,1,
127520000212,1,1,1,1,1,1,
127522000212,1,1,1,1,1,1,
127523500212,1,1,1,1,1,1,
127524000212,1,2,1,1,1,1,
127525500212,1,2,1,1,1,1,
127526000212,1,2,1,1,1,1,
127528000212,1,1,1,1,1,1,
127529000212,1,1,1,1,1,1,
127530000212,1,2,1,1,1,1,
127530500212,1,2,1,1,1,1,
127531500212,1,2,1,1,1,1,
127532500212,1,2,1,1,1,1,
127533000212,1,2,1,1,1,1,
127533500212,1,1,1,1,1,1,
127536000212,1,2,1,1,1,1,
127539500212,1,2,1,1,1,1,
127540000212,1,2,1,1,1,1,
127540500212,1,1,1,1,1,1,
127541500212,1,1,1,1,1,1,
127542500212,1,2,1,1,1,1,
127543000212,1,1,1,1,1,1,
127544000212,1,2,1,1,1,1,
127544500212,1,1,1,1,1,1,
127545000212,1,1,1,1,1,1,
127545500212,1,1,1,1,1,1,
127547500212,1,1,1,1,1,1,
127548000212,1,1,1,1,1,1,
127549500212,1,2,1,1,1,1,
127550500212,1,1,1,1,1,1,
127556000212,1,1,1,1,1,1,
127558000212,1,1,1,1,1,1,
127559500212,1,1,1,1,1,1,
127562000212,1,2,1,1,1,1,
127564500212,1,1,1,1,1,1,
127565000212,1,2,1,1,1,1,
127565500212,1,2,1,1,1,1,
127566000212,1,1,1,1,1,1,
127567500212,1,1,1,1,1,1,
127568000212,1,2,1,1,1,1,
127568500212,1,2,1,1,1,1,
127569500212,1,1,1,1,1,1,
127570000212,1,2,1,1,1,1,
127570500212,1,1,1,1,1,1,
127571000212,1,2,1,1,1,1,
127572000212,1,1,1,1,1,1,
127572500212,1,2,1,1,1,1,
127573000212,1,1,1,1,1,1,
127573500212,1,2,1,1,1,1,
127574000212,1,1,1,1,1,1,
127574500212,1,1,1,1,1,1,
127576000212,1,1,1,1,1,1,
127576500212,1,2,1,1,1,1,
127578500212,1,1,1,1,1,1,
127579000212,1,1,1,1,1,1,
127580500212,1,2,1,1,1,1,
127581500212,1,1,1,1,1,1,
127584000212,1,1,1,1,1,1,
127584500212,1,2,1,1,1,1,
127585500212,1,1,1,1,1,1,
127587000212,1,2,1,1,1,1,
127588000212,1,1,1,1,1,1,
127590000212,1,1,1,1,1,1,
127590500212,1,1,1,1,1,1,
127591000212,1,1,1,1,1,1,
127591500212,1,2,1,1,1,1,
127592000212,1,1,1,1,1,1,
127593000212,1,2,1,1,1,1,
127594000212,1,1,1,1,1,1,
127594500212,1,1,1,1,1,1,
127595500212,1,2,1,1,1,1,
127596500212,1,2,2,2,2,2,
127597500212,1,2,2,2,2,2,
127598000212,1,1,1,1,1,1,
127600000212,1,2,1,1,1,1,
127600500212,1,1,1,1,1,1,
127601000212,1,1,1,1,1,1,
127601500212,1,1,1,1,1,1,
127603000212,1,1,1,1,1,1,
127603500212,1,1,1,1,1,1,
127605500212,1,1,1,1,1,1,
127606000212,1,1,1,1,1,1,
127608000212,1,1,1,1,1,1,
127609000212,1,2,1,1,1,1,
127609500212,1,1,1,1,1,1,
127610000212,1,2,1,1,1,1,
127610500212,1,1,1,1,1,1,
127611000212,1,1,1,1,1,1,
127612500212,1,2,1,1,1,1,
127614000212,1,2,1,1,1,1,
127614500212,1,1,1,1,1,1,
127615500212,1,2,1,1,1,1,
127616500212,1,1,1,1,1,1,
127617000212,1,1,1,1,1,1,
127619000212,1,1,1,1,1,1,
127619500212,1,1,1,1,1,1,
127620000212,1,1,1,1,1,1,
127620500212,1,1,1,1,1,1,
127621500212,1,1,1,1,1,1,
127623000212,1,1,1,1,1,1,
127624000212,1,2,1,1,1,1,
127624500212,1,1,1,1,1,1,
127625000212,1,1,1,1,1,1,
127625500212,1,1,1,1,1,1,
127626000212,1,1,1,1,1,1,
127627500212,1,1,1,1,1,1,
127628500212,1,1,1,1,1,1,
127629000212,1,1,1,1,1,1,
127630000212,1,1,1,1,1,1,
127630500212,1,2,1,1,1,1,
127631000212,1,1,1,1,1,1,
127632500212,1,1,1,1,1,1,
127633000212,1,1,1,1,1,1,
127634000212,1,2,1,1,1,1,
127635500212,1,1,1,1,1,1,
127636500212,1,1,1,1,1,1,
127637000212,1,2,1,1,1,1,
127637500212,1,1,1,1,1,1,
127639000212,1,1,1,1,1,1,
127639500212,1,1,1,1,1,1,
127641000212,1,1,1,1,1,1,
127642000212,1,1,1,1,1,1,
127642500212,1,2,1,1,1,1,
127643500212,1,1,1,1,1,1,
127644500212,1,1,1,1,1,1,
127645000212,1,1,1,1,1,1,
127645500212,1,1,1,1,1,1,
127647500212,1,1,1,1,1,1,
127648500212,1,1,1,1,1,1,
127649000212,1,2,1,1,1,1,
127649500212,1,2,1,1,1,1,
127650000212,1,1,1,1,1,1,
127651000212,1,2,1,1,1,1,
127651500212,1,2,1,1,1,1,
127652000212,1,2,1,1,1,1,
127652500212,1,1,1,1,1,1,
127653000212,1,1,1,1,1,1,
127653500212,1,1,1,1,1,1,
127654000212,1,1,1,1,1,1,
127654500212,1,2,1,1,1,1,
127655000212,1,2,1,1,1,1,
127655500212,1,1,1,1,1,1,
127656000212,1,1,1,1,1,1,
127657500212,1,1,1,1,1,1,
127659000212,1,2,1,1,1,1,
127659500212,1,1,1,1,1,1,
127660000212,1,1,1,1,1,1,
127660500212,1,1,1,1,1,1,
127661000212,1,1,1,1,1,1,
127662000212,1,1,1,1,1,1,
127662500212,1,1,1,1,1,1,
127666000212,1,1,1,1,1,1,
127666500212,1,1,1,1,1,1,
127667000212,1,1,1,1,1,1,
127667500212,1,1,1,1,1,1,
127668500212,1,1,1,1,1,1,
127669000212,1,1,1,1,1,1,
127669500212,1,1,1,1,1,1,
127671000212,1,1,1,1,1,1,
127674000212,1,1,1,1,1,1,
127676000212,1,1,1,1,1,1,
127678000212,1,1,1,1,1,1,
127678500212,1,2,1,1,1,1,
127679000212,1,2,1,1,1,1,
127680000212,1,2,1,1,1,1,
127680500212,1,1,1,1,1,1,
127682000212,1,1,1,1,1,1,
127683500212,1,2,1,1,1,1,
127684000212,1,2,1,1,1,1,
127685000212,1,1,1,1,1,1,
127686000212,1,1,1,1,1,1,
127686500212,1,1,1,1,1,1,
127687500212,1,2,1,1,1,1,
127689500212,1,2,1,1,1,1,
127690000212,1,2,1,1,1,1,
127690500212,1,2,1,1,1,1,
127691000212,1,2,1,1,1,1,
127692500212,1,2,1,1,1,1,
127694000212,1,1,1,1,1,1,
127694500212,1,1,1,1,1,1,
127695500212,1,1,1,1,1,1,
127696500212,1,1,1,1,1,1,
127697000212,1,1,1,1,1,1,
127697500212,1,1,1,1,1,1,
127698500212,1,1,1,1,1,1,
127699000212,1,1,1,1,1,1,
127699500212,1,1,1,1,1,1,
127700000212,1,1,1,1,1,1,
127700500212,1,1,1,1,1,1,
127701000212,1,1,1,1,1,1,
127702000212,1,1,1,1,1,1,
127702500212,1,1,1,1,1,1,
127703000212,1,2,1,1,1,1,
127703500212,1,1,1,1,1,1,
127705500212,1,1,1,1,1,1,
127706500212,1,1,1,1,1,1,
127707500212,1,1,1,1,1,1,
127709500212,1,1,1,1,1,1,
127712000212,1,1,1,1,1,1,
127713000212,1,2,1,1,1,1,
127713500212,1,1,1,1,1,1,
127714000212,1,1,1,1,1,1,
127715000212,1,1,1,1,1,1,
127716000212,1,1,1,1,1,1,
127716500212,1,1,1,1,1,1,
127717000212,1,1,1,1,1,1,
127717500212,1,2,1,1,1,1,
127718000212,1,2,2,2,2,2,
127719000212,1,1,1,1,1,1,
127719500212,1,2,1,1,1,1,
127721000212,1,1,1,1,1,1,
127722000212,1,1,1,1,1,1,
127726500212,1,2,1,1,1,1,
127727000212,1,1,1,1,1,1,
127728000212,1,1,1,1,1,1,
127728500212,1,2,1,1,1,1,
127729000212,1,1,1,1,1,1,
127730000212,1,2,1,1,1,1,
127731500212,1,1,1,1,1,1,
127732000212,1,1,1,1,1,1,
127733000212,1,1,1,1,1,1,
127733500212,1,1,1,1,1,1,
127734000212,1,1,1,1,1,1,
127734500212,1,2,1,1,1,1,
127735000212,1,1,1,1,1,1,
127736000212,1,1,1,1,1,1,
127736500212,1,1,1,1,1,1,
127737000212,1,1,1,1,1,1,
127737500212,1,2,1,1,1,1,
127738000212,1,2,1,1,1,1,
127738500212,1,1,1,1,1,1,
127741500212,1,2,1,1,1,1,
127742500212,1,1,1,1,1,1,
127743000212,1,1,1,1,1,1,
127743500212,1,1,1,1,1,1,
127745000212,1,1,1,1,1,1,
127745500212,1,1,1,1,1,1,
127748000212,1,2,1,1,1,1,
127750000212,1,1,1,1,1,1,
127751000212,1,1,1,1,1,1,
127751500212,1,1,1,1,1,1,
127752000212,1,1,1,1,1,1,
127753000212,1,1,1,1,1,1,
127753500212,1,1,1,1,1,1,
127755000212,1,1,1,1,1,1,
127756500212,1,2,1,1,1,1,
127757500212,1,1,1,1,1,1,
127758500212,1,2,1,1,1,1,
127760000212,1,1,1,1,1,1,
127762000212,1,1,1,1,1,1,
127763000212,1,1,1,1,1,1,
127764000212,1,1,1,1,1,1,
127764500212,1,1,1,1,1,1,
127770000212,1,2,2,2,2,2,
127771000212,1,1,1,1,1,1,
127771500212,1,2,1,1,1,1,
127772000212,1,1,1,1,1,1,
127773000212,1,1,1,1,1,1,
127773500212,1,2,1,1,1,1,
127774000212,1,2,1,1,1,1,
127774500212,1,1,1,1,1,1,
127776500212,1,2,1,1,1,1,
127778000212,1,1,1,1,1,1,
127778500212,1,2,1,1,1,1,
127780500212,1,1,1,1,1,1,
127782000212,1,1,1,1,1,1,
127782500212,1,1,1,1,1,1,
127783000212,1,1,1,1,1,1,
127783500212,1,1,1,1,1,1,
127784500212,1,1,1,1,1,1,
127785000212,1,1,1,1,1,1,
127786000212,1,2,1,1,1,1,
127787500212,,1,1,1,1,1,

