,W-0,R-0,R-1,R-2,R-3,R-4,
115412833907,4195,12934,3305,6007,7202,9073,
115413333907,1530,12023,3385,5289,6958,9165,
115414333907,1647,12197,2993,5070,7005,9351,
115415333907,147360,1701,3326,5090,7171,9336,
115416333907,1673,1454,3426,5243,6989,9028,
115419833907,171894,1846,3090,5236,7038,9144,
115420333907,7841,1771,2896,4942,7205,9139,
115421333907,1544,12401,2926,5415,6898,8965,
115425333907,1597,12089,3002,5262,6872,8940,
115427833907,1772,12041,3186,5036,7081,8881,
115428833907,1808,1541,2900,4802,6779,8882,
115430333907,1611,12137,2867,4952,6936,8944,
115430833907,1703,1413,3180,5172,6965,9148,
115431333907,1653,1762,3278,4973,6934,8964,
115434333907,1638,1477,2848,5307,6959,8836,
115434833907,1959,1725,3053,5455,6838,8901,
115435333907,1846,1644,3089,4829,6952,8895,
115435833907,2039,1751,3193,5530,7010,8974,
115436833907,1585,1375,2995,4861,6947,8985,
115439833907,2606,1389,2982,4841,6781,8770,
115441833907,1438,12062,2887,5026,6993,9040,
115442333907,1921,12208,2925,4807,6818,8845,
115442833907,1646,1451,3046,5043,6797,8787,
115444333907,1772,1928,3003,4962,6924,8821,
115444833907,1914,1592,3027,4904,6962,8898,
115447333907,1551,11953,2931,4780,6823,8912,
115448333907,2020,12282,2828,5665,6813,8842,
115448833907,300000,11789,3249,4914,6865,8785,
115450833907,37923,12265,3239,4952,6769,9238,
115451833907,1689,1890,3084,4846,7006,8906,
115452333907,1745,1553,3031,5215,6989,9035,
115453333907,1794,12208,3034,5060,7152,8992,
115454333907,16400,1684,3475,5178,7243,9085,
115454833907,1709,1513,3035,4997,6863,8920,
115456333907,1741,11992,3238,5034,6879,9346,
115457833907,300000,12247,2991,4959,6870,8977,
115458333907,5577,12839,15356,5947,8647,9688,
115460833907,1974,1666,2934,4967,6914,8953,
115461333907,1481,11821,2895,4985,6971,8814,
115461833907,1804,1514,2974,5217,6928,8956,
115462833907,2004,1614,3269,5061,6930,8921,
115463333907,1448,11948,2944,4850,6825,8799,
115463833907,1510,1322,3084,4887,6811,8895,
115465333907,118485,1331,2951,4796,6939,8776,
115465833907,1599,1342,2911,5920,6856,8870,
115466833907,168517,178970,178834,180254,179359,179545,
115467333907,1644,11961,2918,4862,7170,8827,
115468333907,1485,11895,2981,4864,6779,8924,
115468833907,3672,1870,3027,5053,6905,8869,
115469333907,1291,1497,3588,4826,6943,8916,
115469833907,1487,1770,3013,4864,6863,8931,
115471333907,1638,11808,3130,4942,6801,8755,
115473333907,1374,11914,3002,4931,6846,9443,
115474333907,1674,11976,2789,4775,6720,8910,
115474833907,1502,11852,2795,4848,6814,8893,
115475333907,12882,1659,2773,4782,7278,8847,
115475833907,300000,1821,2972,4886,6852,8910,
115477333907,1489,1368,2784,4815,6886,8779,
115479833907,NULL,NULL,NULL,NULL,NULL,NULL,
115480333907,NULL,NULL,NULL,NULL,NULL,NULL,
115480833907,216927,226834,225534,227340,223591,237851,
115481833907,3063,3458,9071,7957,9960,11711,
115482833907,26686,11737,2948,4776,6862,8884,
115483333907,1557,1509,2983,5037,6899,9154,
115483833907,69022,11876,3156,4978,6802,8952,
115484333907,95245,12170,3036,5000,6832,8843,
115485333907,1260,1412,2785,5333,6868,8866,
115486833907,1602,1350,2813,4832,6764,8825,
115487333907,1372,1538,2928,4856,6700,8795,
115487833907,1305,1522,2886,4904,6997,8876,
115488333907,1655,12017,3220,5158,7225,8849,
115489833907,1544,1388,2766,4963,6758,8746,
115490833907,1634,1395,2842,4837,7037,9560,
115491333907,159681,1673,2961,4975,6978,8980,
115491833907,1633,1876,3542,4930,6738,8822,
115492333907,1489,11488,2950,4761,6739,8697,
115493333907,1260,1510,2825,4816,6893,8941,
115493833907,1462,1331,2873,4898,6791,8755,
115497833907,1807,1689,2986,4960,6943,9043,
115498333907,1359,1513,2888,4717,6721,8698,
115500333907,1470,1801,2860,4730,6649,8989,
115500833907,1404,1662,3029,4985,6844,9014,
115501333907,6829,1266,2824,4856,7167,8803,
115501833907,1443,11672,2808,5715,6835,8815,
115503333907,1663,11957,2960,4920,6970,8766,
115504333907,1436,12004,2835,4755,6721,8892,
115506833907,1577,1721,2789,4864,6819,8782,
115507333907,6164,1443,3030,5245,6905,8871,
115507833907,1674,1415,3256,4923,6767,8960,
115508333907,1293,1616,2841,4852,6750,8742,
115509333907,2281,3071,3908,5523,6925,9446,
115509833907,1323,1515,2830,4781,6693,8810,
115510333907,1292,1495,3008,5032,6897,8741,
115513833907,13019,1791,2845,4953,6933,8909,
115514333907,1228,1379,2971,4834,6755,8834,
115515333907,1550,11817,3127,4951,6855,9437,
115517833907,1596,1781,2933,4956,6890,8786,
115518333907,1368,1570,2939,4851,6813,8806,
115519833907,1687,1515,2881,5462,6926,8704,
115520833907,1257,1505,2762,4842,6795,8704,
115521333907,2472,2047,3421,5003,6780,8737,
115521833907,1418,11821,2784,4775,6799,8717,
115522833907,1415,11786,3281,4885,6787,9081,
115523833907,131610,1468,2826,4802,6771,8733,
115524833907,1272,1481,2723,4818,6916,8713,
115526333907,1858,1534,3146,4826,6911,8768,
115526833907,1691,11930,3190,5001,6913,8998,
115527833907,41227,11804,2901,4758,6876,8793,
115528333907,1906,1757,2910,4931,6758,8825,
115528833907,1424,1602,2968,4919,6833,8748,
115529333907,1481,1361,2736,4775,6781,8758,
115530333907,1675,1450,2945,4983,6776,8825,
115531333907,1658,1516,3196,4723,6849,8750,
115531833907,1588,11948,2978,4824,6737,8754,
115532333907,2031,12332,3209,4831,6769,8890,
115532833907,6454,11719,3135,4773,6775,8818,
115535333907,1667,11959,2969,4901,6794,8976,
115535833907,1459,11713,2999,4926,6869,8760,
115537833907,1458,11678,2921,4884,6820,8765,
115538333907,2173,12673,3043,5192,6826,8844,
115538833907,1505,1313,2810,4787,6777,8821,
115539833907,1550,1319,2911,4875,6807,8767,
115540333907,25889,2035,2922,4866,6883,8855,
115544333907,1433,1336,2698,4772,6783,8673,
115544833907,5519,1547,2941,5302,6732,8775,
115545833907,2132,1898,3007,4890,6930,8870,
115548333907,1448,1353,2943,5314,6708,8716,
115549333907,1565,1712,3324,5083,6950,9045,
115550333907,1419,2438,2778,4898,6891,8729,
115552333907,1194,1360,2775,4770,6679,8766,
115552833907,1528,1401,3637,4858,6802,8813,
115553333907,1479,1336,2941,4829,7063,8843,
115553833907,1904,1641,3209,5057,6895,9158,
115554833907,1497,11691,2926,4888,6705,8784,
115555333907,1548,1807,2820,4737,6754,8720,
115555833907,3401,1396,3182,4846,6982,8770,
115556833907,1683,11933,2924,4922,6811,8806,
115557333907,1610,12198,2944,4832,6757,8731,
115558333907,1190,1378,2942,4880,6704,8845,
115558833907,1686,12062,2938,4696,6868,9690,
115559333907,1538,1862,3200,4835,6874,8673,
115560833907,12645,1498,3003,5036,6943,8801,
115561833907,1309,11733,2856,4802,6848,8812,
115563833907,1415,1635,2813,4979,6834,8844,
115564333907,1736,11958,2875,4774,6912,8836,
115564833907,9178,1329,2849,4938,6734,8940,
115565333907,1425,11945,2935,4770,6787,9023,
115566333907,1529,11992,3047,4902,6759,8655,
115567333907,1453,11686,3463,4983,6916,8852,
115567833907,1497,1321,2860,4736,6693,9268,
115568833907,1583,12005,2811,4909,7076,8901,
115569333907,1589,12483,3048,5082,6926,8926,
115569833907,1922,1799,2825,4838,6863,8843,
115570333907,1496,1619,2973,4795,6725,8698,
115571333907,1413,11650,3205,4744,6912,8716,
115571833907,89023,12251,2885,4904,7029,8910,
115572833907,1267,1450,2934,4954,6856,8808,
115573333907,1265,1414,2790,4729,6685,8806,
115574333907,1449,1680,2960,4861,6775,8748,
115574833907,1420,11949,2836,4771,6762,8945,
115575833907,1488,1334,2992,4911,6853,8727,
115576333907,1467,1801,3147,5034,7032,8747,
115579333907,21393,1347,2721,4859,6881,8887,
115581333907,7937,8162,8289,8529,8675,9243,
115582333907,1542,1438,3056,5190,6797,8797,
115582833907,1815,1599,3024,5248,7007,8823,
115583333907,1714,11916,2942,4896,6879,8881,
115584333907,1221,1391,2825,4764,6846,8665,
115585333907,1912,12234,3182,5007,7186,8920,
115585833907,1325,11758,3400,4831,6724,8715,
115586333907,1459,11963,2848,4724,6988,9051,
115586833907,1254,1462,2897,4761,6741,8860,
115587333907,1323,11830,3066,5249,6883,8844,
115588833907,1727,1347,2938,4963,6968,8916,
115589833907,1253,1463,2788,4680,6745,8821,
115590333907,1594,1309,2827,4857,6687,8636,
115592833907,1607,11845,2800,4775,6793,8736,
115593833907,1622,11884,2737,4790,6802,8833,
115595333907,1448,1320,2710,4822,6799,9171,
115596333907,1460,1264,2798,4836,7148,8691,
115596833907,1638,12273,2817,4858,6772,8691,
115598333907,1459,11823,2979,4771,7048,8806,
115600833907,1244,1435,2911,4747,6761,8759,
115601333907,1295,1461,2741,4849,6719,8861,
115601833907,1632,12157,2933,4682,6810,8934,
115603333907,1471,11756,2954,4934,6908,9146,
115603833907,1519,1417,2873,4865,6843,8871,
115605833907,1234,1398,2764,5232,6795,8744,
115606333907,1739,1561,2801,4803,6796,8949,
115606833907,7935,1713,2985,5025,6785,8752,
115607833907,300000,1748,3236,4928,6963,9014,
115608833907,1813,2881,3720,5271,8616,8880,
115609333907,174278,1458,2920,5022,7467,8750,
115609833907,124705,12130,2970,4805,6777,8752,
115610333907,10581,1493,3089,4899,6852,9014,
115610833907,1327,1477,2835,4765,6855,8744,
115611333907,2127,1836,3149,5064,6842,8824,
115611833907,43619,1297,2955,4861,6710,8700,
115613333907,1267,1494,2924,4983,6835,8768,
115614833907,1481,1294,2985,5377,6895,8867,
115616833907,1760,12147,2939,4821,6921,8965,
115618333907,1216,1408,3141,4834,6760,8693,
115618833907,1642,1522,2953,5011,6892,8815,
115620333907,1770,1503,3263,5033,6946,8755,
115620833907,1764,12091,3137,4943,6894,8804,
115622833907,1214,1606,2868,4804,6814,8766,
115623833907,1610,1394,2881,4850,6805,8789,
115624833907,18230,18466,18680,18846,18988,19197,
115625333907,1276,1498,3008,5040,7127,9228,
115626333907,1471,11909,2935,4742,6665,9073,
115627333907,1480,1646,2780,5002,6861,8919,
115627833907,1489,1364,2945,4875,6752,8792,
115628333907,1352,1671,3555,4943,6789,8846,
115630833907,1530,1746,2693,4965,6804,8916,
115634333907,1533,11817,2925,4813,6768,8753,
115634833907,1624,11823,2909,4904,6699,8813,
115635333907,1259,1436,2938,4777,6682,9237,
115636333907,1852,1687,3416,4664,6761,8724,
115637333907,1462,1328,2699,4801,6742,8742,
115637833907,1745,1537,2860,4883,6714,8909,
115638833907,1268,1463,2803,4779,6718,8747,
115639333907,1836,1997,2758,4762,6725,8988,
115639833907,10279,1507,3436,4744,6712,8801,
115640333907,69423,1406,2847,4941,6961,8833,
115642333907,1701,11978,3150,5005,7084,9013,
115642833907,1493,12326,3073,4768,6778,8827,
115644333907,1543,1348,3058,4885,6801,8999,
115645333907,1651,1411,2738,4806,6801,22659,
115650833907,22452,1235,2706,4857,6684,8689,
115652833907,1577,1468,2851,4913,6888,9306,
115654333907,1367,1625,2817,4868,6930,8810,
115656833907,1124,1410,2715,4753,6700,8766,
115659333907,1744,1550,2986,4995,6919,8828,
115659833907,1455,1771,2837,5394,6912,8913,
115660333907,1539,1410,2976,5149,6875,8797,
115660833907,1762,12047,3066,4827,7623,9132,
115662333907,1716,11844,2708,4755,6818,9262,
115662833907,1452,1311,2819,4984,6933,8844,
115663333907,18771,28848,28358,28949,29353,18318,
115664333907,61487,11776,2999,4877,6877,8860,
115664833907,1569,1375,2899,4967,6875,8736,
115665333907,1616,11769,2909,4706,6773,8762,
115665833907,23454,1264,2851,4694,6703,8723,
115666833907,1709,1494,3074,4999,7069,8891,
115667333907,1433,1326,2930,4962,6765,8725,
115667833907,1690,11856,2878,4796,6915,8742,
115668333907,1510,1385,2951,5036,6756,8781,
115668833907,1251,1390,2994,4784,6738,8853,
115669333907,1499,1299,2776,4813,6796,8809,
115670833907,1219,1379,2910,4923,6853,8954,
115671333907,1454,11980,2899,4863,6804,8837,
115673333907,1526,12348,2735,5258,6956,8966,
115673833907,1276,1426,2836,4989,6860,8892,
115675333907,1710,12456,2837,5056,6682,8778,
115676333907,1530,1368,2904,5025,6817,8792,
115678833907,1581,11949,2793,4957,6860,8735,
115679333907,1251,1436,2752,4779,6754,8696,
115680333907,1678,1848,2857,4822,6748,8843,
115681833907,1527,1335,2826,4739,6850,8678,
115682833907,1280,1464,2833,4810,6904,8759,
115684833907,1931,1729,2919,4941,6868,8968,
115685333907,1944,11690,2774,4710,6822,9006,
115685833907,4732,11661,2758,5234,7010,8697,
115686333907,1258,11615,2686,4745,6758,8824,
115686833907,1598,1404,2919,5143,6847,8940,
115687833907,1606,1375,2999,5013,6799,8883,
115688833907,1662,1487,2747,4823,6886,8758,
115689333907,1567,11884,3136,4738,6684,8726,
115690333907,10620,1318,2958,4791,6897,8842,
115691333907,1479,11917,2854,4881,6789,8825,
115692333907,6014,1818,2751,4766,6862,8976,
115692833907,1247,1392,3182,5191,6730,8731,
115694833907,1424,1328,3043,4955,7036,8744,
115695333907,1551,1357,3161,4895,6944,8800,
115695833907,112570,11966,2807,4790,6817,8841,
115696333907,26775,11915,2953,4888,6927,8928,
115697833907,1487,11792,3031,4986,6731,8810,
115698333907,1546,1348,2964,4848,6758,8826,
115700333907,1209,1414,2663,4720,6727,8717,
115700833907,1242,1467,2944,4953,7018,8823,
115702833907,1588,11775,2984,4952,6787,8883,
115703833907,1485,11662,2960,4810,6748,8701,
115704333907,1304,1354,2801,4764,6691,8754,
115704833907,1701,12163,2898,5073,6974,8942,
115705333907,3366,1318,2766,4725,6735,8764,
115705833907,1751,11878,3377,4940,6949,8820,
115707333907,1233,1595,2862,4744,6713,8915,
115708833907,1632,1438,2846,4882,6928,8905,
115709333907,1518,1326,2870,4982,7029,8811,
115710333907,1719,1495,3050,4902,7053,8962,
115711333907,1533,1376,3167,4954,6971,8816,
115711833907,1616,11824,2873,4790,6882,8887,
115713833907,1448,11774,2881,4762,6797,8719,
115714333907,11265,1480,2963,4892,6836,8863,
115714833907,1611,1408,3460,5031,6932,9214,
115715333907,161050,1367,2950,5978,7020,8893,
115716333907,1387,1971,2946,4707,6695,9139,
115717833907,1826,1587,3036,5355,6744,8726,
115718833907,1247,1477,2899,4795,7020,8854,
115719333907,1502,1305,2781,5593,6769,8829,
115719833907,1442,11630,2900,4887,6822,8711,
115720333907,1537,1353,2840,4704,6826,8864,
115720833907,1782,12029,2959,4893,6885,9560,
115722333907,90940,1276,3075,4999,6888,8855,
115723333907,1273,1433,2799,4884,6799,9007,
115723833907,11632,1522,2837,5011,6818,8927,
115724833907,1487,1384,2751,4835,6775,9011,
115725333907,1734,1588,3078,4886,6937,8946,
115725833907,1619,1387,2909,4771,6689,8886,
115727333907,1509,11842,2763,5060,6767,8792,
115727833907,1327,1544,2702,4755,6820,8743,
115728833907,1601,11776,3024,4715,6883,8913,
115730333907,1515,1374,2890,4886,6832,8813,
115731333907,5650,11571,2812,4879,6873,8696,
115731833907,1447,1315,2868,4877,6739,8707,
115732333907,1620,1522,2800,4864,6854,8889,
115733833907,1250,1411,2941,4820,6696,8789,
115734333907,1366,1776,3614,4849,6794,9047,
115735833907,1592,1374,2930,5394,7179,8737,
115736833907,1376,1608,2885,4776,6717,8721,
115737333907,1547,1398,3005,4885,6850,8878,
115738333907,9798,12417,2868,4812,6962,9064,
115739333907,1933,1694,3006,5002,6921,8842,
115739833907,1277,1545,2735,4767,6819,8762,
115740333907,1478,1281,2879,4956,6938,13508,
115742333907,1432,11677,2867,4949,6796,8841,
115743333907,5780,4709,5200,4941,6751,8891,
115743833907,1806,1661,2977,4837,6856,8707,
115744333907,1739,1577,2996,4967,6880,8754,
115744833907,1225,1439,2852,4772,7192,8737,
115745833907,1270,1453,2823,4750,6876,8839,
115746333907,1763,11816,3287,4857,6736,8733,
115746833907,1255,1557,2806,4803,6863,8684,
115747333907,5452,1330,3043,4822,6760,8857,
115747833907,1534,11825,3285,4860,6851,8669,
115748333907,1285,1536,2930,4962,6757,8807,
115748833907,1567,11946,2923,4874,7234,8838,
115749333907,1665,11896,2957,4875,6843,8814,
115749833907,1411,1292,2775,5409,6715,8864,
115750333907,1386,1568,2887,4853,6985,9223,
115750833907,1796,11967,3024,4905,7248,8847,
115752333907,4403,14494,14392,4935,6824,9062,
115753833907,1438,11904,2834,4948,6842,8878,
115754333907,1622,1431,2791,4942,6794,8731,
115754833907,1652,12175,2922,4972,6860,8882,
115755333907,8073,1410,3364,5677,6802,8753,
115755833907,1433,1244,2985,4777,6717,8710,
115756833907,1525,11926,2875,4682,6774,8861,
115757333907,1544,11583,2779,5021,6855,8757,
115760833907,1558,11893,2774,4871,6803,8828,
115761333907,12773,12088,2912,4863,6780,8710,
115761833907,44874,1526,2846,4898,6841,8921,
115762333907,13430,1746,2929,5022,6909,8846,
115763333907,2563,12906,2881,4827,6734,8709,
115763833907,1975,1755,2743,4779,6710,8903,
115764333907,1701,1425,2991,4941,6869,8887,
115765833907,6129,12231,2937,4795,6749,8876,
115768833907,1591,11807,3288,4737,6741,8759,
115770833907,1495,1350,2729,4812,6718,8663,
115772833907,1470,1341,2840,4870,6776,8954,
115773333907,1536,11916,2910,5052,7006,8940,
115773833907,3550,1399,3033,4783,6885,8720,
115774833907,1539,11779,2831,4668,6797,8880,
115775333907,1604,1407,3580,4788,6834,8974,
115776833907,1740,12380,3001,4921,6953,8709,
115778333907,4029,14856,4483,4804,6854,8842,
115778833907,1593,11816,2969,4814,6779,8961,
115779833907,1265,1431,3170,4942,6899,8925,
115780833907,35495,35733,35850,35090,35338,36275,
115781333907,1454,1266,2687,4914,6731,8679,
115782333907,18249,1432,2792,5148,6695,8745,
115784333907,1348,11594,2768,4784,6769,8774,
115784833907,1785,1503,2865,4902,6907,8940,
115785333907,1720,1596,2838,4914,6798,8907,
115785833907,1601,11767,2782,5153,6824,8771,
115787333907,1714,1591,3211,4695,6746,8667,
115788833907,1554,11947,3001,4751,6788,8808,
115789333907,1443,1657,2957,4855,6888,8748,
115790333907,3949,3664,3807,6518,6805,8864,
115791333907,1310,1476,2908,4911,6720,8709,
115791833907,1474,1656,3147,4883,6796,8749,
115792333907,1222,1449,2970,4849,6946,8990,
115793333907,300000,1714,3141,4842,6908,9027,
115793833907,NULL,NULL,NULL,NULL,NULL,NULL,
115794333907,9604,1607,3190,5146,6710,9966,
115794833907,1561,2246,3349,5067,6810,8713,
115795333907,1403,11991,2720,4861,6844,8992,
115795833907,1433,1331,2684,5031,6800,8737,
115796833907,1492,1395,3151,4809,6835,8854,
115797333907,1878,1776,3276,4860,6910,9237,
115797833907,1602,1488,2853,4914,6768,8762,
115798333907,1682,11926,2825,4759,6834,8808,
115800333907,1413,1581,3153,4975,7255,8750,
115801333907,1534,1412,2884,5089,6857,8993,
115802333907,1655,11691,2957,4878,6790,8718,
115804333907,1257,1617,3021,4817,6901,8810,
115806833907,1431,11792,3026,4972,6902,8787,
115807833907,1426,1296,2842,4846,6835,8763,
115808333907,1594,12023,2812,4746,6745,8790,
115808833907,1457,1245,2883,4835,6862,8841,
115809833907,1353,1486,2730,4786,6660,8671,
115810833907,1259,1776,2732,4805,6757,8832,
115811333907,1388,12017,3252,4932,6908,8862,
115811833907,1591,1403,2891,4911,6870,8856,
115812333907,1415,11766,2951,4918,6868,8772,
115812833907,58062,1560,2818,4783,6727,8750,
115813833907,1613,11909,3187,4856,6763,8891,
115814333907,1509,1336,2893,4905,6742,8900,
115815833907,1476,11664,2861,4645,6703,8684,
115816833907,1490,1380,2792,5188,6867,8857,
115821333907,1280,1415,3146,4920,7125,9002,
115821833907,1470,1345,2698,5576,6695,8858,
115822833907,1643,1529,2995,4951,6870,8967,
115823333907,1443,1336,3021,5340,6721,8745,
115823833907,1358,1614,2899,4901,6731,8873,
115824833907,1304,1514,2860,4789,6837,9392,
115826333907,20209,30446,26504,28821,20554,21213,
115826833907,1326,11622,2850,4808,6750,8808,
115827833907,1339,11608,2760,4687,6729,8803,
115828333907,279206,289589,289684,279284,279052,281476,
115828833907,6138,11868,2798,5158,6909,9212,
115829333907,1597,1383,2835,4806,6836,8685,
115829833907,1634,1492,2982,4977,6749,9523,
115830833907,1408,1694,2863,4869,6957,8807,
115831333907,1927,1685,3202,4974,6885,8945,
115831833907,1570,11915,3328,5250,6809,8890,
115832333907,1633,11795,2901,4883,6696,8925,
115832833907,1327,NULL,NULL,NULL,NULL,NULL,
115833333907,1038,1318,3406,4848,6606,10941,
115836333907,1066,1558,3006,4936,7318,8786,
115837333907,1194,1341,2884,4969,6820,9005,
115837833907,7020,11551,2996,4800,6792,8881,
115838333907,1623,1462,3228,4826,6727,8660,
115839833907,1410,11770,6140,7499,6978,8767,
115840333907,1052,1312,2788,4825,6637,8697,
115842833907,1546,1367,2894,4975,6868,8853,
115844833907,1341,1559,2822,4784,6765,8728,
115845833907,1633,12176,2989,4818,6748,8744,
115846333907,20489,1355,2823,4791,6769,8742,
115846833907,141971,12323,3359,4789,6781,8846,
115847833907,1776,1571,3055,4924,6877,8694,
115848333907,1342,1324,2935,4860,7906,9036,
115849833907,1685,1482,2977,5175,6900,8709,
115851333907,1576,12052,3000,4838,6686,8791,
115852333907,1286,1491,2893,4719,6855,8844,
115853333907,1425,1341,2684,4892,6933,8754,
115854833907,1802,1551,3131,5088,6851,8805,
115856833907,1423,11763,2865,4752,6746,8688,
115857833907,1923,1787,2890,5213,6780,8711,
115858833907,1218,1518,2971,4992,6821,8842,
115859333907,1255,1447,2929,5197,6754,8717,
115864833907,10532,5206,15336,5005,6845,9021,
115865833907,1276,1429,2712,4747,6834,8941,
115866333907,1368,1513,2822,4714,6742,8752,
115866833907,1414,1295,2705,4709,6733,8778,
115867833907,1456,11778,2863,5352,6898,8950,
115868333907,1482,1302,2970,4855,6912,9288,
115868833907,1985,11988,2898,4760,6743,8760,
115869333907,1825,11724,3040,4748,6692,8735,
115871333907,1383,1287,2803,4783,6758,8710,
115872833907,1542,1370,2913,4770,6789,8899,
115873333907,1312,13658,2740,4820,6756,8740,
115875333907,1600,1419,3031,4838,6745,8808,
115876833907,1562,12091,2787,4789,6794,8989,
115877333907,1201,1354,2862,4758,6797,8659,
115877833907,1242,1484,2860,5267,6860,8889,
115878333907,1483,11811,2794,4785,6745,8643,
115879333907,1452,1696,2788,4797,6788,8787,
115879833907,1282,11462,2768,5073,6915,8737,
115880833907,1296,1483,2989,4829,6744,8753,
115882333907,1821,1582,3269,4731,6857,8877,

