,W-0,R-0,R-1,R-2,R-3,R-4,
117198045793,1,2,1,1,1,1,
117198545793,1,2,2,1,1,1,
117199545793,1,2,2,1,1,1,
117200545793,1,2,2,2,1,2,
117201545793,1,2,1,1,1,1,
117205045793,1,2,1,1,2,2,
117205545793,1,2,1,1,1,1,
117206545793,1,2,1,1,1,1,
117210545793,1,2,1,1,1,1,
117213045793,1,2,1,1,1,1,
117214045793,1,2,1,1,1,1,
117215545793,1,2,2,1,1,1,
117216045793,1,2,1,1,1,1,
117216545793,1,2,2,1,1,1,
117219545793,1,2,1,1,1,1,
117220045793,1,2,1,1,1,1,
117220545793,1,2,2,2,2,2,
117221045793,1,2,2,1,1,1,
117222045793,1,2,1,1,1,1,
117225045793,1,2,1,1,1,1,
117227045793,1,2,1,1,1,1,
117227545793,1,2,1,1,1,1,
117228045793,1,2,2,2,2,2,
117229545793,1,2,1,1,1,1,
117230045793,1,2,2,1,2,1,
117232545793,1,2,1,1,1,1,
117233545793,1,2,1,1,1,1,
117234045793,1,2,1,1,1,1,
117236045793,1,2,1,1,1,1,
117237045793,1,2,2,1,1,1,
117237545793,1,2,1,1,1,1,
117238545793,1,2,1,1,1,1,
117239545793,1,2,2,1,1,1,
117240045793,1,2,1,1,1,1,
117241545793,1,2,1,1,1,1,
117243045793,1,2,2,1,1,1,
117243545793,1,2,2,1,1,1,
117246045793,1,2,1,1,1,1,
117246545793,1,2,1,1,1,1,
117247045793,1,2,1,1,1,1,
117248045793,1,2,2,1,1,1,
117248545793,1,2,1,1,1,1,
117249045793,1,2,2,1,1,1,
117250545793,1,2,1,1,1,1,
117251045793,1,2,1,1,1,1,
117252045793,1,2,1,1,1,1,
117252545793,1,2,2,1,1,1,
117253545793,1,2,1,1,1,1,
117254045793,1,2,1,1,1,1,
117254545793,1,2,1,1,1,1,
117255045793,1,2,1,1,1,1,
117256545793,1,2,1,1,1,1,
117258545793,1,2,2,2,1,2,
117259545793,1,2,2,1,1,1,
117260045793,1,2,1,1,1,1,
117260545793,1,2,1,1,1,1,
117261045793,1,2,2,2,2,1,
117262545793,1,2,1,2,1,1,
117265045793,1,2,1,2,1,2,
117265545793,1,2,2,2,2,2,
117266045793,1,2,2,1,1,1,
117267045793,1,2,1,1,1,1,
117268045793,1,2,2,1,2,2,
117268545793,1,2,1,1,1,1,
117269045793,1,2,1,2,1,2,
117269545793,1,2,2,2,2,2,
117270545793,1,2,2,1,2,1,
117272045793,1,2,2,2,2,2,
117272545793,1,2,1,1,1,1,
117273045793,1,2,2,1,1,1,
117273545793,1,2,1,1,1,1,
117275045793,1,2,2,1,1,1,
117276045793,1,2,1,2,1,1,
117276545793,1,2,1,1,1,1,
117277045793,1,2,1,1,2,1,
117277545793,1,2,2,1,1,1,
117278545793,1,2,1,1,1,1,
117279045793,1,2,1,1,1,1,
117283045793,1,2,1,1,1,1,
117283545793,1,2,1,1,1,1,
117285545793,1,2,2,2,2,2,
117286045793,1,2,1,1,1,1,
117286545793,1,2,2,1,1,1,
117287045793,1,2,2,1,1,1,
117288545793,1,2,1,1,1,1,
117289545793,1,2,1,1,1,1,
117292045793,1,2,2,2,1,1,
117292545793,1,2,1,1,1,1,
117293045793,1,2,2,2,2,1,
117293545793,1,2,2,1,1,1,
117294545793,1,2,1,1,1,1,
117295045793,1,2,2,2,2,2,
117295545793,1,2,2,2,2,2,
117299045793,1,2,1,1,1,1,
117299545793,1,2,2,2,1,2,
117300545793,1,2,1,1,1,1,
117303045793,1,2,1,1,1,1,
117303545793,1,2,1,1,2,2,
117305045793,1,2,2,2,2,2,
117306045793,1,2,1,1,2,2,
117306545793,1,2,2,2,1,2,
117307045793,1,2,1,1,1,1,
117308045793,1,2,1,1,1,1,
117309045793,1,2,2,2,2,1,
117310045793,1,2,1,1,1,1,
117311545793,1,2,1,1,1,1,
117312045793,1,2,2,1,1,1,
117313045793,1,2,1,1,1,1,
117313545793,1,2,1,1,1,1,
117314045793,1,2,1,1,1,1,
117314545793,1,2,1,1,1,1,
117315545793,1,2,2,1,1,1,
117316545793,1,2,1,1,1,2,
117317045793,1,2,1,1,1,1,
117317545793,1,2,2,1,1,1,
117318045793,1,2,2,2,2,1,
117320545793,1,2,1,1,1,1,
117321045793,1,2,1,1,1,1,
117323045793,1,2,1,1,1,1,
117323545793,1,2,2,1,1,1,
117324045793,1,2,1,1,1,1,
117325045793,1,2,1,1,1,1,
117325545793,1,2,1,1,1,1,
117329545793,1,2,1,1,1,1,
117330045793,1,2,1,1,1,1,
117331045793,1,2,1,1,1,1,
117333545793,1,2,2,1,1,1,
117334545793,1,2,1,1,1,1,
117335545793,1,2,2,2,1,1,
117337545793,1,2,2,1,1,1,
117338045793,1,2,2,1,1,1,
117338545793,1,2,2,2,1,1,
117339045793,1,2,2,1,1,1,
117340045793,1,2,2,2,2,1,
117340545793,1,2,1,1,1,1,
117341045793,1,2,1,1,1,1,
117342045793,1,2,1,1,1,1,
117342545793,1,2,1,1,1,1,
117343545793,1,2,1,1,1,1,
117344045793,1,2,1,1,1,1,
117344545793,1,2,2,2,2,2,
117346045793,1,2,1,1,1,1,
117347045793,1,2,2,1,1,1,
117349045793,1,2,1,1,1,1,
117349545793,1,2,1,2,2,2,
117350045793,1,2,1,1,1,1,
117350545793,1,2,2,2,1,1,
117351545793,1,2,2,1,1,1,
117352545793,1,2,1,1,1,1,
117353045793,1,2,1,1,1,1,
117354045793,1,2,2,1,1,1,
117354545793,1,2,1,1,1,1,
117355045793,1,2,1,1,1,1,
117355545793,1,2,1,1,1,1,
117356545793,1,2,1,1,1,1,
117357045793,1,2,1,1,1,1,
117358045793,1,2,1,1,1,1,
117358545793,1,2,2,1,1,1,
117359545793,1,2,2,2,2,2,
117360045793,1,2,1,1,1,1,
117361045793,1,2,1,1,1,1,
117361545793,1,2,1,1,1,1,
117364545793,1,2,1,1,1,1,
117366545793,1,2,2,1,1,1,
117367545793,1,2,1,2,2,1,
117368045793,1,2,1,1,1,1,
117368545793,1,2,1,1,1,1,
117369545793,1,2,2,1,1,1,
117370545793,1,2,1,1,1,1,
117371045793,1,2,2,1,1,1,
117371545793,1,2,1,1,1,1,
117372045793,1,2,1,1,1,1,
117372545793,1,2,1,1,1,1,
117374045793,1,2,2,1,1,1,
117375045793,1,2,1,1,1,1,
117375545793,1,2,1,1,1,1,
117378045793,1,2,1,1,1,1,
117379045793,1,2,1,1,1,1,
117380545793,1,2,1,1,1,1,
117381545793,1,2,1,1,1,1,
117382045793,1,2,2,1,1,1,
117383545793,1,2,1,1,1,1,
117386045793,1,2,2,1,1,1,
117386545793,1,2,1,1,1,1,
117387045793,1,2,1,1,1,1,
117388545793,1,2,2,2,2,2,
117389045793,1,2,1,1,1,1,
117391045793,1,2,1,1,1,1,
117391545793,1,2,2,1,1,1,
117392045793,1,2,2,1,1,1,
117393045793,1,2,1,1,1,1,
117394045793,1,2,1,1,1,1,
117394545793,1,2,1,1,1,1,
117395045793,1,2,1,1,1,1,
117395545793,1,2,1,1,2,2,
117396045793,1,2,2,2,2,2,
117396545793,1,2,2,1,1,1,
117397045793,1,2,1,1,1,1,
117398545793,1,2,1,1,1,1,
117400045793,1,2,1,1,1,1,
117402045793,1,2,1,1,1,1,
117403545793,1,2,2,1,1,1,
117404045793,1,2,2,2,1,1,
117405545793,1,2,2,1,1,1,
117406045793,1,2,1,1,1,1,
117408045793,1,2,1,1,1,1,
117409045793,1,2,2,1,1,1,
117410045793,1,2,2,1,1,1,
117410545793,1,2,1,1,1,1,
117411545793,1,2,1,1,1,1,
117412545793,1,2,2,1,1,1,
117413045793,1,2,2,2,2,2,
117413545793,1,2,1,1,1,1,
117416045793,1,2,2,2,1,1,
117419545793,1,2,2,2,2,2,
117420045793,1,2,1,1,1,1,
117420545793,1,2,1,1,1,1,
117421545793,1,2,1,1,1,1,
117422545793,1,2,2,2,2,2,
117423045793,1,2,1,1,1,1,
117424045793,1,2,1,1,1,1,
117424545793,1,2,2,1,2,2,
117425045793,1,2,1,1,1,1,
117425545793,1,2,1,1,1,1,
117427545793,1,2,1,1,1,1,
117428045793,1,2,2,2,2,1,
117429545793,1,2,2,1,1,1,
117430545793,1,2,1,1,1,1,
117436045793,1,2,2,1,1,1,
117438045793,1,2,1,1,1,1,
117439545793,1,2,1,1,1,1,
117442045793,1,2,1,1,1,1,
117444545793,1,2,1,1,1,1,
117445045793,1,2,2,2,2,2,
117445545793,1,2,1,1,1,1,
117446045793,1,2,2,1,1,1,
117447545793,1,2,1,1,1,1,
117448045793,1,2,2,2,2,1,
117448545793,1,2,1,1,1,1,
117449545793,1,2,2,2,2,1,
117450045793,1,2,1,1,1,1,
117450545793,1,2,2,1,1,1,
117451045793,1,2,1,1,1,1,
117452045793,1,2,1,1,1,1,
117452545793,1,2,1,1,1,1,
117453045793,1,2,2,1,1,1,
117453545793,1,2,1,1,1,1,
117454045793,1,2,1,1,1,1,
117454545793,1,2,1,1,1,1,
117456045793,1,2,1,1,1,1,
117456545793,1,2,2,1,1,1,
117458545793,1,2,1,1,1,1,
117459045793,1,2,2,1,1,1,
117460545793,1,2,1,1,1,1,
117461545793,1,2,1,1,1,1,
117464045793,1,2,2,2,2,2,
117464545793,1,2,1,1,1,1,
117465545793,1,2,1,1,1,1,
117467045793,1,2,1,1,1,1,
117468045793,1,2,1,1,2,1,
117470045793,1,2,1,1,1,1,
117470545793,1,2,2,1,1,1,
117471045793,1,2,1,1,1,1,
117471545793,1,2,1,1,1,1,
117472045793,1,2,1,1,1,1,
117473045793,1,2,2,1,1,1,
117474045793,1,2,2,1,1,1,
117474545793,1,2,1,1,1,1,
117475545793,1,2,1,1,1,1,
117476545793,1,2,2,2,1,1,
117477545793,1,2,1,1,1,1,
117478045793,1,2,1,1,1,1,
117480045793,1,2,1,1,1,1,
117480545793,1,2,1,1,1,1,
117481045793,1,2,1,1,1,1,
117481545793,1,2,1,1,1,1,
117483045793,1,2,1,1,1,1,
117483545793,1,2,1,1,1,1,
117485545793,1,2,1,1,1,1,
117486045793,1,2,1,1,1,1,
117488045793,1,2,1,1,1,1,
117489045793,1,2,2,1,2,1,
117489545793,1,2,1,1,1,1,
117490045793,1,2,2,1,1,1,
117490545793,1,2,1,1,1,1,
117491045793,1,2,2,2,1,1,
117492545793,1,2,2,1,1,1,
117494045793,1,2,1,1,1,1,
117494545793,1,2,2,2,1,1,
117495545793,1,2,1,1,1,1,
117496545793,1,2,1,1,1,1,
117497045793,1,2,2,2,1,1,
117499045793,1,2,1,1,1,1,
117499545793,1,2,1,1,1,1,
117500045793,1,2,2,1,1,1,
117500545793,1,2,1,1,1,1,
117501545793,1,2,2,1,1,1,
117503045793,1,2,1,1,1,1,
117504045793,1,2,1,1,1,1,
117504545793,1,2,1,1,1,1,
117505045793,1,2,2,1,1,1,
117505545793,1,2,1,1,1,1,
117506045793,1,2,1,1,1,1,
117507545793,1,2,1,1,1,1,
117508545793,1,2,1,1,2,2,
117509045793,1,2,2,1,1,1,
117510045793,1,2,1,2,1,2,
117510545793,1,2,2,1,1,1,
117511045793,1,2,1,1,1,1,
117512545793,1,2,1,1,1,1,
117513045793,1,2,1,1,1,1,
117514045793,1,2,2,1,1,1,
117515545793,1,2,1,1,1,1,
117516545793,1,2,1,1,1,1,
117517045793,1,2,1,1,1,1,
117517545793,1,2,1,1,1,1,
117519045793,1,2,1,1,1,1,
117519545793,1,2,2,1,1,1,
117521045793,1,2,1,1,1,1,
117522045793,1,2,1,2,1,1,
117522545793,1,2,2,2,2,1,
117523545793,1,2,1,1,1,1,
117524545793,1,2,1,1,1,1,
117525045793,1,2,2,2,2,1,
117525545793,1,2,1,1,1,1,
117527545793,1,2,1,1,1,1,
117528545793,1,2,2,1,2,2,
117529045793,1,2,1,1,1,1,
117529545793,1,2,1,1,1,1,
117530045793,1,2,1,1,1,1,
117531045793,1,2,1,1,1,1,
117531545793,1,2,2,2,1,1,
117532045793,1,2,1,1,1,1,
117532545793,1,2,1,1,1,1,
117533045793,1,2,1,1,1,1,
117533545793,1,2,2,2,1,2,
117534045793,1,2,1,1,1,1,
117534545793,1,2,1,1,1,1,
117535045793,1,2,2,1,2,1,
117535545793,1,2,1,1,1,1,
117536045793,1,2,2,1,1,1,
117537545793,1,2,1,1,1,1,
117539045793,1,2,1,1,1,1,
117539545793,1,2,1,1,1,1,
117540045793,1,2,1,1,1,1,
117540545793,1,2,1,1,1,1,
117541045793,1,2,2,2,2,2,
117542045793,1,2,1,1,1,1,
117542545793,1,2,1,1,1,1,
117546045793,1,2,2,1,1,1,
117546545793,1,2,1,1,1,1,
117547045793,1,2,1,1,2,1,
117547545793,1,2,2,2,1,1,
117548545793,1,2,1,1,1,1,
117549045793,1,2,1,1,1,1,
117549545793,1,2,2,1,1,1,
117551045793,1,2,2,1,1,1,
117554045793,1,2,2,1,1,1,
117556045793,1,2,1,1,1,1,
117558045793,1,2,2,2,2,2,
117558545793,1,2,1,2,1,1,
117559045793,1,2,1,2,1,2,
117560045793,1,2,1,1,1,1,
117560545793,1,2,2,1,1,2,
117562045793,1,2,1,1,1,1,
117563545793,1,2,1,1,1,1,
117564045793,1,2,1,1,1,1,
117565045793,1,2,1,1,1,1,
117566045793,1,2,1,1,1,1,
117566545793,1,2,2,1,1,1,
117567545793,1,2,1,1,1,1,
117569545793,1,2,2,1,1,2,
117570045793,1,2,2,2,2,2,
117570545793,1,2,2,2,2,2,
117571045793,1,2,1,1,1,1,
117572545793,1,2,1,1,1,1,
117574045793,1,2,1,1,1,1,
117574545793,1,2,2,1,1,1,
117575545793,1,2,2,1,2,1,
117576545793,1,2,2,2,2,2,
117577045793,1,2,2,2,2,2,
117577545793,1,2,2,2,2,2,
117578545793,1,2,2,2,2,2,
117579045793,1,2,2,1,2,1,
117579545793,1,2,2,2,2,2,
117580045793,1,2,1,2,2,2,
117580545793,1,2,2,2,2,2,
117581045793,1,2,2,2,2,2,
117582045793,1,2,2,2,1,2,
117582545793,1,2,2,2,1,1,
117583045793,1,2,1,2,2,2,
117583545793,1,2,2,1,1,1,
117585545793,1,2,2,1,1,1,
117586545793,1,1,1,1,1,1,
117587545793,1,2,1,1,1,1,
117589545793,1,2,1,1,1,1,
117592045793,1,2,1,1,1,1,
117593045793,1,2,1,1,1,1,
117593545793,1,2,1,1,1,1,
117594045793,1,2,2,1,2,1,
117595045793,1,2,1,2,2,2,
117596045793,1,2,1,1,1,1,
117596545793,1,2,1,1,1,1,
117597045793,1,2,2,2,2,2,
117597545793,1,2,1,1,1,1,
117598045793,1,2,2,1,1,1,
117599045793,1,2,2,1,1,1,
117599545793,1,2,1,1,1,1,
117601045793,1,2,1,1,1,1,
117602045793,1,2,1,1,1,1,
117606545793,1,2,1,1,1,1,
117607045793,1,2,1,1,1,1,
117608045793,1,2,1,1,1,1,
117608545793,1,2,1,2,2,1,
117609045793,1,2,1,1,1,1,
117610045793,1,2,1,1,1,1,
117611545793,1,2,1,1,1,1,
117612045793,1,2,2,1,1,1,
117613045793,1,2,1,1,1,1,
117613545793,1,2,1,1,1,1,
117614045793,1,2,1,1,1,1,
117614545793,1,2,1,1,1,1,
117615045793,1,2,1,2,2,1,
117616045793,1,2,1,1,1,1,
117616545793,1,2,1,1,1,1,
117617045793,1,2,2,1,1,1,
117617545793,1,2,2,2,1,2,
117618045793,1,2,1,1,1,1,
117618545793,1,2,1,1,1,1,
117621545793,1,2,2,1,1,2,
117622545793,1,2,1,2,2,1,
117623045793,1,2,2,1,1,1,
117623545793,1,2,1,1,1,1,
117625045793,1,2,2,2,1,1,
117625545793,1,2,1,1,1,1,
117628045793,1,2,1,1,1,1,
117630045793,1,2,1,1,1,1,
117631045793,1,2,1,1,1,1,
117631545793,1,2,1,1,1,1,
117632045793,1,2,1,1,1,1,
117633045793,1,2,1,1,1,1,
117633545793,1,2,1,1,1,1,
117635045793,1,2,2,2,2,1,
117636545793,1,2,2,2,1,1,
117637545793,1,2,1,1,1,1,
117638545793,1,2,1,1,1,1,
117640045793,1,2,1,1,1,1,
117642045793,1,2,2,1,1,1,
117643045793,1,2,1,1,1,1,
117644045793,1,2,2,2,1,1,
117644545793,1,2,1,1,1,1,
117650045793,1,2,2,1,1,1,
117651045793,1,2,2,1,1,1,
117651545793,1,2,1,1,1,1,
117652045793,1,2,1,1,1,1,
117653045793,1,2,2,1,1,1,
117653545793,1,2,1,1,1,1,
117654045793,1,2,1,1,1,1,
117654545793,1,2,1,1,1,1,
117656545793,1,2,1,1,1,1,
117658045793,1,2,1,1,1,1,
117658545793,1,2,1,1,1,1,
117660545793,1,2,1,1,1,1,
117662045793,1,2,1,1,1,1,
117662545793,1,2,2,1,1,1,
117663045793,1,2,1,1,1,1,
117663545793,1,2,1,1,1,1,
117664545793,1,2,2,1,2,1,
117665045793,1,2,1,1,1,1,
117666045793,1,2,1,1,1,1,
117667545793,1,2,1,1,1,1,

