,W-0,R-0,R-1,R-2,R-3,R-4,
122555923933,1,2,1,1,1,1,
122556423933,1,2,2,2,1,2,
122557423933,1,2,1,1,1,1,
122558423933,1,2,2,1,1,1,
122559423933,1,2,1,1,1,1,
122562923933,1,2,1,1,1,1,
122563423933,1,2,1,2,2,2,
122564423933,1,2,1,1,1,1,
122568423933,1,2,1,2,1,2,
122570923933,1,2,1,1,1,1,
122571923933,1,2,2,2,1,2,
122573423933,1,2,2,2,1,1,
122573923933,1,2,1,1,1,1,
122574423933,1,2,2,2,1,1,
122577423933,1,2,2,1,1,1,
122577923933,1,2,1,1,1,1,
122578423933,1,2,2,2,2,1,
122578923933,1,2,2,1,1,1,
122579923933,1,2,2,1,2,2,
122582923933,1,2,2,1,1,1,
122584923933,1,2,2,2,2,2,
122585423933,1,2,2,2,1,2,
122585923933,1,2,2,2,2,2,
122587423933,1,2,2,1,1,1,
122587923933,1,2,2,2,2,2,
122590423933,1,2,1,2,1,1,
122591423933,1,2,2,2,2,1,
122591923933,1,2,2,1,1,1,
122593923933,1,2,2,1,1,1,
122594923933,1,2,1,1,1,1,
122595423933,1,2,1,1,1,1,
122596423933,1,2,2,1,1,1,
122597423933,1,2,2,1,1,1,
122597923933,1,2,1,1,1,1,
122599423933,1,2,1,1,1,1,
122600923933,1,2,2,1,1,1,
122601423933,1,2,1,1,1,1,
122603923933,1,2,1,1,1,1,
122604423933,1,2,1,1,1,1,
122604923933,1,2,2,1,1,1,
122605923933,1,2,2,1,1,1,
122606423933,1,2,2,2,2,1,
122606923933,1,2,2,2,2,2,
122608423933,1,2,1,1,1,1,
122608923933,1,2,1,1,1,1,
122609923933,1,2,1,1,1,1,
122610423933,1,2,2,1,1,1,
122611423933,1,2,2,1,1,1,
122611923933,1,2,2,2,2,1,
122612423933,1,2,1,2,1,1,
122612923933,1,2,2,1,1,1,
122614423933,1,2,2,2,2,1,
122616423933,1,2,1,2,2,1,
122617423933,1,2,1,1,1,1,
122617923933,1,2,1,1,1,1,
122618423933,1,2,2,1,1,2,
122618923933,1,2,2,1,1,1,
122620423933,1,2,1,1,1,1,
122622923933,1,2,1,1,1,1,
122623423933,1,2,1,1,1,1,
122623923933,1,2,1,1,2,1,
122624923933,1,2,1,1,1,1,
122625923933,1,2,2,1,1,1,
122626423933,1,2,1,1,1,1,
122626923933,1,2,1,1,1,1,
122627423933,1,2,2,1,1,1,
122628423933,1,2,2,2,1,2,
122629923933,1,2,1,1,1,1,
122630423933,1,2,2,1,1,1,
122630923933,1,2,1,1,1,1,
122631423933,1,2,1,1,1,1,
122632923933,1,2,2,1,1,1,
122633923933,1,2,1,1,1,2,
122634423933,1,2,2,1,1,1,
122634923933,1,2,2,1,1,1,
122635423933,1,2,2,2,2,2,
122636423933,1,2,1,1,1,1,
122636923933,1,2,1,2,1,1,
122640923933,1,2,2,1,1,1,
122641423933,1,2,1,1,1,1,
122643423933,1,2,1,1,1,1,
122643923933,1,2,1,1,1,1,
122644423933,1,2,1,2,1,2,
122644923933,1,2,1,1,1,1,
122646423933,1,2,2,1,2,2,
122647423933,1,2,2,1,1,1,
122649923933,1,2,2,1,1,1,
122650423933,1,2,1,1,1,1,
122650923933,1,2,1,1,1,1,
122651423933,1,2,2,1,1,1,
122652423933,1,2,2,1,1,1,
122652923933,1,2,1,1,1,1,
122653423933,1,2,2,1,1,1,
122656923933,1,2,1,1,1,1,
122657423933,1,2,1,1,1,1,
122658423933,1,2,1,1,1,1,
122660923933,1,2,2,1,1,1,
122661423933,1,2,1,1,1,1,
122662923933,1,2,1,1,1,1,
122663923933,1,2,2,1,1,1,
122664423933,1,2,1,1,1,1,
122664923933,1,2,1,1,1,1,
122665923933,1,2,1,1,1,1,
122666923933,1,2,1,1,1,1,
122667923933,1,2,1,1,1,1,
122669423933,1,2,2,1,1,1,
122669923933,1,2,1,1,1,1,
122670923933,1,2,2,2,1,2,
122671423933,1,2,2,1,1,2,
122671923933,1,2,1,1,2,2,
122672423933,1,2,2,1,1,1,
122673423933,1,2,1,1,1,1,
122674423933,1,2,1,1,1,1,
122674923933,1,2,1,1,1,1,
122675423933,1,2,1,1,1,1,
122675923933,1,2,1,1,1,1,
122678423933,1,2,2,2,2,1,
122678923933,1,2,1,1,1,1,
122680923933,1,2,1,2,2,2,
122681423933,1,2,2,2,1,1,
122681923933,1,2,2,1,1,1,
122682923933,1,2,2,1,1,1,
122683423933,1,2,2,1,1,1,
122687423933,1,2,2,1,1,1,
122687923933,1,2,1,1,1,1,
122688923933,1,2,1,2,1,1,
122691423933,1,2,2,2,1,2,
122692423933,1,2,1,1,1,1,
122693423933,1,2,2,1,1,1,
122695423933,1,2,2,1,1,1,
122695923933,1,2,1,1,1,1,
122696423933,1,2,1,1,1,1,
122696923933,1,2,1,1,1,1,
122697923933,1,2,1,1,1,1,
122698423933,1,2,1,1,1,1,
122698923933,1,2,2,1,1,1,
122699923933,1,2,1,1,1,1,
122700423933,1,2,2,2,1,2,
122701423933,1,2,1,2,2,2,
122701923933,1,2,2,1,1,1,
122702423933,1,2,1,1,1,1,
122703923933,1,2,2,1,1,1,
122704923933,1,2,1,1,1,1,
122706923933,1,2,1,1,2,1,
122707423933,1,2,1,1,1,1,
122707923933,1,2,2,1,1,1,
122708423933,1,2,2,2,1,1,
122709423933,1,2,2,1,1,1,
122710423933,1,2,2,1,1,1,
122710923933,1,2,2,1,1,1,
122711923933,1,2,1,1,1,1,
122712423933,1,2,2,1,1,2,
122712923933,1,2,1,1,1,1,
122713423933,1,2,1,1,1,1,
122714423933,1,2,1,1,1,1,
122714923933,1,2,2,1,1,1,
122715923933,1,2,2,2,1,1,
122716423933,1,2,1,1,1,1,
122717423933,1,2,2,2,1,2,
122717923933,1,2,1,1,1,1,
122718923933,1,2,2,2,1,1,
122719423933,1,2,1,1,1,1,
122722423933,1,2,2,1,1,1,
122724423933,1,2,1,1,1,1,
122725423933,1,2,1,1,1,1,
122725923933,1,2,1,1,1,1,
122726423933,1,2,1,1,1,1,
122727423933,1,2,1,1,1,1,
122728423933,1,2,1,1,1,1,
122728923933,1,2,1,1,1,1,
122729423933,1,2,1,1,1,1,
122729923933,1,2,1,1,1,1,
122730423933,1,2,1,1,1,1,
122731923933,1,2,1,1,1,1,
122732923933,1,2,1,1,1,1,
122733423933,1,2,2,2,1,1,
122735923933,1,2,1,1,1,1,
122736923933,1,2,1,1,1,1,
122738423933,1,2,2,1,1,1,
122739423933,1,2,1,1,1,1,
122739923933,1,2,1,1,1,1,
122741423933,1,2,1,1,1,1,
122743923933,1,2,1,1,1,1,
122744423933,1,2,2,1,1,1,
122744923933,1,2,2,1,1,1,
122746423933,1,2,1,1,1,1,
122746923933,1,2,2,1,1,2,
122748923933,1,2,1,1,1,1,
122749423933,1,2,2,1,1,1,
122749923933,1,2,1,1,1,1,
122750923933,1,2,2,2,1,1,
122751923933,1,2,2,2,2,1,
122752423933,1,2,2,1,2,1,
122752923933,1,2,1,1,1,1,
122753423933,1,2,1,1,1,1,
122753923933,1,2,2,1,1,1,
122754423933,1,2,1,1,1,1,
122754923933,1,2,2,1,1,1,
122756423933,1,2,1,1,1,1,
122757923933,1,2,1,2,1,1,
122759923933,1,2,2,1,1,1,
122761423933,1,2,1,1,1,1,
122761923933,1,2,1,1,1,1,
122763423933,1,2,1,1,1,1,
122763923933,1,2,1,1,1,1,
122765923933,1,2,2,1,1,1,
122766923933,1,2,1,1,1,1,
122767923933,1,2,2,2,1,1,
122768423933,1,2,2,1,1,1,
122769423933,1,2,1,1,1,1,
122770423933,1,2,2,1,1,1,
122770923933,1,2,1,1,1,1,
122771423933,1,2,1,1,1,1,
122773923933,1,2,2,1,1,1,
122777423933,1,2,2,1,1,1,
122777923933,1,2,2,2,2,1,
122778423933,1,2,2,2,1,1,
122779423933,1,2,1,1,1,1,
122780423933,1,2,2,1,1,1,
122780923933,1,2,2,1,1,1,
122781923933,1,2,1,1,1,1,
122782423933,1,2,1,1,1,1,
122782923933,1,2,2,1,1,1,
122783423933,1,2,1,2,2,1,
122785423933,1,2,1,1,1,1,
122785923933,1,2,1,1,1,1,
122787423933,1,2,1,1,1,1,
122788423933,1,2,1,1,1,1,
122793923933,1,2,1,1,1,1,
122795923933,1,2,1,1,1,1,
122797423933,1,2,1,1,1,1,
122799923933,1,2,2,1,1,1,
122802423933,1,2,1,1,1,1,
122802923933,1,2,1,1,1,1,
122803423933,1,2,2,1,1,1,
122803923933,1,2,2,1,1,1,
122805423933,1,2,1,1,1,1,
122805923933,1,2,2,2,2,2,
122806423933,1,2,1,1,1,1,
122807423933,1,2,2,2,1,1,
122807923933,1,2,2,1,1,1,
122808423933,1,2,1,1,1,1,
122808923933,1,2,1,1,1,1,
122809923933,1,2,2,2,1,1,
122810423933,1,2,1,1,1,1,
122810923933,1,2,1,1,1,1,
122811423933,1,2,1,1,1,1,
122811923933,1,2,2,1,2,2,
122812423933,1,2,2,1,1,1,
122813923933,1,2,2,2,1,1,
122814423933,1,2,2,1,1,1,
122816423933,1,2,1,1,1,1,
122816923933,1,2,2,1,1,1,
122818423933,1,2,1,1,1,1,
122819423933,1,2,2,1,1,1,
122821923933,1,2,1,1,1,1,
122822423933,1,2,1,1,1,1,
122823423933,1,2,1,1,1,1,
122824923933,1,2,1,1,1,1,
122825923933,1,2,1,1,1,1,
122827923933,1,2,2,1,1,1,
122828423933,1,2,2,1,1,1,
122828923933,1,2,1,1,1,1,
122829423933,1,2,1,1,1,1,
122829923933,1,2,1,1,1,1,
122830923933,1,2,1,1,1,1,
122831923933,1,2,1,2,1,1,
122832423933,1,2,1,1,1,1,
122833423933,1,2,1,1,1,1,
122834423933,1,2,2,1,1,1,
122835423933,1,2,2,2,2,1,
122835923933,1,2,2,2,2,2,
122837923933,1,2,1,1,1,1,
122838423933,1,2,2,1,1,1,
122838923933,1,2,2,1,1,1,
122839423933,1,2,1,1,1,1,
122840923933,1,2,1,1,1,1,
122841423933,1,2,2,2,2,1,
122843423933,1,2,1,1,1,1,
122843923933,1,2,1,1,1,1,
122845923933,1,2,1,1,1,1,
122846923933,1,2,1,1,1,1,
122847423933,1,2,2,2,2,2,
122847923933,1,2,2,1,1,1,
122848423933,1,2,1,1,1,1,
122848923933,1,2,1,1,1,1,
122850423933,1,2,1,1,1,1,
122851923933,1,2,1,1,1,1,
122852423933,1,2,1,1,1,1,
122853423933,1,2,1,1,1,1,
122854423933,1,2,2,1,2,1,
122854923933,1,2,2,1,1,1,
122856923933,1,2,1,1,1,1,
122857423933,1,2,2,1,1,1,
122857923933,1,2,1,1,1,1,
122858423933,1,2,2,1,1,1,
122859423933,1,2,1,1,1,1,
122860923933,1,2,2,2,1,1,
122861923933,1,2,1,1,1,1,
122862423933,1,2,2,1,1,1,
122862923933,1,2,1,1,1,1,
122863423933,1,2,2,1,1,1,
122863923933,1,2,2,2,2,2,
122865423933,1,2,1,1,1,1,
122866423933,1,2,2,1,2,2,
122866923933,1,2,2,1,1,1,
122867923933,1,2,2,1,2,2,
122868423933,1,2,1,1,1,1,
122868923933,1,2,2,1,2,2,
122870423933,1,2,1,1,1,1,
122870923933,1,2,1,1,1,1,
122871923933,1,2,1,1,1,1,
122873423933,1,2,1,1,1,1,
122874423933,1,2,1,1,1,1,
122874923933,1,2,2,1,1,1,
122875423933,1,2,2,1,1,1,
122876923933,1,2,2,1,1,1,
122877423933,1,2,1,1,1,1,
122878923933,1,2,2,1,1,2,
122879923933,1,2,1,1,1,1,
122880423933,1,2,2,1,1,1,
122881423933,1,2,1,1,1,1,
122882423933,1,2,2,2,1,1,
122882923933,1,2,2,1,1,1,
122883423933,1,2,2,1,1,1,
122885423933,1,2,2,1,1,1,
122886423933,1,2,1,1,1,1,
122886923933,1,2,2,1,1,1,
122887423933,1,2,1,1,1,1,
122887923933,1,2,1,1,1,1,
122888923933,1,2,2,1,1,1,
122889423933,1,2,2,1,1,1,
122889923933,1,2,1,1,1,1,
122890423933,1,2,2,1,1,1,
122890923933,1,2,1,1,1,1,
122891423933,1,2,2,1,1,1,
122891923933,1,2,1,1,1,1,
122892423933,1,2,1,1,1,1,
122892923933,1,2,2,1,1,1,
122893423933,1,2,2,1,1,1,
122893923933,1,2,1,1,1,1,
122895423933,1,2,1,1,1,1,
122896923933,1,2,1,1,1,1,
122897423933,1,2,2,2,1,1,
122897923933,1,2,1,1,1,1,
122898423933,1,2,1,1,1,1,
122898923933,1,2,1,1,2,1,
122899923933,1,2,2,1,1,1,
122900423933,1,2,2,2,2,1,
122903923933,1,2,2,1,1,1,
122904423933,1,2,1,2,2,2,
122904923933,1,2,2,2,2,2,
122905423933,1,2,1,2,1,1,
122906423933,1,2,2,2,1,2,
122906923933,1,2,2,1,1,1,
122907423933,1,2,2,2,2,2,
122908923933,1,2,1,1,1,1,
122911923933,1,2,1,1,1,1,
122913923933,1,2,1,1,1,1,
122915923933,1,2,2,1,1,1,
122916423933,1,2,2,1,1,1,
122916923933,1,2,1,1,1,1,
122917923933,1,2,2,1,1,1,
122918423933,1,2,2,1,1,1,
122919923933,1,2,2,2,1,1,
122921423933,1,2,1,1,1,1,
122921923933,1,2,1,1,1,1,
122922923933,1,2,1,1,1,1,
122923923933,1,2,1,1,1,1,
122924423933,1,2,1,2,1,2,
122925423933,1,2,1,1,1,1,
122927423933,1,2,1,1,1,1,
122927923933,1,2,1,1,1,1,
122928423933,1,2,2,1,1,1,
122928923933,1,2,1,1,1,1,
122930423933,1,2,1,1,1,1,
122931923933,1,2,2,2,1,1,
122932423933,1,2,1,1,1,1,
122933423933,1,2,2,1,1,1,
122934423933,1,2,1,1,1,1,
122934923933,1,2,1,2,1,2,
122935423933,1,2,2,1,2,2,
122936423933,1,2,1,2,1,2,
122936923933,1,2,1,2,1,1,
122937423933,1,2,2,1,2,2,
122937923933,1,2,1,1,1,1,
122938423933,1,2,1,1,1,1,
122938923933,1,2,2,1,1,1,
122939923933,1,2,1,1,1,1,
122940423933,1,2,1,1,1,1,
122940923933,1,2,2,1,1,1,
122941423933,1,2,1,1,1,1,
122943423933,1,2,1,1,1,1,
122944423933,1,2,1,1,1,1,
122945423933,1,2,2,1,1,1,
122947423933,1,2,2,2,2,2,
122949923933,1,2,1,1,1,1,
122950923933,1,2,1,1,1,1,
122951423933,1,2,2,1,1,1,
122951923933,1,2,1,1,1,1,
122952923933,1,2,2,1,1,1,
122953923933,1,2,1,1,1,1,
122954423933,1,2,2,1,1,1,
122954923933,1,2,1,1,1,1,
122955423933,1,2,1,1,1,1,
122955923933,1,2,2,1,1,1,
122956923933,1,2,1,2,1,1,
122957423933,1,2,2,1,1,1,
122958923933,1,2,2,2,2,2,
122959923933,1,2,1,1,1,1,
122964423933,1,2,1,1,1,1,
122964923933,1,2,1,1,1,1,
122965923933,1,2,1,1,1,1,
122966423933,1,2,1,1,1,1,
122966923933,1,2,2,1,1,1,
122967923933,1,2,2,2,2,1,
122969423933,1,2,2,2,2,2,
122969923933,1,2,2,2,2,2,
122970923933,1,2,1,1,1,1,
122971423933,1,1,1,1,1,1,
122971923933,1,2,1,1,1,1,
122972423933,1,2,2,1,1,1,
122972923933,1,2,1,1,1,1,
122973923933,1,2,1,1,2,2,
122974423933,1,2,1,1,1,1,
122974923933,1,2,1,1,1,1,
122975423933,1,2,1,1,1,1,
122975923933,1,2,2,1,1,1,
122976423933,1,2,1,1,1,1,
122979423933,1,2,2,2,2,1,
122980423933,1,2,1,1,1,1,
122980923933,1,2,1,1,1,1,
122981423933,1,2,1,1,1,1,
122982923933,1,2,1,1,1,1,
122983423933,1,2,1,1,1,1,
122985923933,1,2,2,2,2,2,
122987923933,1,2,1,1,1,1,
122988923933,1,2,1,1,1,1,
122989423933,1,2,1,1,1,1,
122989923933,1,2,1,1,1,1,
122990923933,1,2,1,1,1,1,
122991423933,1,2,1,1,1,1,
122992923933,1,2,1,1,1,1,
122994423933,1,2,1,1,1,1,
122995423933,1,2,1,1,1,1,
122996423933,1,2,2,1,1,1,
122997923933,1,2,1,1,1,1,
122999923933,1,2,1,1,1,1,
123000923933,1,2,1,1,1,1,
123001923933,1,2,2,1,1,1,
123002423933,1,2,1,1,1,1,
123007923933,1,2,1,1,1,1,
123008923933,1,2,1,1,1,1,
123009423933,1,2,1,1,1,1,
123009923933,1,2,2,1,2,1,
123010923933,1,2,1,1,1,2,
123011423933,1,2,1,1,1,1,
123011923933,1,2,1,1,1,1,
123012423933,1,2,2,1,1,1,
123014423933,1,2,2,2,1,1,
123015923933,1,2,1,1,1,1,
123016423933,1,2,1,1,1,1,
123018423933,1,2,1,1,1,1,
123019923933,1,2,1,1,1,1,
123020423933,1,2,2,1,1,1,
123020923933,1,2,1,1,1,1,
123021423933,1,2,1,1,1,1,
123022423933,1,2,1,1,1,1,
123022923933,1,2,1,1,1,1,
123023923933,1,2,1,1,1,1,
123025423933,1,2,1,1,1,1,

