,W-0,R-0,R-1,R-2,R-3,R-4,
278221749154,1,2,2,2,2,2,
278223249154,1,2,2,2,1,1,
278224249154,1,2,2,2,1,1,
278225249154,1,2,2,2,2,2,
278226249154,1,2,2,2,2,2,
278226749154,1,2,2,2,1,1,
278227249154,1,2,2,1,1,1,
278227749154,1,2,2,2,1,1,
278228249154,1,2,2,1,1,1,
278228749154,1,2,1,1,1,1,
278230249154,1,2,2,1,1,1,
278231249154,1,2,1,1,1,1,
278231749154,1,2,2,1,1,1,
278232249154,1,2,2,1,1,1,
278232749154,1,2,2,1,1,1,
278233249154,1,2,2,1,1,1,
278233749154,1,2,1,1,1,1,
278234249154,1,2,1,1,1,1,
278235249154,1,2,2,2,1,1,
278235749154,1,2,2,1,1,1,
278236249154,1,2,2,1,1,1,
278236749154,1,2,2,1,1,1,
278237749154,1,2,2,1,1,1,
278238749154,1,2,1,1,1,1,
278239249154,1,2,2,1,1,1,
278241249154,1,2,2,1,1,1,
278241749154,1,2,2,1,1,1,
278242249154,1,2,1,1,1,1,
278242749154,1,2,2,1,1,1,
278243249154,1,2,2,1,1,1,
278245749154,1,1,1,1,1,1,
278246749154,1,2,1,1,1,1,
278247249154,1,2,2,1,1,1,
278247749154,1,2,1,1,1,1,
278248249154,1,2,2,2,1,1,
278248749154,1,2,2,2,1,1,
278249749154,1,2,2,1,1,1,
278250249154,1,2,1,1,1,1,
278250749154,1,2,1,1,1,1,
278252749154,1,2,1,1,1,1,
278253249154,1,2,2,2,1,1,
278254749154,1,2,2,1,1,1,
278255249154,1,2,2,1,1,1,
278255749154,1,2,2,2,2,2,
278256249154,1,2,2,1,1,1,
278257249154,1,2,2,2,1,1,
278258749154,1,2,1,1,1,1,
278259249154,1,2,1,1,1,1,
278259749154,1,2,1,1,1,1,
278260749154,1,2,2,2,2,1,
278262249154,1,2,1,1,1,1,
278263249154,1,2,2,1,1,1,
278264749154,1,2,2,1,1,1,
278265249154,1,2,1,1,1,1,
278266249154,1,2,2,1,1,1,
278266749154,1,2,2,1,1,1,
278268249154,1,2,2,2,2,2,
278268749154,1,2,2,2,1,1,
278269249154,1,2,2,1,1,1,
278269749154,1,2,1,1,1,1,
278271749154,1,2,2,1,1,1,
278273749154,1,2,1,1,1,1,
278274249154,1,2,1,1,1,1,
278275749154,1,2,1,1,1,1,
278277249154,1,2,1,1,1,1,
278279749154,1,2,2,1,1,1,
278280249154,1,2,2,1,1,1,
278281249154,1,2,2,2,1,1,
278281749154,1,2,1,1,1,1,
278282249154,1,2,2,2,1,1,
278283249154,1,2,1,1,1,1,
278285749154,1,2,2,1,1,1,
278286249154,1,2,2,2,1,1,
278287249154,1,2,2,1,1,1,
278287749154,1,2,2,1,1,1,
278288249154,1,2,1,1,1,1,
278288749154,1,2,1,1,1,1,
278290749154,1,1,1,1,1,1,
278291749154,1,2,2,1,1,1,
278294249154,1,2,1,1,1,1,
278295249154,1,2,2,1,1,1,
278295749154,1,2,2,2,2,1,
278298249154,1,2,2,1,1,1,
278298749154,1,2,1,1,1,1,
278299749154,1,2,2,1,1,1,
278302249154,1,2,2,1,1,1,
278303749154,1,2,2,1,1,1,
278304249154,1,2,1,1,1,1,
278304749154,1,2,2,1,1,1,
278305249154,1,2,1,1,1,1,
278305749154,1,2,2,1,1,1,
278306249154,1,2,2,2,2,2,
278306749154,1,2,2,2,2,2,
278308249154,1,2,2,1,1,1,
278308749154,1,2,1,1,1,1,
278309249154,1,2,1,1,1,1,
278311749154,1,2,2,1,1,1,
278312249154,1,2,1,1,1,1,
278313249154,1,2,2,1,1,1,
278314249154,1,2,2,2,1,1,
278314749154,1,2,2,1,1,1,
278315249154,1,2,2,1,1,1,
278315749154,1,2,1,1,1,1,
278318249154,1,2,1,1,1,1,
278320249154,1,2,2,1,1,1,
278320749154,1,2,1,1,1,1,
278321249154,1,2,2,1,1,1,
278321749154,1,2,2,1,1,1,
278322249154,1,2,2,2,2,2,
278322749154,1,2,2,1,1,1,
278324249154,1,2,1,1,1,1,
278325249154,1,2,2,1,1,1,
278325749154,1,2,2,1,1,1,
278326249154,1,2,2,1,1,1,
278326749154,1,2,2,1,1,1,
278328249154,1,2,2,1,1,1,
278328749154,1,2,2,1,1,1,
278329749154,1,1,1,1,1,1,
278331749154,1,2,1,1,1,1,
278332749154,1,2,2,1,1,1,
278333749154,1,2,1,1,1,1,
278334749154,1,2,2,1,1,1,
278335249154,1,2,2,2,1,1,
278336749154,1,2,2,1,1,1,
278339249154,1,2,1,1,1,1,
278340249154,1,2,2,1,1,1,
278342749154,1,2,2,1,1,1,
278343249154,1,2,2,1,1,1,
278343749154,1,2,1,1,1,1,
278344249154,1,2,2,2,2,2,
278345749154,1,1,1,1,1,1,
278346249154,1,2,2,1,1,1,
278346749154,1,2,2,2,2,2,
278348749154,1,2,2,2,2,2,
278350249154,1,2,1,1,1,1,
278350749154,1,2,1,1,1,1,
278351249154,1,2,2,1,1,1,
278351749154,1,2,2,2,2,2,
278352249154,1,2,1,1,1,1,
278352749154,1,2,2,1,1,1,
278353249154,1,2,2,1,1,1,
278354749154,1,2,2,1,1,1,
278355749154,1,2,1,1,1,1,
278356249154,1,2,2,1,1,1,
278356749154,1,2,2,1,1,1,
278357249154,1,2,2,1,1,1,
278358249154,1,2,2,2,2,2,
278359249154,1,2,1,1,1,1,
278360249154,1,2,1,1,1,1,
278360749154,1,2,2,1,1,1,
278361249154,1,2,1,1,1,1,
278363749154,1,2,2,1,1,1,
278365749154,1,2,1,1,1,1,
278367249154,1,2,2,1,1,1,
278369249154,1,2,2,1,1,1,
278369749154,1,2,2,1,1,1,
278370749154,1,2,2,1,1,1,
278371749154,1,2,2,2,2,2,
278372249154,1,2,1,1,1,1,
278372749154,1,2,2,1,1,1,
278375249154,1,2,2,2,1,1,
278376249154,1,2,2,2,2,2,
278377749154,1,2,2,1,1,1,
278380249154,1,2,2,1,1,1,
278381749154,1,2,2,2,2,2,
278383249154,1,2,1,1,1,1,
278384749154,1,2,2,2,2,2,
278386249154,1,2,2,2,1,1,
278386749154,1,2,2,2,2,2,
278387249154,1,2,2,1,1,1,
278387749154,1,2,1,1,1,1,
278388249154,1,2,2,1,1,1,
278389249154,1,2,2,2,2,2,
278389749154,1,2,2,1,1,1,
278390249154,1,2,2,1,1,1,
278391249154,1,2,1,1,1,1,
278393249154,1,2,2,1,1,1,
278394249154,1,2,1,1,1,1,
278397249154,1,1,1,1,1,1,
278397749154,1,2,2,2,1,1,
278398749154,1,2,1,1,1,1,
278400249154,1,2,2,1,1,1,
278400749154,1,2,1,1,1,1,
278401249154,1,2,2,1,1,1,
278401749154,1,2,2,2,2,2,
278402749154,1,2,2,1,1,1,
278403749154,1,2,2,2,1,1,
278404249154,1,2,2,2,2,1,
278405249154,1,2,2,1,1,1,
278406749154,1,2,2,1,1,1,
278407249154,1,2,1,1,1,1,
278408249154,1,2,2,1,1,1,
278408749154,1,2,2,2,1,1,
278409249154,1,2,2,2,1,1,
278409749154,1,2,2,1,1,1,
278411749154,1,2,2,2,2,2,
278412249154,1,2,2,1,1,1,
278413749154,1,2,1,1,1,1,
278414249154,1,2,1,1,1,1,
278414749154,1,2,2,2,1,1,
278416749154,1,2,2,2,1,1,
278417749154,1,2,1,1,1,1,
278421749154,1,2,2,2,1,1,
278422249154,1,2,2,1,1,1,
278423249154,1,2,2,1,1,1,
278423749154,1,2,2,2,1,1,
278424749154,1,2,2,1,1,1,
278425249154,1,2,2,1,1,1,
278425749154,1,2,1,1,1,1,
278426749154,1,2,2,1,1,1,
278427249154,1,2,2,2,1,1,
278428749154,1,2,1,1,1,1,
278429249154,1,2,2,2,2,2,
278430749154,1,2,1,1,1,1,
278431249154,1,2,1,1,1,1,
278431749154,1,2,2,2,1,1,
278432749154,1,2,2,2,1,1,
278433749154,1,2,1,1,1,1,
278435249154,1,2,2,1,1,1,
278436249154,1,2,2,2,1,1,
278438249154,1,2,1,1,1,1,
278438749154,1,2,2,1,1,1,
278439249154,1,2,2,2,2,2,
278439749154,1,2,1,1,1,1,
278440749154,1,2,2,1,1,1,
278441249154,1,2,1,1,1,1,
278441749154,1,2,1,1,1,1,
278442249154,1,2,2,1,1,1,
278442749154,1,2,2,2,2,1,
278443249154,1,2,2,1,1,1,
278445249154,1,2,2,1,1,1,
278446249154,1,2,2,1,1,1,
278447749154,1,2,2,1,1,1,
278450249154,1,2,1,1,1,1,
278450749154,1,2,1,1,1,1,
278451249154,1,2,1,1,1,1,
278452749154,1,2,1,1,1,1,
278453249154,1,2,1,1,1,1,
278454249154,1,2,2,2,2,2,
278455249154,1,2,1,1,1,1,
278455749154,1,2,2,1,1,1,
278456249154,1,2,2,2,2,2,
278456749154,1,2,2,2,2,2,
278457249154,1,2,2,1,1,1,
278457749154,1,2,2,1,1,1,
278458249154,1,2,2,1,1,1,
278458749154,1,2,1,1,1,1,
278459249154,1,2,1,1,1,1,
278459749154,1,2,1,1,1,1,
278460749154,1,2,1,1,1,1,
278461249154,1,2,2,2,2,2,
278461749154,1,2,2,1,1,1,
278462749154,1,2,1,1,1,1,
278463249154,1,2,1,1,1,1,
278464249154,1,2,2,1,1,1,
278464749154,1,2,1,1,1,1,
278465249154,1,2,1,1,1,1,
278465749154,1,2,1,1,1,1,
278466749154,1,2,1,1,1,1,
278467249154,1,2,2,1,1,1,
278467749154,1,2,2,2,2,2,
278468249154,1,2,2,1,1,1,
278470749154,1,2,2,1,1,1,
278471249154,1,2,2,1,1,1,
278473249154,1,2,2,1,1,1,
278475749154,1,2,1,1,1,1,
278479249154,1,2,2,1,1,1,
278479749154,1,2,2,1,1,1,
278481249154,1,2,2,1,1,1,
278481749154,1,2,2,1,1,1,
278482249154,1,2,2,2,2,2,
278483749154,1,2,1,1,1,1,
278484249154,1,2,1,1,1,1,
278485249154,1,2,2,2,2,1,
278486249154,1,2,2,2,2,2,
278486749154,1,2,2,2,2,2,
278487249154,1,2,2,2,1,1,
278487749154,1,2,1,1,1,1,
278489249154,1,2,2,1,1,1,
278490249154,1,2,1,1,1,1,
278490749154,1,2,1,1,1,1,
278491749154,1,2,1,1,1,1,
278492749154,1,2,2,1,1,1,
278493249154,1,1,1,1,1,1,
278493749154,1,2,2,1,1,1,
278496749154,1,2,2,1,1,1,
278497749154,1,2,2,1,1,1,
278499249154,1,2,2,1,1,1,
278500249154,1,2,1,1,1,1,
278501249154,1,2,2,1,1,1,
278502749154,1,2,2,1,1,1,
278503249154,1,2,2,1,1,1,
278503749154,1,1,1,1,1,1,
278506249154,1,2,1,1,1,1,
278506749154,1,2,2,2,1,1,
278508249154,1,2,1,1,1,1,
278508749154,1,2,2,1,1,1,
278509249154,1,2,2,1,1,1,
278510749154,1,2,1,1,1,1,
278511249154,1,2,2,2,1,1,
278511749154,1,2,2,1,1,1,
278512749154,1,2,1,1,1,1,
278515749154,1,2,2,1,1,1,
278516249154,1,2,2,2,2,2,
278517249154,1,2,2,1,1,1,
278517749154,1,2,1,1,1,1,
278519249154,1,2,2,1,1,1,
278520249154,1,2,2,2,2,1,
278521749154,1,1,1,1,1,1,
278522249154,1,2,2,1,1,1,
278522749154,1,2,1,1,1,1,
278525249154,1,2,2,1,1,1,
278526249154,1,2,2,1,1,1,
278526749154,1,2,2,1,1,1,
278527749154,1,2,1,1,1,1,
278530749154,1,2,1,1,1,1,
278531249154,1,2,1,1,1,1,
278532249154,1,2,1,1,1,1,
278533749154,1,2,2,2,1,1,
278535749154,1,2,1,1,2,1,
278536249154,1,2,1,1,1,1,
278537749154,1,2,1,1,1,1,
278538749154,1,2,1,1,1,1,
278539249154,1,2,2,1,1,1,
278540249154,1,2,2,1,1,1,
278542249154,1,2,2,1,1,1,
278542749154,1,2,2,2,1,1,
278544249154,1,2,1,1,1,1,
278544749154,1,2,1,1,1,1,
278545749154,1,2,1,1,1,1,
278547249154,1,2,2,2,2,2,
278548249154,1,2,1,1,1,1,
278550249154,1,2,2,2,1,1,
278550749154,1,2,1,1,1,1,
278551249154,1,2,1,1,1,1,
278552249154,1,2,1,1,1,1,
278554749154,1,2,2,1,1,1,
278560749154,1,2,2,2,1,1,
278561249154,1,2,2,2,1,1,
278562249154,1,2,2,2,1,1,
278562749154,1,2,2,1,1,1,
278565749154,1,2,1,1,1,1,
278567249154,1,2,1,1,1,1,
278567749154,1,2,1,1,1,1,
278568249154,1,2,2,1,1,1,
278568749154,1,2,2,1,1,1,
278569249154,1,2,1,1,1,1,
278569749154,1,2,2,1,1,1,
278572249154,1,2,2,1,1,1,
278574249154,1,2,2,1,1,1,
278574749154,1,2,2,1,1,1,
278575749154,1,2,2,1,1,1,
278576249154,1,2,2,1,1,1,
278576749154,1,2,2,1,1,1,
278577249154,1,2,2,2,1,1,
278577749154,1,2,2,1,1,1,
278578749154,1,2,2,1,1,1,
278579249154,1,2,2,1,1,1,
278579749154,1,2,2,1,1,1,
278580749154,1,2,2,1,1,1,
278581249154,1,2,1,1,1,1,
278581749154,1,2,2,2,2,1,
278583749154,1,2,2,1,1,1,
278585249154,1,2,1,1,1,1,
278585749154,1,2,2,2,2,2,
278586749154,1,2,2,2,2,2,
278587249154,1,2,2,1,1,1,
278588749154,1,2,2,1,1,1,
278589749154,1,2,2,1,1,1,
278591249154,1,2,1,1,1,1,
278592249154,1,2,2,2,2,1,
278592749154,1,2,2,1,1,1,
278593249154,1,2,2,1,1,1,
278595749154,1,2,1,1,1,1,
278596249154,1,2,2,1,1,1,
278597249154,1,2,2,1,1,1,
278597749154,1,2,2,2,2,2,
278599249154,1,2,1,1,1,1,
278600249154,1,2,1,1,1,1,
278602249154,1,2,1,1,1,1,
278605749154,1,2,2,1,1,1,
278608249154,1,2,2,1,1,1,
278608749154,1,2,2,2,1,1,
278609249154,1,2,2,2,1,1,
278610249154,1,2,1,1,1,1,
278611249154,1,2,1,1,1,1,
278612249154,1,2,2,1,1,1,
278612749154,1,2,2,1,1,1,
278613249154,1,2,2,1,1,1,
278614249154,1,2,2,1,1,1,
278614749154,1,2,2,1,1,1,
278615249154,1,2,2,1,1,1,
278615749154,1,2,2,1,1,1,
278616749154,1,2,2,1,1,1,
278618749154,1,2,2,2,1,1,
278619749154,1,2,2,1,1,1,
278622749154,1,2,2,1,1,1,
278624249154,1,2,2,1,1,1,
278624749154,1,2,2,1,1,1,
278625749154,1,2,1,1,1,1,
278626749154,1,2,1,1,1,1,
278627249154,1,2,1,1,1,1,
278627749154,1,2,2,1,1,1,
278628249154,1,2,2,1,1,1,
278628749154,1,2,1,1,1,1,
278629249154,1,2,1,1,1,1,
278629749154,1,2,1,1,1,1,
278630249154,1,2,1,1,1,1,
278631749154,1,2,1,1,1,1,
278633749154,1,2,2,1,1,1,
278634749154,1,2,2,2,1,1,
278635249154,1,2,2,1,1,1,
278636749154,1,2,2,2,1,1,
278639749154,1,2,1,1,1,1,
278643249154,1,2,2,1,1,1,
278643749154,1,2,1,1,1,1,
278644249154,1,2,2,1,1,1,
278644749154,1,2,2,1,1,1,
278645249154,1,2,2,1,1,1,
278646249154,1,2,2,2,2,1,
278648249154,1,2,2,2,1,1,
278648749154,1,2,1,1,1,1,
278650249154,1,2,1,1,1,1,
278650749154,1,2,2,1,1,1,
278651249154,1,2,1,1,1,1,
278651749154,1,2,1,1,1,1,
278652749154,1,2,2,1,1,1,
278653249154,1,2,2,2,2,1,
278653749154,1,2,2,2,2,1,
278654749154,1,2,1,1,1,1,
278656749154,1,2,2,1,1,1,
278658249154,1,1,1,1,1,1,
278658749154,1,1,1,1,1,1,
278659749154,1,1,1,1,1,2,
278660249154,1,2,2,2,2,2,
278661249154,1,2,2,2,2,2,
278662249154,1,2,2,2,2,2,
278663249154,1,2,2,2,2,1,
278663749154,1,2,2,1,1,1,
278664749154,1,2,1,1,1,1,
278665249154,1,2,1,1,1,1,
278665749154,1,2,2,1,1,1,
278666749154,1,2,2,2,2,2,
278667749154,1,2,2,2,2,2,
278669249154,1,2,1,1,1,1,
278669749154,1,2,2,2,2,2,
278670249154,1,2,2,1,1,1,
278670749154,1,2,2,1,1,1,
278671249154,1,2,1,1,1,1,
278671749154,1,2,2,1,1,1,
278672249154,1,2,2,1,1,1,
278672749154,1,1,1,1,1,1,
278673249154,1,1,1,1,1,1,
278673749154,1,2,2,2,2,1,
278674749154,1,2,2,2,2,2,
278676749154,1,2,2,2,2,2,
278679249154,1,2,1,1,1,1,
278679749154,1,2,1,1,1,1,
278680249154,1,2,1,1,1,1,
278681249154,1,2,2,1,1,1,
278681749154,1,2,2,2,2,2,
278683249154,1,2,2,1,1,1,
278683749154,1,2,2,1,1,1,
278684249154,1,2,1,1,1,1,
278685249154,1,2,2,2,1,1,
278685749154,1,2,2,1,1,1,
278688249154,1,2,2,1,1,1,
278689749154,1,2,1,1,1,1,
278690749154,1,2,2,1,1,1,
278691249154,1,2,1,1,1,1,

