,W-0,R-0,R-1,R-2,R-3,R-4,
277606510978,26905,38910,40742,42783,41581,40329,
277608010978,8247,19538,21410,8443,9103,19074,
277609010978,4620,16313,16760,6056,13399,15516,
277610010978,9516,14818,12723,12980,14632,14439,
277611010978,17494,19704,31547,18432,18846,19190,
277611510978,5620,14397,16245,5784,7126,9228,
277612010978,38772,60101,59786,59480,56911,57904,
277612510978,6307,19653,19725,7173,8793,18093,
277613010978,3546,12334,14414,5919,7172,9152,
277613510978,19084,25700,32649,32998,32662,28776,
277615010978,8136,15599,23207,23268,13803,14482,
277616010978,10344,16922,10747,11433,13419,14101,
277616510978,8020,22117,21806,8646,9319,9729,
277617010978,8724,14573,15725,28239,9262,11074,
277617510978,4124,27672,28720,8485,8906,11078,
277618010978,5003,14943,4928,7012,8646,10099,
277618510978,113750,115418,134848,134965,134857,136187,
277619010978,4729,16468,5185,6309,9814,9804,
277620010978,3503,14374,3726,5896,8721,9908,
277620510978,4740,17347,5411,7822,10217,10400,
277621010978,5953,15550,16303,8159,11274,13559,
277621510978,7147,14832,19201,7194,8450,13003,
277622510978,6695,13374,18749,6882,9157,10504,
277623510978,118476,133228,133574,132317,131863,129288,
277624010978,4315,14417,15148,6717,7628,9530,
277626010978,9458,10267,10679,10505,12721,11797,
277626510978,2992,13698,5165,10930,12319,12539,
277627010978,3650,14675,15121,5324,7147,9070,
277627510978,3962,18986,4601,5118,7271,9506,
277628010978,5411,19942,6632,12975,13307,14760,
277630510978,16002,19613,19304,16328,18692,18562,
277631510978,8213,17365,17630,19759,9069,10199,
277632010978,11502,15516,22271,11304,11481,11694,
277632510978,11650,28230,28293,12375,13538,13391,
277633010978,4841,26825,18493,6992,8817,10685,
277633510978,5272,15351,16716,7392,8869,10843,
277634510978,6789,15825,7486,7692,8272,9761,
277635010978,16615,18382,17447,19301,18122,18247,
277635510978,5150,17091,6721,7078,7410,10244,
277637510978,10758,19425,18331,10377,12779,13159,
277638010978,4965,14331,15083,5308,7203,11383,
277639510978,4922,18556,4897,8163,8775,13736,
277640010978,10401,15603,21755,11922,12171,12621,
277640510978,5888,14662,23438,7580,10217,12348,
277641010978,6366,13800,6545,6790,7764,9128,
277642010978,6954,17224,8798,8108,8756,9891,
277643510978,13768,16353,17441,17589,21187,23794,
277644010978,6800,15337,15966,7809,8050,9678,
277644510978,5545,16732,5904,6938,8765,10712,
277645510978,4383,16815,16654,6607,8284,10148,
277647010978,63895,82641,83262,81902,81645,82817,
277648010978,4385,14856,14886,7303,13740,14378,
277649510978,105173,119116,120653,124109,123261,123097,
277650010978,4651,13729,6138,6748,7859,10661,
277651010978,3598,12657,14324,9422,9618,10055,
277651510978,5115,18293,4879,9374,9451,9934,
277653010978,7021,16943,7326,8691,10358,11144,
277653510978,123240,122464,123332,123770,123679,127780,
277654010978,3651,14494,5797,5950,7559,9703,
277654510978,7487,16635,17751,6780,9763,12223,
277656510978,13265,16627,27170,15465,16016,16384,
277658510978,16765,17278,18827,18596,27861,27328,
277659010978,4730,13910,14811,5755,7451,13208,
277660510978,5683,13684,5791,7202,7416,9735,
277662010978,4529,15224,15442,5119,9074,9496,
277664510978,3898,20709,21373,5664,19333,20412,
277665010978,3745,14544,7002,7239,8891,9294,
277666010978,4218,13225,15330,5269,7105,9833,
277666510978,7230,16225,16486,5336,8722,11209,
277667010978,8856,18507,9148,9350,9588,14117,
277668010978,3671,13948,4858,6143,7584,9197,
277670510978,3262,14275,3891,9520,10789,11111,
277671010978,5401,17872,18247,5520,7178,10298,
277672010978,3921,35199,4734,5641,8569,34635,
277672510978,12287,15538,12358,12593,13462,13910,
277673010978,7340,23377,23597,7474,8495,9463,
277673510978,23092,25986,25663,23815,25546,25765,
277675510978,13539,16694,27122,15013,15453,16171,
277676510978,3531,14330,7194,8632,8197,13127,
277679010978,10133,20339,11102,12493,12660,13067,
277680010978,3957,20981,5242,5695,9078,11483,
277680510978,5387,15768,18542,5498,14912,15416,
277683010978,3243,13779,11426,13430,13005,13540,
277683510978,7815,10104,9927,9927,10397,13337,
277684510978,4991,17570,17735,10405,11791,12821,
277687010978,3372,12459,3895,6828,9195,9363,
277688510978,5401,12710,18393,5726,7215,9195,
277689010978,7792,17110,8078,8474,9907,11226,
277689510978,3904,14740,15053,6944,7200,9163,
277690010978,12706,15179,14256,13830,14096,14903,
277690510978,3811,16414,5251,8708,9412,10519,
277691010978,3713,17838,18990,9209,9608,10672,
277691510978,3358,12437,4857,5383,7206,9368,
277693010978,4850,12740,14343,5181,7178,9183,
277693510978,4566,13233,18385,6656,7221,9869,
277694010978,3581,15143,15949,12990,15062,14605,
277696510978,6518,13172,18452,8823,9110,9904,
277697010978,10870,16269,20845,11280,10876,10950,
277698010978,4978,5486,7275,8838,27432,27710,
277699010978,5689,6144,7834,7835,8113,9387,
277699510978,20253,31366,20554,20947,25426,20741,
277700010978,5873,17279,12307,8108,12000,15244,
277700510978,5255,12603,18176,6707,7473,12070,
277703010978,6813,15642,18912,7105,10775,13175,
277705010978,4965,17240,21568,6568,7716,9379,
277705510978,5013,15407,21548,5284,7552,11488,
277706010978,6839,26905,7751,8847,8689,10364,
277706510978,6818,15155,25212,7452,9768,10360,
277707010978,3655,19264,4659,6700,20015,20425,
277707510978,14662,17901,18141,15144,17392,18074,
277709010978,6299,17485,7131,7350,7838,9318,
277710010978,11526,15429,14331,14698,14808,15065,
277710510978,5683,13821,16727,7317,12804,13650,
277711010978,5923,15216,17652,8320,9135,10060,
277711510978,5368,24521,25055,6686,7994,12936,
277713010978,5590,18498,18675,5693,7322,9162,
277713510978,5602,16658,18430,5732,7595,9789,
277714510978,5278,21833,24332,5753,8673,11121,
277716510978,6908,15464,21095,8421,8323,9613,
277717510978,10380,22887,25784,12274,11372,15008,
277718510978,10280,18311,29479,28727,10875,11294,
277719510978,6980,12444,16754,7101,8743,9493,
277720010978,3671,13004,4708,6056,9192,9674,
277721510978,4881,14784,15284,5199,7075,9230,
277724010978,3767,14270,15502,9892,13163,13451,
277725010978,5810,14387,6959,11383,8557,11540,
277727510978,13603,16001,13774,16149,14055,15101,
277728010978,9189,23649,11263,12290,12706,12623,
277728510978,5204,17721,17915,10103,10100,11058,
277729010978,4071,16872,4719,6506,7233,9638,
277730510978,4704,14836,15207,6588,7385,9830,
277731010978,18841,20582,41299,19545,19701,19446,
277731510978,5051,23857,24599,6860,8946,10976,
277733510978,4892,15431,15592,6623,7432,9121,
277735010978,8820,13206,9273,10327,10788,10644,
277735510978,12593,16144,12871,14130,13968,14222,
277736010978,4772,13283,5105,6602,7724,11465,
277736510978,5308,14247,16331,5424,8119,11156,
277737010978,8919,13128,9312,10740,11130,11542,
277737510978,4893,16170,5007,6078,8606,10464,
277738010978,4726,17680,8191,9350,10209,11183,
277739510978,6920,17407,17619,19374,8560,10151,
277740510978,4543,16699,4793,6834,7490,9244,
277741010978,4726,14782,16395,5602,7716,9330,
277741510978,5998,21055,29845,6705,19984,20014,
277742010978,50537,51236,51403,51472,51668,52392,
277743010978,4456,15317,4938,7176,10933,11301,
277744010978,6525,13140,7146,7267,10060,11416,
277745010978,4954,13792,4898,7430,7797,10970,
277745510978,4798,16893,4782,7565,8724,10347,
277746010978,4856,5734,5326,6882,9340,10608,
277748510978,10300,17271,19180,13289,16577,16372,
277750510978,11005,17450,21634,23615,12933,14400,
277752010978,6296,16193,17488,7776,9215,10750,
277754010978,12173,14368,24575,13297,13611,13733,
277754510978,17899,20115,19945,20601,17787,19630,
277755510978,8467,22570,23166,8522,15559,15738,
277756510978,9838,19798,12665,12307,12911,12682,
277757010978,9078,15258,9715,10762,11181,11378,
277757510978,5148,13190,5422,5994,7291,9705,
277760010978,7908,15789,22164,9050,9779,9570,
277761010978,6889,16618,17753,7184,7352,11789,
277762510978,7639,6822,28690,7729,27900,28474,
277765010978,7980,25486,8442,9171,9190,9569,
277766510978,3687,23089,4821,6947,7415,11460,
277768010978,5515,23382,23390,5783,7318,9733,
277769510978,6655,14314,14744,6892,7516,9670,
277771010978,5273,13449,17204,6881,9286,9739,
277771510978,7389,21800,22382,26177,7595,12887,
277772010978,99449,112963,121138,120996,121472,123650,
277772510978,7514,17544,17440,22865,9284,10603,
277773010978,4829,16935,17510,5513,14792,16062,
277774010978,7192,19778,8020,7312,9120,13313,
277774510978,5180,14435,17115,5774,7694,9722,
277775010978,19367,20447,20758,19668,20129,19999,
277776010978,5328,18968,20805,7388,9513,9774,
277778010978,7082,17362,18555,18465,10066,11199,
277779010978,4775,18694,18493,5271,7242,9935,
277782010978,8115,18812,19880,20336,12615,15062,
277782510978,4997,15022,15502,6783,7791,12874,
277783510978,7006,17284,20152,20847,10495,10940,
277785010978,273103,294853,299176,296499,294169,294159,
277785510978,3699,14311,5235,5555,7228,9068,
277786010978,5222,14387,15485,6232,8707,9366,
277786510978,3903,16865,4667,6830,7554,9727,
277787510978,8002,16305,16602,20144,9110,10096,
277788510978,5074,14414,15612,7271,7806,9332,
277789010978,27224,46173,50419,47325,47451,50231,
277790010978,14694,18863,24158,24000,23513,24589,
277791510978,5770,15627,17099,6892,8751,10798,
277792010978,14830,16223,16848,15654,15692,15900,
277793010978,14392,18752,19207,18725,27541,18888,
277793510978,13860,15730,27222,14271,14518,17884,
277794010978,7340,16730,18108,7648,7856,10234,
277794510978,3817,18959,5751,7309,9384,10085,
277796510978,5509,14182,19848,5922,8872,9421,
277797010978,26242,33375,34070,36236,36424,37647,
277798510978,7361,15131,15814,18505,19522,10741,
277799010978,6016,12876,17627,7549,8909,12440,
277799510978,5349,23379,24665,7897,7888,10262,
277801510978,5303,15304,15834,5414,12433,13428,
277802510978,5459,14288,5575,7548,7720,12463,
277806510978,5058,26772,26603,6569,22574,25918,
277807010978,161863,165155,163356,163177,164064,164459,
277808010978,4794,25962,4964,24437,25385,25659,
277808510978,4833,18695,18823,7471,10263,11310,
277809510978,4879,15961,16774,5464,7262,9270,
277810010978,25480,32331,33135,34269,38487,34640,
277810510978,4959,16175,16436,6868,7773,15403,
277811510978,7466,15936,17731,17766,7411,12802,
277812010978,4865,16771,16420,10812,15321,16183,
277813510978,13263,16283,18811,13951,14211,14995,
277814010978,3575,12920,4896,5684,8818,10627,
277815510978,4003,26985,6779,6394,7350,10395,
277816010978,5077,16618,17162,7075,7314,16020,
277816510978,4946,21139,21538,6716,10004,10656,
277817510978,13300,20958,21349,21577,24649,12606,
277818510978,3917,17275,4585,7778,15170,17400,
277820010978,6904,13380,16300,7075,9281,9548,
277821010978,9237,18265,20267,9450,9685,17623,
277823010978,9759,15734,12068,11166,10071,11514,
277823510978,4770,18195,17061,5719,7162,13983,
277824010978,4794,13732,15215,7650,8859,13256,
277824510978,4768,14185,14747,5863,8394,9740,
277825510978,4712,15570,15769,6886,8900,9295,
277826010978,5826,17613,6598,7216,8316,16122,
277826510978,4622,17415,5252,7055,7450,15004,
277827010978,5445,14185,14618,5755,7383,9846,
277827510978,13153,20511,20612,21824,26801,14127,
277828010978,3656,14647,16754,5979,7281,9802,
277830010978,7021,8597,8819,9120,9303,9961,
277831010978,6728,14331,15082,6975,7399,9485,
277832510978,4926,15071,5224,6676,12896,13805,
277835010978,10666,22007,10983,11629,12928,12742,
277835510978,5635,13933,6070,7146,8483,10091,
277836010978,3010,16494,5968,6507,15395,16244,
277837510978,4806,14943,15491,6940,7293,14699,
277838010978,8206,13791,10186,10649,10418,10706,
277839010978,3720,17947,4826,6579,17083,17352,
277840010978,6735,14243,7234,7900,9732,12059,
277840510978,4606,13848,15127,7725,7982,12487,
277841010978,3993,14721,5002,6698,8759,9809,
277841510978,3813,14232,4441,5797,11933,12349,
277842010978,7642,17576,17338,21392,8501,11701,
277842510978,5329,19643,19758,5576,16216,17006,
277843010978,8696,15576,17910,8955,10305,10657,
277843510978,5547,15810,15982,6840,7233,9172,
277844010978,3751,13003,4775,6977,7398,10421,
277844510978,6935,16474,17619,18415,8700,9551,
277845510978,9886,13391,10089,12352,12758,12889,
277846010978,7965,17525,17611,8277,15278,16585,
277846510978,7126,17379,17973,18791,9745,9960,
277847510978,16093,26835,27842,16488,16448,16264,
277848010978,16510,26822,27257,26296,27061,25960,
277849010978,3669,15488,6632,6925,9297,10017,
277849510978,9006,21999,9302,10147,10394,11977,
277850010978,8704,23285,24818,8572,8934,25133,
277850510978,3728,14203,15908,5732,13090,13795,
277851510978,16055,17688,26636,16704,17088,17359,
277852010978,7484,14804,15460,18879,7560,9356,
277852510978,8393,21725,11187,8697,10856,21378,
277853010978,5065,16306,19325,5869,7149,9297,
277855510978,13634,25887,13803,16929,17861,17487,
277856010978,5210,18403,20487,5453,7891,11480,
277858010978,13486,16257,24794,13473,14685,16557,
277860510978,11786,27070,13123,13562,14229,14748,
277864010978,3672,14791,4287,6906,8796,10424,
277864510978,5072,20755,19956,15418,15542,16163,
277866010978,4754,14718,15537,6660,8983,9180,
277866510978,5143,31978,32615,11784,13677,12128,
277867010978,9238,14920,11714,10413,11331,11532,
277868510978,9177,13281,22229,10981,11517,12154,
277869010978,14586,32334,32060,32175,15190,15746,
277870010978,10576,21625,22001,22932,10232,11580,
277871010978,4775,13698,16234,7138,7658,9364,
277871510978,4709,13663,16848,8900,9356,11498,
277872010978,4519,13542,4108,7809,10350,10908,
277872510978,21174,37349,34129,39243,35923,37145,
277874010978,5726,16515,7984,8942,9176,11963,
277875010978,5866,15930,12948,6967,11746,12439,
277875510978,4700,14282,26019,8397,8583,10771,
277876510978,5012,18303,18827,6804,7454,9126,
277877510978,7591,15471,17271,7674,10858,11135,
277878010978,4993,15453,5351,9800,10489,11301,
277878510978,4261,17299,28511,7005,14486,15897,
277881510978,3704,22371,4733,7006,7305,10528,
277882510978,9705,26428,10203,11448,12049,13003,
277884010978,6886,19858,21075,6792,7818,10120,
277885010978,12296,31310,28417,15161,17079,17340,
277886010978,5704,12862,17326,6466,8865,9560,
277887510978,4773,15251,18198,7198,7363,13748,
277888010978,3335,5226,5362,7097,8692,10691,
277888510978,9413,8777,17794,9967,14330,14753,
277891010978,4935,12966,14581,5726,7136,9073,
277891510978,3814,15497,17912,12464,15412,16103,
277893010978,8313,17897,23244,8583,9178,9487,
277893510978,13378,25706,25917,38766,38640,13549,
277894010978,9073,15770,17090,8879,9150,14248,
277895510978,6813,14784,17656,7109,7573,9229,
277896010978,5611,13802,16370,7333,8684,9645,
277896510978,5520,20352,20476,12718,13132,13414,
277897510978,7187,15700,16290,7706,8297,9348,
277900510978,3148,13245,4897,5322,8837,12633,
277901010978,6702,18800,18525,20392,8600,16502,
277902010978,5125,14883,17834,5525,8715,9929,
277902510978,4667,29358,4725,6982,9136,9687,
277904010978,4486,12950,16241,9070,8874,11207,
277905010978,3698,23089,4610,5320,7261,22771,
277906510978,6918,13709,19316,7079,12423,13455,
277907010978,5515,18617,18379,5766,9223,9377,
277907510978,5305,14797,16665,9633,10771,11209,
277910010978,3613,19441,3920,5273,9312,9413,
277911010978,4526,14090,24120,5423,7221,9736,
277911510978,14455,27337,27498,27347,21829,22626,
277912510978,5868,32246,33299,6080,8018,11321,
277915510978,5336,19159,5568,7491,12650,13436,
277916010978,3998,14762,5675,6955,7634,9881,
277917010978,10427,18394,19059,10984,10773,12006,
277918510978,4926,15600,16091,5518,7645,10169,
277920510978,13236,26650,13502,13773,14155,16075,
277921010978,4694,15168,15708,6627,7657,9017,
277922510978,14732,17944,17426,25983,15839,16106,
277923510978,25322,46401,46395,45934,45732,45767,
277924010978,12449,19851,19232,13693,14284,15459,
277925010978,7006,20883,20008,19319,9961,10066,
277927010978,4481,15066,16928,5440,9542,12083,
277927510978,71249,84509,96134,96412,90487,99942,
277929010978,45654,65798,66959,67270,46104,46242,
277929510978,6613,17255,17586,7536,7911,11989,
277930510978,4940,15829,4907,6556,8779,11416,
277932010978,5442,18258,18434,6479,9281,9425,
277933010978,9188,12662,16907,9480,10499,11135,
277935010978,10612,13500,10992,12183,12476,12922,
277935510978,7586,17794,17969,7264,10142,10919,
277936010978,4595,17609,18422,5607,7234,10892,
277937010978,11917,15860,23106,12932,12533,12314,
277939510978,14012,15879,19308,14664,15560,15758,
277945510978,5318,19112,21686,5806,7230,9659,
277946010978,6972,17366,20737,7221,7842,8989,
277947010978,12948,12816,14811,14421,14211,14660,
277947510978,7011,15796,20868,7898,8305,9223,
277950510978,5785,15176,16958,7332,8667,11591,
277952010978,3848,14681,4641,5492,7231,9281,
277952510978,7921,24908,23646,7978,8763,9154,
277953010978,11840,18638,18811,21527,12281,12794,
277953510978,4807,16859,16971,6821,7327,12952,
277954010978,3613,22697,23911,5225,8130,12099,
277954510978,6086,14690,17373,19613,7272,9173,
277957010978,11576,15660,12561,12889,13401,13225,
277959010978,94210,106460,107054,108076,108215,111620,
277959510978,7260,37297,37558,38195,8942,9723,
277960510978,10801,16168,10757,10552,11393,11702,
277961010978,11267,26302,24861,11546,12209,12334,
277961510978,13928,24710,14349,15428,14980,15195,
277962010978,6877,14907,24702,26146,9121,9460,
277962510978,8971,17437,18160,23682,9639,12130,
277963510978,8153,19284,19147,20078,9100,10880,
277964010978,7759,15553,24478,7964,8824,11526,
277964510978,28560,34594,34757,46981,48690,29220,
277965510978,6512,13605,16820,6935,7932,9280,
277966010978,8625,15805,9360,10283,10492,11716,
277966510978,5913,14783,6948,7283,9567,9927,
277968510978,4078,15210,4564,6411,7707,9251,
277970010978,5228,15014,16076,5475,9287,10733,
277970510978,7220,15802,20007,9209,9966,10321,
277971510978,4901,30580,28767,5798,9126,9284,
277972010978,6628,16145,7890,7444,7730,12396,
277973510978,6939,15014,18951,7684,9226,13988,
277974510978,4792,21173,22138,5191,7077,9001,
277976010978,4828,13324,14553,7215,7342,9181,
277977010978,7273,20211,20487,21189,9343,10596,
277977510978,12837,15463,13193,14293,15168,15339,
277978010978,4926,17770,17900,5699,16170,18335,
277980510978,3788,22075,4604,6713,7939,10778,
277981010978,4953,14014,5186,7268,8407,9913,
277982010978,10723,10961,12783,11812,12606,13103,
277982510978,8070,17220,17879,19572,9089,10588,
277984010978,15416,17336,28654,17603,16603,17165,
277985010978,4576,21314,21312,6968,8662,9685,
277987010978,4828,13235,14602,6796,7587,9321,
277990510978,4802,31230,30772,6982,7195,10478,
277993010978,5077,16393,5466,6510,7569,9974,
277993510978,8937,28539,29872,11486,12218,12418,
277994010978,6880,18887,18713,7020,9546,10550,
277995010978,11421,20190,25573,13630,13842,14198,
277996010978,7548,14779,16548,10021,11378,11628,
277997010978,5652,13456,17012,6118,7336,13364,
277997510978,4979,15515,18626,6961,7273,9639,
277998010978,12339,15642,12415,12753,14459,14428,
277999010978,5200,14692,15085,5469,7334,11616,
277999510978,5565,16007,16886,5526,9138,12392,
278000010978,6458,16448,37790,7957,10138,10781,
278000510978,5269,16252,19846,7010,7533,10248,
278001510978,7255,20695,7677,9968,10288,10527,
278003510978,9647,18262,15899,10366,10699,12159,
278004510978,7808,21533,23772,23543,20480,22115,
278007510978,15641,19976,30094,15928,19709,19831,
278009010978,8411,17336,8744,10700,10753,11134,
278009510978,6114,16741,17664,6654,8553,10698,
278010510978,4989,14409,4746,5248,13149,14164,
278011510978,4904,17171,5192,6405,7976,16391,
278012010978,6082,14749,18749,8948,9652,11012,
278012510978,3687,21133,21444,5376,11406,11653,
278013010978,3253,16432,4708,13842,14598,14984,
278013510978,8782,9153,10100,11392,11509,11685,
278014010978,10216,27449,26267,27276,27319,10876,
278014510978,5468,16902,19506,6991,7373,12791,
278015010978,3524,19309,4475,5661,8414,18344,
278016510978,7262,13488,7476,7759,8845,9747,
278018510978,8019,15941,25362,26101,11266,11587,
278019510978,4087,13496,6568,6805,7284,13076,
278020010978,4695,12561,16060,6851,8571,9492,
278021510978,6651,19939,7174,6773,7475,18821,
278024510978,7372,23173,8403,7953,8289,9712,
278028010978,4834,28652,5954,6799,8173,28096,
278028510978,8677,27686,9620,8863,13604,14315,
278029010978,15159,17879,16012,16213,16361,17143,
278029510978,5270,13943,16166,6814,8976,11590,
278030010978,8137,20921,21546,21830,8711,9345,
278031010978,12677,14647,12953,13745,13989,14331,
278033010978,10767,23916,24341,24501,10297,15431,
278033510978,5800,23005,23159,5811,8455,10799,
278035010978,8654,16685,16427,18606,19668,13233,
278035510978,4885,14694,15537,7455,7659,10273,
278036010978,7732,14764,19149,8525,9368,10190,
278036510978,4403,17917,5325,5661,7674,9526,
278037510978,3728,27753,28455,5209,9233,9391,
278038010978,5686,15891,16281,6368,9069,10097,
278038510978,5457,15202,20099,8523,8802,14355,
278039510978,5567,15186,17521,5698,7862,13638,
278041510978,4961,15873,17255,6711,7834,9049,
278043010978,300000,547997,1598902,1659123,1695478,1712358,
278043510978,7711,52673,NULL,NULL,NULL,NULL,
278044510978,7144,17877,107284,162478,202762,216533,
278045010978,8786,22514,19074,23099,20500,22053,
278046010978,16080,28898,30096,29980,29972,29593,
278047010978,18160,46946,50280,20191,22865,23307,
278048010978,2848,14259,3882,5491,8326,12818,
278048510978,7240,28483,28424,7761,9818,11827,
278049510978,74422,108679,108083,108866,108358,108087,
278050010978,11991,26958,26985,48067,12309,19864,
278050510978,108346,131654,131885,133359,133618,134346,
278051510978,8883,21721,23148,24742,10081,10784,
278052510978,11489,21416,22518,21777,11529,12407,
278054010978,3936,15072,17195,5438,8786,9374,
278054510978,9373,15491,12562,9859,12426,12681,
278055010978,10503,33980,35019,37301,11495,13689,
278055510978,5121,15648,16804,6765,11163,11396,
278056010978,5459,16656,18322,14993,15737,16197,
278056510978,4880,19614,19830,12199,14243,14570,
278057010978,5399,19097,18432,5745,8963,16201,
278057510978,5632,16405,6080,7001,8718,10066,
278058010978,10352,20251,21698,21386,10613,12581,
278058510978,9937,15490,21253,10732,11548,13006,
278059510978,3254,21752,5247,19548,20303,21200,
278061510978,4895,15861,17727,7101,9962,11341,
278064010978,5051,23154,23310,7132,8457,20707,
278064510978,13942,23537,13908,14353,14874,15078,
278065010978,3654,14507,5566,5791,7363,9155,
278066010978,8682,23143,23856,24193,11138,11318,
278066510978,5639,18363,19202,7172,7628,9362,
278068010978,4825,15680,5118,11714,12151,13108,
278068510978,5598,14611,16268,8609,8645,9483,
278069010978,5928,14380,16239,17344,7506,9803,
278070010978,5759,16967,17233,6712,7973,9577,
278070510978,4671,12853,4816,5953,7284,10340,
278073010978,3540,16915,17170,5815,8733,10141,
278074510978,7304,13734,21713,7598,8057,12321,
278075510978,5112,14335,5259,8721,9857,11078,
278076010978,4835,20467,21722,5571,7909,9398,

