,W-0,R-0,R-1,R-2,R-3,R-4,R-5,R-6,R-7,R-8,R-9,
281945302121,17438,48054,48624,47960,29646,28305,26394,29424,28635,28963,29650,
281946802121,10005,40759,12100,12291,13208,14530,16979,27082,27692,27824,29146,
281947802121,5155,34475,42726,9858,12776,22481,23165,23994,24214,25289,30429,
281948802121,5812,35244,7210,12139,12326,15927,18921,21071,22101,25189,28457,
281949802121,7438,39760,8180,9074,12532,13220,18619,20055,25077,25709,29538,
281950302121,11574,36235,13100,16795,16673,17682,18100,22512,30626,32347,33842,
281950802121,5103,40837,41283,8300,10448,13385,20185,20588,22539,27978,35214,
281951302121,8328,35973,41800,8700,10241,13251,18696,19778,23494,26442,28789,
281951802121,10029,33082,11341,11575,20194,22246,22386,22993,23511,27292,30789,
281952302121,4399,40152,5564,8426,11335,17993,18922,20288,23589,25343,30283,
281953802121,4356,32827,4373,7942,13172,13642,17594,21604,22283,28190,29364,
281954802121,4921,45672,6600,9476,12992,13326,16243,19457,23255,25949,29078,
281955302121,7121,34594,7426,8941,15787,16014,16353,30262,30772,30838,31590,
281955802121,10956,35754,14569,15026,15047,17087,18548,19924,24584,26014,28225,
281956302121,6561,40425,7339,7725,15048,15428,26029,28504,29279,29092,29448,
281956802121,8957,40639,40858,9129,12761,13830,20840,21461,27366,29319,29802,
281957302121,13340,37680,13802,14215,14710,15426,17680,20725,36739,37194,37460,
281957802121,4540,35347,4777,8334,19029,18274,19444,21714,23106,26784,31966,
281958802121,4086,33698,4471,9868,10973,14391,16267,19112,23012,26486,29172,
281959302121,13289,35239,40376,13816,14773,16024,19291,23946,30658,30830,31687,
281959802121,7121,33673,7277,8016,14097,15017,16362,19592,24827,25236,32788,
281960302121,40108,65546,67728,66850,70493,68099,70169,69267,68228,69936,70480,
281961302121,3863,33546,5159,10782,12109,14413,18678,20199,23992,26709,28284,
281962302121,4113,38998,4386,7581,20162,20545,20204,21231,25263,27782,38112,
281962802121,4028,38188,12076,12661,13876,15598,19012,19335,23777,37625,38269,
281964802121,5509,39071,5663,7740,10983,15465,16933,26002,25753,26437,28178,
281965302121,3796,32787,4675,7012,10989,22848,25296,25439,25492,28280,29251,
281965802121,3973,36597,5097,6989,10241,13338,16619,18990,28188,33101,29642,
281966302121,6466,37625,6600,8147,11564,17266,17942,21062,32686,33771,34118,
281966802121,4251,35068,5463,8381,11417,13028,16097,22345,22809,33663,34438,
281969302121,4354,44247,5398,9727,10921,14463,16469,25208,25247,25488,33121,
281970302121,4960,34744,5164,8712,10399,19470,20858,21697,28589,28914,29702,
281970802121,6495,35350,6928,10359,19219,22624,22834,23257,27403,28247,31415,
281971302121,8005,36623,39462,9659,13059,13584,18089,29360,30829,32598,33922,
281971802121,14605,48671,49829,18181,14731,19353,23388,25497,25969,27660,30122,
281972302121,7325,32339,8534,8772,11972,14406,18491,20811,22391,25451,29257,
281973302121,7531,40036,7994,13444,14394,14677,19655,20189,22967,28057,29359,
281973802121,4084,38043,4587,8426,10539,13285,16165,19069,22151,34384,37641,
281974302121,11431,33296,11646,11936,13233,15669,19080,20032,22521,26121,28797,
281976302121,4988,47641,48256,8310,12744,14107,16304,21798,22250,28037,29766,
281976802121,5969,46146,6427,8767,10329,13569,23851,28183,28960,29508,31600,
281978302121,6074,37706,6432,9928,11083,14189,23502,24186,24513,31947,33013,
281978802121,5586,35861,37477,7953,22565,25865,24746,25781,25666,34644,35663,
281979302121,3993,35031,6934,7950,14802,15380,20037,20154,22958,25762,34198,
281979802121,5279,33949,5705,10002,11447,18052,18364,21986,24606,28221,28607,
281980802121,5304,34822,38092,10584,10353,22411,23627,24309,24762,27261,30977,
281982302121,4795,38354,7449,7492,14815,14998,16135,19559,23866,26475,28433,
281982802121,3717,35428,4314,7749,10036,14157,25561,25929,27523,26863,29334,
281983302121,4569,37029,7872,14299,16171,16192,16703,20064,27870,28813,29115,
281984302121,6026,42236,44654,7522,11371,13989,17087,21729,23377,28108,29553,
281985802121,43972,69942,70253,70149,71021,70567,70644,70750,71049,70913,75552,
281986802121,4316,32579,5431,7543,10543,27814,18502,20464,23729,29510,29831,
281988302121,7664,36781,36841,9339,10644,13482,23202,24827,25040,29364,29604,
281988802121,3798,44400,4378,7980,10175,13943,19153,20788,22404,28178,28423,
281989802121,7662,42142,43412,7808,10363,15475,16173,19473,22194,25336,30244,
281990302121,5337,37148,5965,7961,11473,17469,17693,19667,23607,26692,29174,
281991802121,3861,32973,4147,7152,10709,13013,17004,21298,22627,25335,28263,
281992302121,4976,33168,5187,9953,11095,17914,23086,23320,23951,25452,28294,
281992802121,6958,38973,39260,9691,10335,16652,16867,28591,29021,37848,38174,
281993302121,10515,37124,10697,13233,13425,16627,17659,20092,22818,26402,28444,
281995302121,4585,37061,6701,8740,16394,16876,17565,30133,32030,32383,32257,
281997302121,8116,36269,36786,8433,12391,13449,20492,20626,22246,25028,29526,
281997802121,9976,40218,10138,11782,12727,13338,16575,19699,25850,26708,31608,
281999302121,4334,34592,7122,8863,10669,15087,16769,20559,23326,33206,34217,
282000802121,5375,34426,6254,11277,13478,14075,28087,30506,29777,30236,30362,
282003302121,4239,35435,4729,7494,10099,13076,22496,23701,31427,32029,33119,
282003802121,8545,35487,39221,7715,14201,14413,16720,26397,27691,29693,30987,
282004802121,7932,34939,36197,8063,10871,13213,24733,25031,25915,29413,29540,
282005302121,5477,39620,6704,7138,10526,13381,16807,20631,22221,25143,28832,
282005802121,5106,37215,38551,8615,11188,20219,20679,21799,22983,27005,33857,
282006802121,5682,35065,37477,8548,10171,13053,17469,19032,22435,25140,29265,
282009302121,3982,41041,5339,14144,14527,16647,19242,19834,22434,25346,40063,
282009802121,4190,33689,5192,7179,10271,13192,16730,26432,27247,27420,28823,
282010802121,6603,35826,10200,14115,15053,16987,19098,20159,23760,26154,28669,
282011302121,9365,46416,44162,11733,13065,13340,24655,25959,26517,27361,28696,
282011802121,5299,35389,36467,8431,10154,13588,16145,34048,34269,34615,34737,
282012302121,4129,33141,5183,8125,10366,13809,19846,20516,22517,26005,28168,
282014302121,5678,37645,5849,10796,12341,16579,17043,19607,22061,25982,30124,
282015302121,4914,35734,6501,10738,11497,15913,16759,19974,25152,26528,29496,
282017802121,5877,35411,9776,10236,10752,15493,17817,19173,23875,26286,29664,
282018802121,7706,39293,8102,8458,13183,16168,16534,23798,24711,25829,30608,
282019302121,5350,34538,5781,11118,11459,14400,16223,20986,22182,28319,31697,
282021802121,7144,38080,39529,7492,11502,17673,18036,23534,23874,36185,38285,
282022302121,4260,35337,4706,7536,9935,13254,16846,20807,23250,34311,34686,
282023302121,3578,38196,4603,14799,15764,16119,24623,25106,26285,26094,31650,
282025802121,5205,37610,39376,7217,11404,13077,19973,20114,28665,30534,29647,
282027302121,4636,35493,5412,9391,11221,15827,16600,20081,26753,27504,29093,
282027802121,13265,34938,14305,15655,15027,15071,19147,20415,22828,26752,32371,
282028302121,3634,34030,5184,7206,10560,14873,17351,21581,22487,31720,31973,
282028802121,6594,39827,40543,19077,20354,20911,21395,20863,22816,29027,29451,
282029302121,4029,33255,5305,7462,18181,18996,19326,20629,24415,27749,28513,
282029802121,5063,33552,6720,7831,10327,14522,19639,20591,25767,27023,28624,
282030302121,11098,35609,11954,13514,12644,13607,23065,23565,23843,28017,28788,
282031802121,4408,37452,5486,8434,12854,14044,18072,26089,26481,26927,30585,
282032302121,6719,33519,37588,9525,17685,19383,19013,20528,23180,25264,28814,
282032802121,5002,33035,7223,8360,10689,15928,17073,20512,23911,26077,28372,
282035302121,3701,33219,9976,13261,14078,15961,20237,22004,24858,27382,29014,
282035802121,4029,34283,6157,7157,10033,14146,16294,19206,22199,26872,31825,
282036802121,8577,33841,39991,40593,12619,13479,19566,20275,30649,30878,31258,
282037802121,10952,44418,45414,44744,12478,15771,17377,24821,26113,26425,28287,
282038302121,4366,37375,12867,14727,17544,17727,17948,19808,23996,28213,29526,
282038802121,28749,69707,70342,28144,29377,29390,36289,46370,46995,48080,50591,
282039302121,27835,64583,64590,64814,65774,66099,66178,28943,29414,35924,43228,
282041802121,10389,42284,10818,10994,11182,14356,19687,23807,27110,27440,29603,
282043802121,4930,33600,4834,7247,10286,13040,16940,23484,26715,30657,30961,
282044302121,5736,33314,37379,7405,15667,16617,16874,20395,23354,26735,28555,
282044802121,7232,40229,40379,10425,16571,16975,17504,38166,38463,39533,39232,
282045302121,12693,33792,13149,13485,14111,15475,17431,21561,30773,31017,31997,
282045802121,4170,32770,5026,13124,14952,15109,16807,22179,27032,28084,29302,
282046302121,63689,90549,93581,92208,93079,93680,93777,92648,92917,93273,93473,
282047802121,27470,52136,55347,52145,55330,55497,55560,30008,33603,37702,39212,
282048802121,8077,35449,8215,10455,12795,14381,16633,19126,23359,27609,29538,
282049302121,5511,33375,5717,8343,10949,13088,17010,25047,25592,27407,30629,
282049802121,6064,34300,6529,8537,10964,13671,19412,20631,22228,25484,28798,
282050302121,11517,33300,14051,14829,15039,16252,18820,19723,23220,25654,30929,
282051802121,7033,33420,36657,7828,19225,19919,20184,21531,22700,25744,27961,
282052302121,12791,42017,13408,15817,18039,17869,18540,21492,26241,26397,31062,
282053302121,7503,36172,8365,9784,11110,14630,16908,20265,28081,28939,32009,
282055302121,4210,33839,4649,7278,11141,13601,20430,22958,23124,27681,28271,
282056302121,4748,7029,7403,8487,10125,13705,26116,27836,27860,28316,30385,
282057302121,7293,33323,7855,8245,11214,13241,16344,25601,27988,28125,29010,
282058302121,4746,36601,4982,8385,18779,19954,21758,22559,22992,25868,28783,
282058802121,11241,50102,48254,47977,12571,18081,18218,19369,26216,35669,36398,
282060302121,4584,45160,7225,8289,13439,14416,17776,20489,23223,25846,28317,
282062802121,5016,34640,5815,11683,13395,22108,22372,22672,23805,25775,30117,
282063802121,3768,37081,4420,7456,12681,13795,16096,21653,25051,30060,31323,
282066302121,11751,36937,12594,13280,14394,15125,18089,25511,25718,26871,29285,
282066802121,8692,40576,40337,8985,18129,17685,18724,21922,24794,26103,35720,
282067302121,3866,34661,4994,7280,10520,14618,17209,19653,23129,25217,33239,
282067802121,61374,72447,79287,79502,79608,81945,80194,80402,79722,79939,80052,
282069302121,4584,36549,37348,7541,18960,17803,17836,30147,34625,32296,34613,
282069802121,7379,37475,7687,7829,11093,14672,17314,19089,21999,25929,36792,
282070302121,10014,9800,10924,10998,11257,13272,18815,19699,27861,29203,29019,
282072302121,3824,35877,4582,9817,10496,14436,16584,22402,22833,26463,28552,
282073802121,18757,51582,18951,22492,27688,28541,28373,29161,31252,34562,36721,
282074302121,4399,34659,6814,7328,10669,14678,19381,21866,23185,26456,29859,
282074802121,3975,32448,5456,12075,12603,22271,24639,25072,25480,30306,31929,
282075302121,4664,36005,5064,10163,11152,14269,19160,19343,30542,31094,32187,
282075802121,4605,46758,4647,7456,10269,13384,18840,28087,28652,29469,29761,
282076302121,4437,34946,5093,16791,17308,17119,19114,20164,31767,31989,32493,
282076802121,5337,36943,7701,7858,10264,13693,16591,19808,28576,29407,30650,
282078302121,5377,42707,7862,9878,10774,14143,18609,19605,23242,26777,30364,
282079302121,7210,36135,7522,7983,10761,14923,22791,23833,25173,26334,29658,
282079802121,3955,37726,4636,18550,22155,21134,20380,25938,26770,30012,33739,
282080302121,8032,44552,8186,8506,19645,17936,19917,20345,22852,28000,41134,
282080802121,3951,36215,4951,17691,19598,18874,19598,21596,24019,27860,30415,
282081802121,5427,34954,5470,7291,10648,13996,21822,22025,26130,26706,28251,
282082802121,8738,32640,11519,11514,19732,21067,23015,22845,26499,29356,29670,
282083802121,5559,33244,35488,8708,11144,13653,19276,20438,23875,25031,28064,
282084302121,8522,33322,12627,14659,14868,15665,24542,24958,25400,25843,31035,
282084802121,10372,48232,48432,48595,13934,14485,23011,25653,28624,31043,31207,
282087302121,3794,32843,5530,8736,11313,13360,16385,19736,24582,25499,28361,
282089302121,13119,37669,13340,14039,14585,14848,16290,20923,22680,25391,37648,
282090802121,3546,34111,4251,10686,11826,15666,20073,20494,23798,27937,28190,
282092802121,5539,33482,36018,8986,13492,14583,17459,25233,26479,26715,29505,
282093302121,5012,43645,44080,10013,11022,13337,16093,18964,22657,26005,28212,
282094302121,10629,54245,14407,15918,16234,16345,16528,27396,29069,28594,29503,
282095302121,8294,36991,11194,10869,18765,21353,22566,22931,23592,26289,28309,
282095802121,3815,36547,4868,10762,12632,17480,17965,24427,24962,25504,29831,
282096302121,4793,37347,7018,8183,15240,15478,28199,28746,29548,30230,30533,
282098802121,7933,34384,41669,10742,11124,25001,25145,25340,25925,26144,33447,
282099802121,3829,33720,4753,8231,10111,16766,17428,19601,24925,25262,28936,
282101302121,7821,33278,40311,9563,12035,13126,17421,20252,22483,27670,29271,
282103802121,34581,54920,54920,55470,56208,56405,56574,60845,66130,40164,37088,
282105302121,4356,35415,5290,9583,10010,13640,21464,21779,22993,25828,33593,
282106802121,4763,34014,7663,8259,20979,21757,23118,22178,23257,26371,28306,
282108302121,5359,37623,6686,13074,13555,13960,17178,19209,22305,25439,28063,
282109802121,5175,34030,5499,9996,10727,16243,18803,19147,22029,25674,31605,
282110302121,10474,35649,11162,12571,12990,14747,16332,19210,23007,26506,30664,
282110802121,4146,34051,5018,9942,11073,14379,20150,20727,24607,27837,29044,
282111302121,10227,36567,11689,11221,12637,17488,25501,26929,28253,28389,31286,
282111802121,5474,37817,38086,7492,10707,13247,16797,28545,29112,29476,29908,
282112802121,5322,37978,38643,9949,10398,14722,16285,20033,22866,29905,30086,
282113302121,5201,37525,7531,8035,10746,15006,16634,19086,23155,30959,35407,
282113802121,4272,33118,4353,9020,10669,14595,16703,20261,22323,25257,28610,
282114802121,4254,35029,6822,7652,10201,14386,17321,20696,23388,28077,29354,
282116802121,5350,33613,36989,7016,15757,16257,24266,25872,26735,27449,30612,
282117802121,18125,45180,46356,46563,46581,52025,19189,19508,30266,31509,31206,
282120802121,6977,32581,6994,10374,11565,14717,24697,25213,25613,28005,28301,
282121302121,10025,11440,11929,12097,13129,17064,19681,20592,23543,33019,36919,
282122302121,6287,38197,6644,9588,13199,14266,18673,21811,23090,25427,28404,
282123802121,4248,34672,4541,16852,17859,18526,18841,20145,25230,26040,29066,
282124302121,5254,35794,5344,7347,14104,18722,18586,20839,23116,25407,35960,
282124802121,6872,42068,7101,8400,11986,13268,17320,28098,28696,29332,29827,
282125302121,12778,48977,12681,13783,14092,15101,19096,21563,28540,30539,31043,
282126302121,6240,37926,40157,15838,17088,18080,18925,19811,32619,34480,33741,
282127302121,12054,40546,46940,47131,12671,16157,18271,21857,23288,26728,32009,
282127802121,4694,36537,7229,9828,11809,13153,15991,19617,24791,25808,30323,
282128802121,3804,43074,4317,9861,11535,15991,18931,20593,22493,27049,28628,
282130302121,3739,36337,4549,6944,11053,19003,21540,20433,24839,27038,28376,
282130802121,6687,36002,6963,7785,10422,14936,16542,20480,34558,30517,30846,
282131802121,9858,37512,9472,11180,11749,13927,18345,19424,22320,25694,35752,
282132302121,4811,36612,6748,7399,11247,13609,20193,27577,28945,29322,29805,
282132802121,4019,34994,5046,10193,10402,14760,18719,20370,25972,26377,28950,
282133302121,8065,38172,10083,9935,22492,22995,23791,24025,25619,26188,32831,
282135302121,10325,51459,10435,10521,11487,17008,18039,29045,29923,29407,30582,
282135802121,7642,35753,38834,8860,10187,17646,18138,19670,24915,25304,28683,
282137302121,4551,35491,5323,7022,10255,24693,25002,25440,27145,27388,32658,
282137802121,5785,38876,10713,12810,13368,13859,16272,19798,23239,26128,30134,
282138302121,4013,32705,14283,15134,16330,16585,17060,22988,28798,32200,32333,
282140302121,4540,50032,7446,9108,10942,15960,17557,22191,24820,25966,28531,
282141302121,4126,39031,4597,7245,17296,18216,18747,21655,25452,26614,28328,
282145302121,5399,37860,6572,9232,11156,13801,27939,28345,29140,29394,30071,
282145802121,11844,43086,12359,13453,13684,15816,18503,19618,23176,29829,30059,
282146802121,5675,7020,7617,10729,10981,14594,17808,21705,25433,28473,29660,
282147302121,7722,41349,10774,11145,12033,15440,22702,24384,24712,26380,30186,
282148302121,4422,50572,14948,16167,16052,16837,20581,22824,25012,29861,30203,
282148802121,6808,35537,38268,8747,12681,13521,19034,22030,22669,27105,35523,
282149302121,6571,36348,6699,9578,10101,13209,17867,19762,22731,30797,31915,
282150302121,4335,34593,4694,7341,11115,20712,28609,28753,31616,30353,31284,
282150802121,3782,40828,4110,8767,11537,15022,27940,28657,29437,29310,38916,
282152302121,3640,38741,6748,11640,11979,18111,18672,20606,24607,25044,29782,
282152802121,5023,33012,38666,9062,10263,13939,17930,25312,28110,28353,29317,
282154302121,5621,38081,5862,9015,10363,18110,19157,19400,28381,29302,29389,
282154802121,6861,44407,46151,12813,14004,16183,17038,21201,23024,28369,28357,
282155302121,3837,33363,6739,7537,11036,13961,16844,21227,30062,30603,31765,
282156302121,27608,57952,58256,58586,64367,59376,59234,58704,59756,28330,36216,
282157302121,9095,35466,39914,10599,11780,20567,20995,21996,23407,29123,29397,
282158802121,5960,33244,37536,7265,18068,18844,19195,21141,22312,25952,28853,
282159802121,4441,37618,4734,7269,11277,16439,17141,20318,25446,25668,36244,
282161802121,7609,33957,38841,8019,18305,19262,20282,20667,30654,30693,32141,
282162302121,7652,33330,7240,7972,12846,15846,16272,20960,22609,25261,29368,
282162802121,4253,34779,7277,7625,18873,20246,20667,21371,23292,25840,30208,
282163302121,7054,33500,37871,7758,22161,22685,22489,22592,22839,26383,28649,
282164302121,6324,39744,6651,7918,15907,15629,23857,23766,23040,26572,31204,
282164802121,4112,32774,6687,7264,11380,15198,24866,23167,24954,26298,30657,
282165302121,4052,33163,4458,9493,10644,13048,16325,20479,22214,25145,28823,
282165802121,8387,47282,48857,8552,11224,19007,19226,21440,23336,27597,29213,
282166302121,8120,37304,39683,8022,11775,13624,16913,20296,33798,35574,35015,
282166802121,17426,38521,39721,17575,19148,19274,20015,20406,23292,25367,28158,
282168802121,4376,42464,6529,8473,12644,13240,16194,19221,22389,27828,41152,
282169802121,4640,33384,4743,7865,10525,13378,16262,19161,26920,28398,28697,
282171302121,7951,44037,45030,8109,10254,13292,17073,19875,22145,25464,28101,
282173802121,6748,41344,7166,9430,13124,15373,17184,19595,22286,25197,39866,
282174302121,23614,55119,55341,55907,56008,56278,62182,61933,56922,28299,30783,
282174802121,3975,35072,6853,8349,11332,14796,19745,21037,22183,29238,30270,
282176302121,4926,37686,5317,7134,12867,13659,17234,32147,32989,33631,34082,
282176802121,14276,41119,15630,16379,18923,15949,18970,19945,23779,30229,31534,
282177802121,11727,37029,54725,18707,22044,23265,23141,22069,24915,25406,28250,
282178802121,7424,41162,7832,8800,14314,15539,17113,22223,22362,29381,29741,
282179302121,5914,34274,8379,8708,15019,16093,16265,28119,30357,29635,30108,
282179802121,3835,34413,6787,7489,16670,17945,18484,24303,24742,25957,30435,
282180302121,4796,40612,6873,9021,10354,14439,17819,19368,24872,25991,28821,
282180802121,4309,38598,4580,8226,10743,13960,17293,19364,22293,25587,33205,
282181302121,3966,36395,4271,15605,15359,15953,18034,23284,23737,27758,28826,
282181802121,5654,38829,38726,7168,11056,17552,18121,20719,34304,36847,38089,
282182302121,7089,33090,8858,9872,12793,15119,16255,27789,28913,29748,30229,
282182802121,3962,4358,4917,15538,16016,18398,18135,19982,22066,25258,30085,
282183302121,6037,43542,43429,7158,12956,13421,16290,19186,24501,31166,33538,
282184302121,4253,34508,5360,10295,11221,17630,18622,22030,22277,26985,30293,
282184802121,12163,45062,13603,13251,13743,14071,17454,29731,31533,31988,32340,
282185302121,11775,39744,13468,14498,14021,19328,19772,22939,23256,25675,32323,
282186302121,10710,42025,10786,17391,11923,19396,20137,22698,26293,28422,30829,
282186802121,3966,35796,6076,7817,10079,13069,16195,21696,22916,27987,28837,
282187802121,117303,149656,149230,149499,149812,150076,158844,158491,158195,158774,117738,
282188302121,4216,32287,4567,9371,11640,18843,19524,20207,23431,25595,30444,
282188802121,5850,34200,6595,12970,14334,14750,17400,20307,22342,26125,28513,
282189302121,6418,35875,6489,7321,16804,18862,19345,23180,23594,26753,28237,
282190302121,4454,34939,4834,7197,13717,14464,18817,19125,22353,29201,29400,
282190802121,5788,37820,7810,8461,10427,15761,16487,30450,31076,31616,32008,
282191302121,4665,45257,5633,10116,13229,16242,19928,21768,22691,28115,29341,
282191802121,3877,35727,5333,7735,18144,20519,21380,21228,24836,26504,34297,
282194302121,6446,34913,37860,11956,13110,14864,19312,20079,23482,28675,29810,
282194802121,3739,45549,4419,7360,15848,15683,19729,20207,22847,25259,43789,
282196802121,4167,4467,7841,8095,10517,13673,19241,19729,22002,25123,28158,
282199302121,4217,34748,6400,7726,10951,13864,18610,28496,29135,29639,29786,
282202802121,6067,34669,7821,7937,10334,19864,21039,22138,23963,27813,29587,
282203302121,6658,39013,7788,8503,12654,13332,16594,19131,24614,26158,30878,
282204802121,9031,34867,45250,45109,10429,13177,16261,28023,30872,31108,32026,
282205302121,8217,43840,62864,13157,12939,14644,16239,21331,28230,29122,29306,
282205802121,5748,37723,38729,7445,10210,15816,16622,19325,22651,27998,28766,
282207302121,7202,36579,38698,9357,10868,13151,19176,20195,23486,28020,34979,
282207802121,7685,44352,8412,10586,11472,13359,16217,19118,25265,25571,30605,
282208802121,9408,38108,9724,9855,13696,15005,17142,20232,22672,35236,32683,
282209802121,8682,36326,9019,8784,10216,14071,18795,19056,24379,25323,29836,
282210302121,99213,128066,129418,132024,132375,130185,101724,99671,101419,100844,101181,
282210802121,5069,33454,5607,9686,10357,15559,19083,19810,24026,27699,28164,
282211302121,12958,36945,42672,13672,14928,16502,17590,24777,24955,26035,29408,
282212802121,8806,37761,39000,10172,12698,14771,16283,20534,23378,25500,28010,
282213802121,4168,34785,4383,9713,10533,14972,16298,22299,25529,27473,32658,
282214302121,6014,35412,6251,7190,11465,15783,18193,19446,22136,26199,29415,
282215302121,9588,36145,41258,11564,12854,14796,18254,19580,22031,25111,35229,
282216302121,4908,34792,5935,7666,14974,18181,18441,19409,26914,27747,28967,
282216802121,13304,47135,15472,14109,14815,15266,17799,20317,22560,26138,37052,
282217302121,4636,34250,6686,7695,10214,13507,16541,20607,25563,26182,28603,
282220302121,4378,35046,47527,7918,10299,13466,16397,21936,22373,25781,28170,
282221302121,4370,46580,4424,7734,10198,14302,16661,21632,21930,28293,29573,
282222802121,20304,36174,37359,54352,21946,20491,21681,23996,29962,29664,31026,
282223802121,6055,42054,43434,8093,11050,13138,16394,19266,28468,29476,32554,
282224802121,10854,40100,40396,41523,11334,13979,18962,19954,23288,25037,31030,
282226302121,5011,34729,38100,13605,14118,14344,17682,20178,23340,27747,30264,
282226802121,29479,46345,50021,51626,61356,32061,32466,38540,38651,37158,39115,
282227302121,12865,44480,16250,13835,14078,16383,16968,28825,29451,32026,31790,
282229802121,6931,35207,40032,7617,11047,14140,15977,26800,28297,28438,29309,
282230302121,9512,39016,9799,10091,10844,14176,20162,20331,23619,25109,30732,
282231802121,8128,37153,43240,8282,11635,14588,22189,23005,24756,25947,28552,
282232302121,7586,38217,7982,11874,12723,13807,19568,20342,26594,26652,29603,
282232802121,16175,43029,42769,44191,52421,17304,19510,21921,25943,26924,29158,
282234302121,10847,35032,43083,11031,11988,25664,27797,28211,28480,28790,29293,
282234802121,3954,33211,4329,7614,12762,15819,17166,20003,22857,29260,30950,
282235302121,5711,36358,7127,8116,10653,13727,17530,19166,22049,24965,28394,
282236302121,4377,35401,5021,7640,13067,15856,16648,32399,33361,35029,34273,
282239302121,8457,36874,41185,11999,13977,15061,21294,21572,25178,27112,32459,
282239802121,3738,34384,4450,7359,11743,13294,16416,19381,22119,25179,33488,
282240802121,7350,34668,38999,8331,10816,13871,16258,21034,22675,25044,28463,
282241302121,3790,34251,6399,7861,13937,14188,17613,20505,24692,25749,29090,
282242802121,11508,33133,45440,45604,11324,16224,16558,19037,22490,27767,28417,
282243802121,6173,47958,6459,7817,12960,14320,19155,19713,29503,29740,29924,
282245302121,11270,49029,49064,49243,11821,16655,16799,31228,31122,31637,31786,
282245802121,6439,48609,48837,7833,10585,15823,17611,23942,24642,30345,31388,
282246302121,6682,35787,36565,8004,13058,17123,17586,19666,24927,27728,29979,
282248802121,7599,36551,38274,13011,16802,16234,17990,30553,30785,33037,30945,
282249802121,7495,39768,7596,8069,12677,17634,18844,19975,24576,25401,28745,
282250302121,4086,51462,4849,7089,10488,22393,23845,23156,24979,28555,29524,
282251302121,4191,47257,5526,9763,12729,20490,21845,22298,22723,34337,34696,
282254302121,5731,41146,41145,7537,11121,13857,16086,20536,23005,34246,35794,
282254802121,4528,36939,9963,10674,14101,14589,17559,25084,26065,26634,30304,
282255802121,4184,36415,6877,9923,10629,14605,17023,19751,25152,27773,28839,
282257302121,7713,7857,8234,9856,11094,19502,21117,21459,24420,26199,30014,
282259302121,3822,42856,5112,16248,17871,18539,19701,20153,23564,26619,29313,
282259802121,6822,38027,36959,7618,11280,18432,18532,19628,22077,24978,29950,
282261302121,4462,56123,5809,7673,10222,13848,24987,27959,28095,29941,30229,
282262302121,4473,37450,6448,11146,11258,15642,16842,19795,22531,25187,28585,
282262802121,5431,32736,6739,9688,11619,20255,21092,22129,32540,32218,32635,
282263802121,5583,34319,36464,8748,13454,14402,23831,27563,28103,30923,33450,
282265802121,5124,39227,39025,9807,11865,16281,18368,19187,22252,36182,37512,
282266302121,3600,36185,4208,8215,11659,13256,16357,20963,33480,35466,34583,
282267802121,62293,89692,89776,90159,90044,90531,97191,91851,91130,91232,99430,
282268302121,3864,36509,4732,9988,11470,13340,19384,21557,23384,26551,28958,
282269302121,9439,32651,9760,10368,11597,13380,17952,19752,22625,25408,28958,
282270802121,4227,32848,4706,7108,10952,14399,16366,28199,28531,29558,29736,
282271802121,20382,45516,45303,45706,46038,51523,67669,21657,22793,25299,33155,
282273802121,10740,40156,11632,12671,13032,16938,21708,23918,24995,26113,29177,
282274302121,4191,37108,5744,7296,11196,14542,17163,26279,26576,35032,36048,
282274802121,6580,37582,38097,8990,12379,13964,17459,20793,23184,28111,30569,
282275802121,4550,34847,6972,9850,10858,13266,18692,19456,29072,31775,29598,
282278302121,3575,38587,4534,9799,15576,16493,17454,21574,22798,25580,30534,
282284302121,4567,43380,4701,14183,15840,18021,18093,20563,22633,25242,28119,
282284802121,4282,50713,7042,7193,16104,16293,18734,20332,22122,25489,48552,
282285802121,3691,34684,5257,7163,10453,14513,16622,20013,22372,27314,29081,
282286302121,6143,40426,7296,8690,11807,15016,16634,20619,32461,38785,38684,
282289302121,5966,33097,6003,7018,11647,13036,17337,19347,22264,26002,29273,
282290802121,4320,33526,4219,10128,11208,13493,20939,21424,27287,27428,29535,
282291302121,161175,194968,195146,205163,198013,195651,195952,196098,197529,197693,197585,
282291802121,83712,106120,106249,106134,106374,106617,107536,109391,108921,109424,109792,
282292302121,6072,38996,39200,10022,14142,14521,18363,21125,23046,28061,30807,
282292802121,4514,33395,4841,7183,10321,13352,16926,22380,22994,27117,29947,
282293302121,4942,36665,6093,8083,10704,13110,16048,19490,22227,26253,31498,
282295802121,4289,34595,5789,8429,11194,22005,24915,23808,24877,25349,34068,
282297802121,290981,346958,346867,347528,347644,348194,348817,349254,348375,348530,348707,
282298302121,4558,39165,6734,9303,12557,21389,22623,22908,24402,25684,38509,
282299302121,5235,50212,5485,10201,10762,14313,16335,19579,22266,26391,28469,
282299802121,7939,33845,9181,8473,11998,15454,16922,21455,23408,25094,28687,
282300302121,4766,35622,7082,9052,11053,14361,17260,29704,30927,31568,31451,
282300802121,6622,7124,9676,9940,11088,13323,16171,19447,23228,25207,30546,
282301302121,6607,37339,6793,7427,10116,13168,16767,21594,22172,25988,32376,
282302302121,5222,35435,36941,10178,12638,15867,16191,19686,22235,25994,28814,
282302802121,4722,35082,6830,8213,11787,14000,16293,21961,24134,28724,28999,
282303302121,7071,34857,7116,7638,12659,13699,16172,21770,23911,26604,28369,
282304302121,7693,39876,7844,8083,10399,13625,16755,21687,22246,33462,33975,
282304802121,4101,34474,6944,7218,12397,13732,17111,19524,26372,26523,30040,
282305302121,9851,38683,38947,39823,10953,16256,16956,21384,22177,26249,30025,
282307302121,5568,35522,5699,7241,10461,19526,21850,21550,33442,34864,35034,
282308802121,8540,40905,11777,10806,11853,19261,29542,29837,31182,30112,30794,
282309302121,8598,34641,8985,9705,10339,13197,24733,26614,26753,26920,30765,
282310302121,11865,47388,48403,48732,12205,14647,17980,20673,26496,26423,31246,
282310802121,6824,35951,37673,7737,10964,13696,19356,30518,31033,31173,32493,
282312302121,4056,35732,4362,9685,10264,20968,22065,22491,28225,29423,29975,
282313302121,4788,41160,40933,7633,10234,13561,18789,19997,22240,28798,29137,
282314802121,4010,34851,5212,7458,11008,12951,16504,19141,22878,30024,31492,
282315802121,4265,40641,7094,7450,10507,13200,22279,22987,23699,26623,34167,
282316302121,8663,35002,8914,9588,21538,22046,22560,23923,25561,28849,33470,
282316802121,141036,176306,141541,141575,141668,141830,173938,176692,175382,175243,176194,
282319302121,6982,35203,8796,9590,12615,15593,25269,24751,25154,28596,31802,
282319802121,3968,33983,4698,7113,15832,16295,17462,23932,24080,25667,29604,
282320802121,4450,38468,4657,9527,10357,14466,16593,20534,22156,31297,32037,
282321302121,79757,111614,108961,111556,114862,110001,109081,111408,109542,109913,109179,
282322802121,5100,33276,6753,7688,12107,13236,17909,19056,22990,25221,28759,
282323802121,3763,35391,4609,8304,9955,13507,18200,19809,25027,26041,29707,
282325802121,4834,34463,5003,12408,12531,15541,18227,19810,22995,28222,28369,
282329302121,4276,36061,5646,7522,11471,13226,18086,21773,22935,25051,34708,
282331802121,4352,34456,5270,7127,12456,14874,17638,19795,22644,25965,32146,
282332302121,4338,36414,17292,17528,17669,18625,17988,23580,24268,25326,30803,
282332802121,136942,140514,140633,177989,176697,137712,137620,138389,138743,140050,140582,
282333802121,3814,33691,5436,13147,13426,16920,18657,19596,22205,27349,30215,
282334802121,3839,33790,6664,7463,14856,15064,16999,28624,29551,29603,29063,
282335802121,11845,35068,43517,43757,44130,14114,16814,19101,28247,29500,29412,
282336302121,13047,43378,15845,15117,16091,16261,19340,27792,29043,30613,30372,
282336802121,4721,34497,4825,7137,10564,17362,17824,19391,24410,25424,28903,
282337802121,5823,5993,7093,8411,12687,15837,17788,19321,26315,26650,30093,
282338302121,3757,34059,4860,8361,10316,19580,21128,20791,32470,32861,33051,
282338802121,11270,43459,11506,11761,15961,15974,19284,20229,24714,25600,28122,
282339302121,7143,36162,41976,8019,10624,15026,16144,20044,23835,34149,35648,
282340302121,4024,34116,5006,7052,10278,16555,16748,19143,25179,25508,29644,
282342302121,4515,33770,7086,8187,12632,15988,16272,20822,21870,27356,29839,
282343302121,3652,37517,8794,10455,12837,13801,16132,20131,32468,32148,32333,
282346302121,4486,38505,39279,8221,10659,13850,16919,19350,23100,26917,30060,
282347802121,7202,7941,10163,10396,10839,13467,17638,21141,22867,27732,28224,
282348302121,4518,37351,5036,15423,15527,16124,17560,19812,22454,25555,29406,
282349302121,8583,34814,9129,9790,10739,14449,16776,28403,32076,29537,30433,
282350302121,4753,36484,4929,8129,10343,13393,22528,23266,27516,31265,31494,
282350802121,9996,37392,11462,11838,11658,14158,18976,19963,24754,27538,28131,
282351302121,98022,128505,129328,129598,129584,129855,130635,130443,130941,131468,131872,
282351802121,8605,34831,46130,9255,12835,14704,25599,26684,26849,27419,31174,
282352302121,3703,34150,4689,7996,10661,17919,17254,19712,23046,31080,33000,
282352802121,4148,39345,5236,8616,10351,13237,23196,24676,25055,26162,38520,
282353302121,5480,37534,38172,8195,11206,15795,18820,20421,23374,25249,38622,
282353802121,4401,42740,5815,9685,10844,21924,22691,25007,23658,25750,30115,
282355302121,13201,35858,36027,14039,14515,14513,18181,22186,25045,26571,28737,
282357302121,6695,46576,47325,7329,11407,16557,17925,22204,24576,30811,31193,
282358302121,4933,38723,13557,14319,14703,15114,19272,20123,22419,25861,30844,
282358802121,7217,42655,7406,9617,10554,15856,16448,21243,22432,26259,28979,
282360302121,26222,62734,62549,62024,62359,63577,26299,27337,29757,29965,31578,
282363302121,4189,38676,5693,7147,16029,16282,19639,19510,31763,34728,35134,
282366802121,7252,40731,41027,9261,10424,13235,16505,19725,24667,27548,40353,
282367302121,4370,35543,4588,8518,10686,14399,16132,19666,22275,28838,29993,
282367802121,4727,35463,4832,7290,12626,13457,17517,22793,24086,25782,28487,
282368302121,7566,33706,38321,7722,11008,15780,16985,19741,22587,27578,29344,
282368802121,6012,36150,40727,9138,12362,13718,16316,19263,22052,27050,28705,
282369802121,5771,34783,5955,7432,12695,25624,26604,26644,26825,27399,28729,
282371802121,5646,35938,9432,9578,11392,14409,16260,19150,24463,26938,33825,
282372302121,4314,38192,5349,10398,10465,13101,18510,20077,32021,31802,33359,
282373802121,13039,48062,14295,14004,13776,14876,17835,24044,24239,26695,29528,
282374302121,5812,37484,38261,7213,18851,19505,20576,25020,27107,36382,36625,
282374802121,4222,33563,5868,7461,12401,15605,16369,26959,29551,30203,29643,
282375302121,3562,34502,6334,8839,18953,20507,21138,21314,23198,25174,28906,
282376302121,4001,35775,4239,7695,16768,17596,18374,19647,30577,29755,29454,
282376802121,8121,33755,42847,8404,17439,17690,17580,20445,26241,33497,32834,
282377302121,9082,34104,10618,10523,11662,13777,16199,21329,23514,25009,30310,
282378302121,4602,42189,7069,10323,17040,17168,29014,29401,29664,32364,32959,
282380302121,3594,32748,6604,8756,10329,14717,20389,20565,23144,28050,28623,
282381802121,5001,33810,43970,8741,17638,19149,19292,20142,23264,26728,31589,
282382302121,4069,35381,5087,8702,16177,17427,17436,23710,24281,26499,34402,
282383302121,4293,36692,5350,8244,12989,13216,16273,19340,22832,28247,28718,
282383802121,17516,47483,47251,47599,47712,49860,19226,22172,23125,27053,30100,
282384802121,5084,44284,9743,10932,13274,14626,25008,25449,42393,27481,42941,
282385802121,7601,37066,7811,9688,11089,13680,26138,25955,26366,26664,35642,
282386802121,7388,35781,52126,7805,12837,14300,16375,26413,28168,26961,29278,
282387302121,4046,35390,4186,10133,10566,13154,22422,25017,23852,28999,29577,
282388302121,5336,36454,5994,8446,13405,14929,18776,20050,27610,31030,31186,
282388802121,9454,39453,40332,9053,11543,23590,24370,24552,25727,26265,30710,
282389302121,17121,48469,17794,18957,24401,24733,26709,27416,27864,29777,31114,
282390302121,300000,1390285,1558518,1648137,1360039,1341772,1320583,1242174,1661053,1294344,1174279,
282391302121,28781,NULL,NULL,NULL,NULL,NULL,NULL,292738,NULL,303139,188559,
282392802121,8855,65453,22310,22263,22044,23927,25407,25566,26260,29570,33145,
282393302121,28347,59580,59210,58211,64533,29409,29549,31854,31033,32061,32243,
282393802121,8000,35856,8748,9867,15998,17200,17263,20490,23373,28343,29130,
282394302121,4391,42528,4621,8325,13199,16180,18961,26297,26610,27492,31450,
282394802121,7076,41221,9515,10315,12018,15840,17118,20185,25450,28125,30049,
282395302121,7116,47989,8959,9998,11224,17714,19176,20315,23342,24869,28146,
282395802121,15975,41300,42623,45616,46160,17044,17466,23511,25290,27639,30168,
282396302121,10266,43687,11435,12838,13315,15795,21088,21308,24358,25474,32289,
282396802121,4311,5320,5664,7255,10274,13680,19390,21679,23925,29211,30211,
282397302121,26740,65424,64359,67733,33113,36570,38579,39372,40381,47422,46332,
282398302121,6802,35363,7343,11715,14514,20979,21292,22936,23532,30961,31164,
282400302121,11776,38141,48249,48062,13961,16373,17372,22709,23695,28079,28830,
282402802121,22681,53221,53058,53406,54121,25661,25203,28777,30996,34218,33800,
282403302121,5851,42313,42067,19141,22050,22433,23055,23369,25992,32721,30956,
282403802121,17420,35680,43255,43520,19188,19801,19976,21867,25185,26728,30311,
282404802121,11734,33756,43474,11619,12017,13705,19565,21511,23081,25272,32070,
282405302121,4609,35622,4745,8528,15850,17100,18947,19725,22318,25742,28739,
282406802121,6440,35683,40285,7419,11551,15640,16956,29018,29387,32394,31854,
282407302121,7235,33789,10261,10441,16559,16873,17308,19832,25231,27747,28359,
282407802121,10789,56101,11321,14471,13719,14949,17360,23384,23826,28248,34983,
282408802121,3629,53703,4936,9871,12176,13448,18986,20425,23687,28103,29077,
282409302121,4321,35347,4307,7208,10415,15206,16332,28218,28343,28493,31009,
282411802121,10685,48108,11052,13645,14552,14711,19013,19932,22483,25500,29438,
282413302121,5977,38188,5852,8066,12646,15713,18965,19459,31249,30676,30421,
282414302121,9016,39082,45576,13145,14713,15435,25415,25586,28030,28431,29506,
282414802121,4089,35183,4542,7496,21571,22667,23033,23228,24787,25983,29010,

