,W-0,R-0,R-1,R-2,R-3,R-4,R-5,R-6,R-7,R-8,R-9,
281945302121,1,2,2,2,1,1,1,1,1,1,1,
281946802121,1,2,1,1,1,1,1,1,1,1,1,
281947802121,1,2,2,1,1,1,1,1,1,1,1,
281948802121,1,2,1,1,1,1,1,1,1,1,1,
281949802121,1,2,1,1,1,1,1,1,1,1,1,
281950302121,1,2,1,1,1,1,1,1,1,1,1,
281950802121,1,2,2,1,1,1,1,1,1,1,1,
281951302121,1,2,2,1,1,1,1,1,1,1,1,
281951802121,1,2,1,1,1,1,1,1,1,1,1,
281952302121,1,2,1,1,1,1,1,1,1,1,1,
281953802121,1,2,1,1,1,1,1,1,1,1,1,
281954802121,1,2,1,1,1,1,1,1,1,1,1,
281955302121,1,2,1,1,1,1,1,1,1,1,1,
281955802121,1,2,1,1,1,1,1,1,1,1,1,
281956302121,1,2,1,1,1,1,1,1,1,1,1,
281956802121,1,2,2,1,1,1,1,1,1,1,1,
281957302121,1,2,1,1,1,1,1,1,1,1,1,
281957802121,1,2,1,1,1,1,1,1,1,1,1,
281958802121,1,2,1,1,1,1,1,1,1,1,1,
281959302121,1,2,2,1,1,1,1,1,1,1,1,
281959802121,1,2,1,1,1,1,1,1,1,1,1,
281960302121,1,2,2,2,2,2,2,2,2,2,2,
281961302121,1,2,1,1,1,1,1,1,1,1,1,
281962302121,1,2,1,1,1,1,1,1,1,1,1,
281962802121,1,2,1,1,1,1,1,1,1,1,1,
281964802121,1,2,1,1,1,1,1,1,1,1,1,
281965302121,1,2,1,1,1,1,1,1,1,1,1,
281965802121,1,2,1,1,1,1,1,1,1,1,1,
281966302121,1,2,1,1,1,1,1,1,1,1,1,
281966802121,1,2,1,1,1,1,1,1,1,1,1,
281969302121,1,2,1,1,1,1,1,1,1,1,1,
281970302121,1,2,1,1,1,1,1,1,1,1,1,
281970802121,1,2,1,1,1,1,1,1,1,1,1,
281971302121,1,2,2,1,1,1,1,1,1,1,1,
281971802121,1,2,2,1,1,1,1,1,1,1,1,
281972302121,1,2,1,1,1,1,1,1,1,1,1,
281973302121,1,2,1,1,1,1,1,1,1,1,1,
281973802121,1,2,1,1,1,1,1,1,1,1,1,
281974302121,1,2,1,1,1,1,1,1,1,1,1,
281976302121,1,2,2,1,1,1,1,1,1,1,1,
281976802121,1,2,1,1,1,1,1,1,1,1,1,
281978302121,1,2,1,1,1,1,1,1,1,1,1,
281978802121,1,2,2,1,1,1,1,1,1,1,1,
281979302121,1,2,1,1,1,1,1,1,1,1,1,
281979802121,1,2,1,1,1,1,1,1,1,1,1,
281980802121,1,2,2,1,1,1,1,1,1,1,1,
281982302121,1,2,1,1,1,1,1,1,1,1,1,
281982802121,1,2,1,1,1,1,1,1,1,1,1,
281983302121,1,2,1,1,1,1,1,1,1,1,1,
281984302121,1,2,2,1,1,1,1,1,1,1,1,
281985802121,1,2,2,2,2,2,2,2,2,2,2,
281986802121,1,2,1,1,1,1,1,1,1,1,1,
281988302121,1,2,2,1,1,1,1,1,1,1,1,
281988802121,1,2,1,1,1,1,1,1,1,1,1,
281989802121,1,2,2,1,1,1,1,1,1,1,1,
281990302121,1,2,1,1,1,1,1,1,1,1,1,
281991802121,1,2,1,1,1,1,1,1,1,1,1,
281992302121,1,2,1,1,1,1,1,1,1,1,1,
281992802121,1,2,2,1,1,1,1,1,1,1,1,
281993302121,1,2,1,1,1,1,1,1,1,1,1,
281995302121,1,2,1,1,1,1,1,1,1,1,1,
281997302121,1,2,2,1,1,1,1,1,1,1,1,
281997802121,1,2,1,1,1,1,1,1,1,1,1,
281999302121,1,2,1,1,1,1,1,1,1,1,1,
282000802121,1,2,1,1,1,1,1,1,1,1,1,
282003302121,1,2,1,1,1,1,1,1,1,1,1,
282003802121,1,2,2,1,1,1,1,1,1,1,1,
282004802121,1,2,2,1,1,1,1,1,1,1,1,
282005302121,1,2,1,1,1,1,1,1,1,1,1,
282005802121,1,2,2,1,1,1,1,1,1,1,1,
282006802121,1,2,2,1,1,1,1,1,1,1,1,
282009302121,1,2,1,1,1,1,1,1,1,1,1,
282009802121,1,2,1,1,1,1,1,1,1,1,1,
282010802121,1,2,1,1,1,1,1,1,1,1,1,
282011302121,1,2,2,1,1,1,1,1,1,1,1,
282011802121,1,2,2,1,1,1,1,1,1,1,1,
282012302121,1,2,1,1,1,1,1,1,1,1,1,
282014302121,1,2,1,1,1,1,1,1,1,1,1,
282015302121,1,2,1,1,1,1,1,1,1,1,1,
282017802121,1,2,1,1,1,1,1,1,1,1,1,
282018802121,1,2,1,1,1,1,1,1,1,1,1,
282019302121,1,2,1,1,1,1,1,1,1,1,1,
282021802121,1,2,2,1,1,1,1,1,1,1,1,
282022302121,1,2,1,1,1,1,1,1,1,1,1,
282023302121,1,2,1,1,1,1,1,1,1,1,1,
282025802121,1,2,2,1,1,1,1,1,1,1,1,
282027302121,1,2,1,1,1,1,1,1,1,1,1,
282027802121,1,2,1,1,1,1,1,1,1,1,1,
282028302121,1,2,1,1,1,1,1,1,1,1,1,
282028802121,1,2,2,1,1,1,1,1,1,1,1,
282029302121,1,2,1,1,1,1,1,1,1,1,1,
282029802121,1,2,1,1,1,1,1,1,1,1,1,
282030302121,1,2,1,1,1,1,1,1,1,1,1,
282031802121,1,2,1,1,1,1,1,1,1,1,1,
282032302121,1,2,2,1,1,1,1,1,1,1,1,
282032802121,1,2,1,1,1,1,1,1,1,1,1,
282035302121,1,2,1,1,1,1,1,1,1,1,1,
282035802121,1,2,1,1,1,1,1,1,1,1,1,
282036802121,1,2,2,2,1,1,1,1,1,1,1,
282037802121,1,2,2,2,1,1,1,1,1,1,1,
282038302121,1,2,1,1,1,1,1,1,1,1,1,
282038802121,1,2,2,1,1,1,1,1,1,1,1,
282039302121,1,2,2,2,2,2,2,1,1,1,1,
282041802121,1,2,1,1,1,1,1,1,1,1,1,
282043802121,1,2,1,1,1,1,1,1,1,1,1,
282044302121,1,2,2,1,1,1,1,1,1,1,1,
282044802121,1,2,2,1,1,1,1,1,1,1,1,
282045302121,1,2,1,1,1,1,1,1,1,1,1,
282045802121,1,2,1,1,1,1,1,1,1,1,1,
282046302121,1,2,2,2,2,2,2,2,2,2,2,
282047802121,1,2,2,2,2,2,2,1,1,1,1,
282048802121,1,2,1,1,1,1,1,1,1,1,1,
282049302121,1,2,1,1,1,1,1,1,1,1,1,
282049802121,1,2,1,1,1,1,1,1,1,1,1,
282050302121,1,2,1,1,1,1,1,1,1,1,1,
282051802121,1,2,2,1,1,1,1,1,1,1,1,
282052302121,1,2,1,1,1,1,1,1,1,1,1,
282053302121,1,2,1,1,1,1,1,1,1,1,1,
282055302121,1,2,1,1,1,1,1,1,1,1,1,
282056302121,1,1,1,1,1,1,1,1,1,1,1,
282057302121,1,2,1,1,1,1,1,1,1,1,1,
282058302121,1,2,1,1,1,1,1,1,1,1,1,
282058802121,1,2,2,2,1,1,1,1,1,1,1,
282060302121,1,2,1,1,1,1,1,1,1,1,1,
282062802121,1,2,1,1,1,1,1,1,1,1,1,
282063802121,1,2,1,1,1,1,1,1,1,1,1,
282066302121,1,2,1,1,1,1,1,1,1,1,1,
282066802121,1,2,2,1,1,1,1,1,1,1,1,
282067302121,1,2,1,1,1,1,1,1,1,1,1,
282067802121,1,2,2,2,2,2,2,2,2,2,2,
282069302121,1,2,2,1,1,1,1,1,1,1,1,
282069802121,1,2,1,1,1,1,1,1,1,1,1,
282070302121,1,1,1,1,1,1,1,1,1,1,1,
282072302121,1,2,1,1,1,1,1,1,1,1,1,
282073802121,1,2,1,1,1,1,1,1,1,1,1,
282074302121,1,2,1,1,1,1,1,1,1,1,1,
282074802121,1,2,1,1,1,1,1,1,1,1,1,
282075302121,1,2,1,1,1,1,1,1,1,1,1,
282075802121,1,2,1,1,1,1,1,1,1,1,1,
282076302121,1,2,1,1,1,1,1,1,1,1,1,
282076802121,1,2,1,1,1,1,1,1,1,1,1,
282078302121,1,2,1,1,1,1,1,1,1,1,1,
282079302121,1,2,1,1,1,1,1,1,1,1,1,
282079802121,1,2,1,1,1,1,1,1,1,1,1,
282080302121,1,2,1,1,1,1,1,1,1,1,1,
282080802121,1,2,1,1,1,1,1,1,1,1,1,
282081802121,1,2,1,1,1,1,1,1,1,1,1,
282082802121,1,2,1,1,1,1,1,1,1,1,1,
282083802121,1,2,2,1,1,1,1,1,1,1,1,
282084302121,1,2,1,1,1,1,1,1,1,1,1,
282084802121,1,2,2,2,1,1,1,1,1,1,1,
282087302121,1,2,1,1,1,1,1,1,1,1,1,
282089302121,1,2,1,1,1,1,1,1,1,1,1,
282090802121,1,2,1,1,1,1,1,1,1,1,1,
282092802121,1,2,2,1,1,1,1,1,1,1,1,
282093302121,1,2,2,1,1,1,1,1,1,1,1,
282094302121,1,2,1,1,1,1,1,1,1,1,1,
282095302121,1,2,1,1,1,1,1,1,1,1,1,
282095802121,1,2,1,1,1,1,1,1,1,1,1,
282096302121,1,2,1,1,1,1,1,1,1,1,1,
282098802121,1,2,2,1,1,1,1,1,1,1,1,
282099802121,1,2,1,1,1,1,1,1,1,1,1,
282101302121,1,2,2,1,1,1,1,1,1,1,1,
282103802121,1,2,2,2,2,2,2,2,2,1,1,
282105302121,1,2,1,1,1,1,1,1,1,1,1,
282106802121,1,2,1,1,1,1,1,1,1,1,1,
282108302121,1,2,1,1,1,1,1,1,1,1,1,
282109802121,1,2,1,1,1,1,1,1,1,1,1,
282110302121,1,2,1,1,1,1,1,1,1,1,1,
282110802121,1,2,1,1,1,1,1,1,1,1,1,
282111302121,1,2,1,1,1,1,1,1,1,1,1,
282111802121,1,2,2,1,1,1,1,1,1,1,1,
282112802121,1,2,2,1,1,1,1,1,1,1,1,
282113302121,1,2,1,1,1,1,1,1,1,1,1,
282113802121,1,2,1,1,1,1,1,1,1,1,1,
282114802121,1,2,1,1,1,1,1,1,1,1,1,
282116802121,1,2,2,1,1,1,1,1,1,1,1,
282117802121,1,2,2,2,2,2,1,1,1,1,1,
282120802121,1,2,1,1,1,1,1,1,1,1,1,
282121302121,1,1,1,1,1,1,1,1,1,1,1,
282122302121,1,2,1,1,1,1,1,1,1,1,1,
282123802121,1,2,1,1,1,1,1,1,1,1,1,
282124302121,1,2,1,1,1,1,1,1,1,1,1,
282124802121,1,2,1,1,1,1,1,1,1,1,1,
282125302121,1,2,1,1,1,1,1,1,1,1,1,
282126302121,1,2,2,1,1,1,1,1,1,1,1,
282127302121,1,2,2,2,1,1,1,1,1,1,1,
282127802121,1,2,1,1,1,1,1,1,1,1,1,
282128802121,1,2,1,1,1,1,1,1,1,1,1,
282130302121,1,2,1,1,1,1,1,1,1,1,1,
282130802121,1,2,1,1,1,1,1,1,1,1,1,
282131802121,1,2,1,1,1,1,1,1,1,1,1,
282132302121,1,2,1,1,1,1,1,1,1,1,1,
282132802121,1,2,1,1,1,1,1,1,1,1,1,
282133302121,1,2,1,1,1,1,1,1,1,1,1,
282135302121,1,2,1,1,1,1,1,1,1,1,1,
282135802121,1,2,2,1,1,1,1,1,1,1,1,
282137302121,1,2,1,1,1,1,1,1,1,1,1,
282137802121,1,2,1,1,1,1,1,1,1,1,1,
282138302121,1,2,1,1,1,1,1,1,1,1,1,
282140302121,1,2,1,1,1,1,1,1,1,1,1,
282141302121,1,2,1,1,1,1,1,1,1,1,1,
282145302121,1,2,1,1,1,1,1,1,1,1,1,
282145802121,1,2,1,1,1,1,1,1,1,1,1,
282146802121,1,1,1,1,1,1,1,1,1,1,1,
282147302121,1,2,1,1,1,1,1,1,1,1,1,
282148302121,1,2,1,1,1,1,1,1,1,1,1,
282148802121,1,2,2,1,1,1,1,1,1,1,1,
282149302121,1,2,1,1,1,1,1,1,1,1,1,
282150302121,1,2,1,1,1,1,1,1,1,1,1,
282150802121,1,2,1,1,1,1,1,1,1,1,1,
282152302121,1,2,1,1,1,1,1,1,1,1,1,
282152802121,1,2,2,1,1,1,1,1,1,1,1,
282154302121,1,2,1,1,1,1,1,1,1,1,1,
282154802121,1,2,2,1,1,1,1,1,1,1,1,
282155302121,1,2,1,1,1,1,1,1,1,1,1,
282156302121,1,2,2,2,2,2,2,2,2,1,1,
282157302121,1,2,2,1,1,1,1,1,1,1,1,
282158802121,1,2,2,1,1,1,1,1,1,1,1,
282159802121,1,2,1,1,1,1,1,1,1,1,1,
282161802121,1,2,2,1,1,1,1,1,1,1,1,
282162302121,1,2,1,1,1,1,1,1,1,1,1,
282162802121,1,2,1,1,1,1,1,1,1,1,1,
282163302121,1,2,2,1,1,1,1,1,1,1,1,
282164302121,1,2,1,1,1,1,1,1,1,1,1,
282164802121,1,2,1,1,1,1,1,1,1,1,1,
282165302121,1,2,1,1,1,1,1,1,1,1,1,
282165802121,1,2,2,1,1,1,1,1,1,1,1,
282166302121,1,2,2,1,1,1,1,1,1,1,1,
282166802121,1,2,2,1,1,1,1,1,1,1,1,
282168802121,1,2,1,1,1,1,1,1,1,1,1,
282169802121,1,2,1,1,1,1,1,1,1,1,1,
282171302121,1,2,2,1,1,1,1,1,1,1,1,
282173802121,1,2,1,1,1,1,1,1,1,1,1,
282174302121,1,2,2,2,2,2,2,2,2,1,1,
282174802121,1,2,1,1,1,1,1,1,1,1,1,
282176302121,1,2,1,1,1,1,1,1,1,1,1,
282176802121,1,2,1,1,1,1,1,1,1,1,1,
282177802121,1,2,2,1,1,1,1,1,1,1,1,
282178802121,1,2,1,1,1,1,1,1,1,1,1,
282179302121,1,2,1,1,1,1,1,1,1,1,1,
282179802121,1,2,1,1,1,1,1,1,1,1,1,
282180302121,1,2,1,1,1,1,1,1,1,1,1,
282180802121,1,2,1,1,1,1,1,1,1,1,1,
282181302121,1,2,1,1,1,1,1,1,1,1,1,
282181802121,1,2,2,1,1,1,1,1,1,1,1,
282182302121,1,2,1,1,1,1,1,1,1,1,1,
282182802121,1,1,1,1,1,1,1,1,1,1,1,
282183302121,1,2,2,1,1,1,1,1,1,1,1,
282184302121,1,2,1,1,1,1,1,1,1,1,1,
282184802121,1,2,1,1,1,1,1,1,1,1,1,
282185302121,1,2,1,1,1,1,1,1,1,1,1,
282186302121,1,2,1,1,1,1,1,1,1,1,1,
282186802121,1,2,1,1,1,1,1,1,1,1,1,
282187802121,1,2,2,2,2,2,2,2,2,2,1,
282188302121,1,2,1,1,1,1,1,1,1,1,1,
282188802121,1,2,1,1,1,1,1,1,1,1,1,
282189302121,1,2,1,1,1,1,1,1,1,1,1,
282190302121,1,2,1,1,1,1,1,1,1,1,1,
282190802121,1,2,1,1,1,1,1,1,1,1,1,
282191302121,1,2,1,1,1,1,1,1,1,1,1,
282191802121,1,2,1,1,1,1,1,1,1,1,1,
282194302121,1,2,2,1,1,1,1,1,1,1,1,
282194802121,1,2,1,1,1,1,1,1,1,1,1,
282196802121,1,1,1,1,1,1,1,1,1,1,1,
282199302121,1,2,1,1,1,1,1,1,1,1,1,
282202802121,1,2,1,1,1,1,1,1,1,1,1,
282203302121,1,2,1,1,1,1,1,1,1,1,1,
282204802121,1,2,2,2,1,1,1,1,1,1,1,
282205302121,1,2,2,1,1,1,1,1,1,1,1,
282205802121,1,2,2,1,1,1,1,1,1,1,1,
282207302121,1,2,2,1,1,1,1,1,1,1,1,
282207802121,1,2,1,1,1,1,1,1,1,1,1,
282208802121,1,2,1,1,1,1,1,1,1,1,1,
282209802121,1,2,1,1,1,1,1,1,1,1,1,
282210302121,1,2,2,2,2,2,1,1,1,1,1,
282210802121,1,2,1,1,1,1,1,1,1,1,1,
282211302121,1,2,2,1,1,1,1,1,1,1,1,
282212802121,1,2,2,1,1,1,1,1,1,1,1,
282213802121,1,2,1,1,1,1,1,1,1,1,1,
282214302121,1,2,1,1,1,1,1,1,1,1,1,
282215302121,1,2,2,1,1,1,1,1,1,1,1,
282216302121,1,2,1,1,1,1,1,1,1,1,1,
282216802121,1,2,1,1,1,1,1,1,1,1,1,
282217302121,1,2,1,1,1,1,1,1,1,1,1,
282220302121,1,2,2,1,1,1,1,1,1,1,1,
282221302121,1,2,1,1,1,1,1,1,1,1,1,
282222802121,1,2,2,2,1,1,1,1,1,1,1,
282223802121,1,2,2,1,1,1,1,1,1,1,1,
282224802121,1,2,2,2,1,1,1,1,1,1,1,
282226302121,1,2,2,1,1,1,1,1,1,1,1,
282226802121,1,2,2,2,2,1,1,1,1,1,1,
282227302121,1,2,1,1,1,1,1,1,1,1,1,
282229802121,1,2,2,1,1,1,1,1,1,1,1,
282230302121,1,2,1,1,1,1,1,1,1,1,1,
282231802121,1,2,2,1,1,1,1,1,1,1,1,
282232302121,1,2,1,1,1,1,1,1,1,1,1,
282232802121,1,2,2,2,2,1,1,1,1,1,1,
282234302121,1,2,2,1,1,1,1,1,1,1,1,
282234802121,1,2,1,1,1,1,1,1,1,1,1,
282235302121,1,2,1,1,1,1,1,1,1,1,1,
282236302121,1,2,1,1,1,1,1,1,1,1,1,
282239302121,1,2,2,1,1,1,1,1,1,1,1,
282239802121,1,2,1,1,1,1,1,1,1,1,1,
282240802121,1,2,2,1,1,1,1,1,1,1,1,
282241302121,1,2,1,1,1,1,1,1,1,1,1,
282242802121,1,2,2,2,1,1,1,1,1,1,1,
282243802121,1,2,1,1,1,1,1,1,1,1,1,
282245302121,1,2,2,2,1,1,1,1,1,1,1,
282245802121,1,2,2,1,1,1,1,1,1,1,1,
282246302121,1,2,2,1,1,1,1,1,1,1,1,
282248802121,1,2,2,1,1,1,1,1,1,1,1,
282249802121,1,2,1,1,1,1,1,1,1,1,1,
282250302121,1,2,1,1,1,1,1,1,1,1,1,
282251302121,1,2,1,1,1,1,1,1,1,1,1,
282254302121,1,2,2,1,1,1,1,1,1,1,1,
282254802121,1,2,1,1,1,1,1,1,1,1,1,
282255802121,1,2,1,1,1,1,1,1,1,1,1,
282257302121,1,1,1,1,1,1,1,1,1,1,1,
282259302121,1,2,1,1,1,1,1,1,1,1,1,
282259802121,1,2,2,1,1,1,1,1,1,1,1,
282261302121,1,2,1,1,1,1,1,1,1,1,1,
282262302121,1,2,1,1,1,1,1,1,1,1,1,
282262802121,1,2,1,1,1,1,1,1,1,1,1,
282263802121,1,2,2,1,1,1,1,1,1,1,1,
282265802121,1,2,2,1,1,1,1,1,1,1,1,
282266302121,1,2,1,1,1,1,1,1,1,1,1,
282267802121,1,2,2,2,2,2,2,2,2,2,2,
282268302121,1,2,1,1,1,1,1,1,1,1,1,
282269302121,1,2,1,1,1,1,1,1,1,1,1,
282270802121,1,2,1,1,1,1,1,1,1,1,1,
282271802121,1,2,2,2,2,2,2,1,1,1,1,
282273802121,1,2,1,1,1,1,1,1,1,1,1,
282274302121,1,2,1,1,1,1,1,1,1,1,1,
282274802121,1,2,2,1,1,1,1,1,1,1,1,
282275802121,1,2,1,1,1,1,1,1,1,1,1,
282278302121,1,2,1,1,1,1,1,1,1,1,1,
282284302121,1,2,1,1,1,1,1,1,1,1,1,
282284802121,1,2,1,1,1,1,1,1,1,1,1,
282285802121,1,2,1,1,1,1,1,1,1,1,1,
282286302121,1,2,1,1,1,1,1,1,1,1,1,
282289302121,1,2,1,1,1,1,1,1,1,1,1,
282290802121,1,2,1,1,1,1,1,1,1,1,1,
282291302121,1,2,2,2,2,2,2,2,2,2,2,
282291802121,1,2,2,2,2,2,2,2,2,2,2,
282292302121,1,2,2,1,1,1,1,1,1,1,1,
282292802121,1,2,1,1,1,1,1,1,1,1,1,
282293302121,1,2,1,1,1,1,1,1,1,1,1,
282295802121,1,2,1,1,1,1,1,1,1,1,1,
282297802121,1,2,2,2,2,2,2,2,2,2,2,
282298302121,1,2,1,1,1,1,1,1,1,1,1,
282299302121,1,2,1,1,1,1,1,1,1,1,1,
282299802121,1,2,1,1,1,1,1,1,1,1,1,
282300302121,1,2,1,1,1,1,1,1,1,1,1,
282300802121,1,1,1,1,1,1,1,1,1,1,1,
282301302121,1,2,1,1,1,1,1,1,1,1,1,
282302302121,1,2,2,1,1,1,1,1,1,1,1,
282302802121,1,2,1,1,1,1,1,1,1,1,1,
282303302121,1,2,1,1,1,1,1,1,1,1,1,
282304302121,1,2,1,1,1,1,1,1,1,1,1,
282304802121,1,2,1,1,1,1,1,1,1,1,1,
282305302121,1,2,2,2,1,1,1,1,1,1,1,
282307302121,1,2,1,1,1,1,1,1,1,1,1,
282308802121,1,2,1,1,1,1,1,1,1,1,1,
282309302121,1,2,1,1,1,1,1,1,1,1,1,
282310302121,1,2,2,2,1,1,1,1,1,1,1,
282310802121,1,2,2,1,1,1,1,1,1,1,1,
282312302121,1,2,1,1,1,1,1,1,1,1,1,
282313302121,1,2,2,1,1,1,1,1,1,1,1,
282314802121,1,2,1,1,1,1,1,1,1,1,1,
282315802121,1,2,1,1,1,1,1,1,1,1,1,
282316302121,1,2,1,1,1,1,1,1,1,1,1,
282316802121,1,2,2,2,2,2,2,2,2,2,2,
282319302121,1,2,1,1,1,1,1,1,1,1,1,
282319802121,1,2,1,1,1,1,1,1,1,1,1,
282320802121,1,2,1,1,1,1,1,1,1,1,1,
282321302121,1,2,2,2,2,2,2,2,2,2,2,
282322802121,1,2,1,1,1,1,1,1,1,1,1,
282323802121,1,2,1,1,1,1,1,1,1,1,1,
282325802121,1,2,1,1,1,1,1,1,1,1,1,
282329302121,1,2,1,1,1,1,1,1,1,1,1,
282331802121,1,2,1,1,1,1,1,1,1,1,1,
282332302121,1,2,1,1,1,1,1,1,1,1,1,
282332802121,1,2,2,2,2,1,1,1,1,1,1,
282333802121,1,2,1,1,1,1,1,1,1,1,1,
282334802121,1,2,1,1,1,1,1,1,1,1,1,
282335802121,1,2,2,2,2,1,1,1,1,1,1,
282336302121,1,2,1,1,1,1,1,1,1,1,1,
282336802121,1,2,1,1,1,1,1,1,1,1,1,
282337802121,1,1,1,1,1,1,1,1,1,1,1,
282338302121,1,2,1,1,1,1,1,1,1,1,1,
282338802121,1,2,1,1,1,1,1,1,1,1,1,
282339302121,1,2,2,1,1,1,1,1,1,1,1,
282340302121,1,2,1,1,1,1,1,1,1,1,1,
282342302121,1,2,1,1,1,1,1,1,1,1,1,
282343302121,1,2,1,1,1,1,1,1,1,1,1,
282346302121,1,2,2,1,1,1,1,1,1,1,1,
282347802121,1,1,1,1,1,1,1,1,1,1,1,
282348302121,1,2,1,1,1,1,1,1,1,1,1,
282349302121,1,2,1,1,1,1,1,1,1,1,1,
282350302121,1,2,1,1,1,1,1,1,1,1,1,
282350802121,1,2,1,1,1,1,1,1,1,1,1,
282351302121,1,2,2,2,2,2,2,2,2,2,2,
282351802121,1,2,2,1,1,1,1,1,1,1,1,
282352302121,1,2,1,1,1,1,1,1,1,1,1,
282352802121,1,2,1,1,1,1,1,1,1,1,1,
282353302121,1,2,2,1,1,1,1,1,1,1,1,
282353802121,1,2,1,1,1,1,1,1,1,1,1,
282355302121,1,2,2,1,1,1,1,1,1,1,1,
282357302121,1,2,2,1,1,1,1,1,1,1,1,
282358302121,1,2,1,1,1,1,1,1,1,1,1,
282358802121,1,2,1,1,1,1,1,1,1,1,1,
282360302121,1,2,2,2,2,2,1,1,1,1,1,
282363302121,1,2,1,1,1,1,1,1,1,1,1,
282366802121,1,2,2,1,1,1,1,1,1,1,1,
282367302121,1,2,1,1,1,1,1,1,1,1,1,
282367802121,1,2,1,1,1,1,1,1,1,1,1,
282368302121,1,2,2,1,1,1,1,1,1,1,1,
282368802121,1,2,2,1,1,1,1,1,1,1,1,
282369802121,1,2,1,1,1,1,1,1,1,1,1,
282371802121,1,2,1,1,1,1,1,1,1,1,1,
282372302121,1,2,1,1,1,1,1,1,1,1,1,
282373802121,1,2,1,1,1,1,1,1,1,1,1,
282374302121,1,2,2,1,1,1,1,1,1,1,1,
282374802121,1,2,1,1,1,1,1,1,1,1,1,
282375302121,1,2,1,1,1,1,1,1,1,1,1,
282376302121,1,2,1,1,1,1,1,1,1,1,1,
282376802121,1,2,2,1,1,1,1,1,1,1,1,
282377302121,1,2,1,1,1,1,1,1,1,1,1,
282378302121,1,2,1,1,1,1,1,1,1,1,1,
282380302121,1,2,1,1,1,1,1,1,1,1,1,
282381802121,1,2,2,1,1,1,1,1,1,1,1,
282382302121,1,2,1,1,1,1,1,1,1,1,1,
282383302121,1,2,1,1,1,1,1,1,1,1,1,
282383802121,1,2,2,2,2,2,1,1,1,1,1,
282384802121,1,2,1,1,1,1,1,1,1,1,1,
282385802121,1,2,1,1,1,1,1,1,1,1,1,
282386802121,1,2,2,1,1,1,1,1,1,1,1,
282387302121,1,2,1,1,1,1,1,1,1,1,1,
282388302121,1,2,1,1,1,1,1,1,1,1,1,
282388802121,1,2,2,1,1,1,1,1,1,1,1,
282389302121,1,2,1,1,1,1,1,1,1,1,1,
282390302121,1,1,1,1,1,1,1,1,1,1,1,
282391302121,1,1,1,1,1,1,1,1,1,1,1,
282392802121,1,2,1,1,1,1,1,1,1,1,1,
282393302121,1,2,2,2,2,1,1,1,1,1,1,
282393802121,1,2,1,1,1,1,1,1,1,1,1,
282394302121,1,2,1,1,1,1,1,1,1,1,1,
282394802121,1,2,1,1,1,1,1,1,1,1,1,
282395302121,1,2,1,1,1,1,1,1,1,1,1,
282395802121,1,2,2,2,2,1,1,1,1,1,1,
282396302121,1,2,1,1,1,1,1,1,1,1,1,
282396802121,1,1,1,1,1,1,1,1,1,1,1,
282397302121,1,2,2,2,1,1,1,1,1,1,1,
282398302121,1,2,1,1,1,1,1,1,1,1,1,
282400302121,1,2,2,2,1,1,1,1,1,1,1,
282402802121,1,2,2,2,2,1,1,1,1,1,1,
282403302121,1,2,2,1,1,1,1,1,1,1,1,
282403802121,1,2,2,2,1,1,1,1,1,1,1,
282404802121,1,2,2,1,1,1,1,1,1,1,1,
282405302121,1,2,1,1,1,1,1,1,1,1,1,
282406802121,1,2,2,1,1,1,1,1,1,1,1,
282407302121,1,2,1,1,1,1,1,1,1,1,1,
282407802121,1,2,1,1,1,1,1,1,1,1,1,
282408802121,1,2,1,1,1,1,1,1,1,1,1,
282409302121,1,2,1,1,1,1,1,1,1,1,1,
282411802121,1,2,1,1,1,1,1,1,1,1,1,
282413302121,1,2,1,1,1,1,1,1,1,1,1,
282414302121,1,2,2,1,1,1,1,1,1,1,1,
282414802121,1,2,1,1,1,1,1,1,1,1,1,

