,W-0,R-0,R-1,R-2,R-3,R-4,R-5,R-6,R-7,R-8,R-9,
281945802121,5369,38960,46154,7677,10325,14195,20931,22033,24811,30139,30756,
281946302121,8514,38877,8697,9826,17067,18048,19051,22409,24519,26925,29770,
281947302121,11176,39606,43002,10919,11029,14008,18502,20101,22982,30207,30428,
281948302121,7613,33393,38291,16550,17511,18525,20229,21994,25480,28281,29102,
281949302121,13228,38177,13948,14339,17317,17417,17648,32839,32778,32249,32553,
281952802121,5098,35088,7388,9631,11049,13676,16572,19910,23637,25464,34670,
281953302121,4331,33686,4560,7418,10820,15100,16296,19822,23102,27033,32690,
281954302121,6134,42106,42590,7754,12493,13254,20152,25808,26776,27615,38473,
281958302121,8137,39734,7171,10788,14492,19251,20173,21617,25349,26529,39207,
281960802121,3814,33535,4797,8335,10322,14843,17470,22998,23767,28413,28577,
281961802121,4597,35320,8257,16646,18177,19602,19402,20615,24416,26142,29166,
281963302121,4229,41202,4683,8034,10278,14472,21572,21917,24388,26778,40059,
281963802121,4250,34759,6285,8703,20370,20447,20980,21967,22607,27920,30690,
281964302121,7505,40615,10231,10416,11134,15558,18790,21843,22693,25703,28520,
281967302121,11016,40481,11741,13006,13246,16712,24605,25139,25534,25771,39566,
281967802121,5821,36035,6843,13119,13629,14319,18805,22451,24662,25107,30276,
281968302121,4679,45931,5015,10340,10723,13448,16556,19422,22200,27084,28365,
281968802121,5839,35781,6794,14553,16046,21023,21817,24359,24609,34249,35006,
281969802121,4190,33661,6937,7874,10249,13382,15944,21007,22195,26407,30223,
281972802121,4869,35845,7255,8293,11761,15694,16604,19617,28277,29325,30122,
281974802121,3559,35184,12689,12984,13955,14505,22805,23132,24995,25551,33286,
281975302121,10654,42424,42548,10859,11949,13590,17449,28812,39293,29621,39074,
281975802121,14286,32834,46505,15524,15972,16666,17534,21705,22377,27966,28582,
281977302121,4059,33785,6631,11379,13219,19108,19213,20021,23089,25659,33534,
281977802121,4352,49999,4609,9714,10855,15537,18736,19185,26152,26995,30994,
281980302121,5205,36149,37661,7385,12782,13556,17026,20580,22114,25297,30396,
281981302121,3911,35362,5331,8098,10327,13460,17084,19627,22401,25451,28972,
281981802121,6598,37302,40613,7356,10390,13877,16275,23280,27481,29597,29657,
281983802121,4312,38372,4264,8826,16124,16478,17121,20461,23478,25614,30986,
281984802121,13396,34015,14112,14607,14699,15491,19266,20408,22263,27433,31993,
281985302121,5652,36283,6507,7333,10101,16529,16828,19336,23835,26098,29651,
281986302121,7742,41380,41422,8945,13105,16503,25093,25640,25861,26510,29567,
281987302121,3604,35995,6612,7401,10219,15744,16011,21379,22184,25554,35491,
281987802121,16029,40291,55134,56058,16039,21067,21367,21735,22346,27630,28854,
281989302121,8624,35052,9105,9559,11336,14094,21996,22319,24652,25858,30416,
281990802121,4135,32972,5820,7136,10277,14321,16874,19328,22176,25206,28253,
281991302121,5160,43803,5371,13430,14755,14625,16478,21352,22935,30644,31929,
281993802121,3736,35762,5047,8764,10292,14763,17014,21107,22189,34306,35446,
281994302121,7038,34139,40441,7830,11382,15930,17867,27815,28490,28677,29088,
281994802121,3866,37281,4822,7213,12545,22125,25374,26189,26101,25998,33712,
281995802121,4045,33828,4642,9974,10635,13421,17712,22833,23116,32353,33461,
281996302121,12995,34211,17053,18705,17753,18412,19738,21700,25710,27068,28421,
281996802121,9687,34146,10862,10787,11742,18019,18358,24693,30021,29416,30220,
281998302121,3734,34099,6845,7703,10833,22318,24922,25204,25927,28826,29548,
281998802121,5663,33564,36031,11876,12781,15811,16609,21469,22954,25698,28849,
281999802121,3724,34476,6756,11181,12243,14457,16403,28354,28357,29501,30038,
282000302121,4210,45920,6710,8999,10125,13513,16314,19046,28604,29992,30510,
282001302121,7640,38954,46506,7940,10104,13965,17613,21789,22119,29377,30032,
282001802121,12105,35983,44428,13355,17063,17372,28113,30063,29506,29635,29851,
282002302121,16366,32393,16305,17556,17856,18174,19198,20102,22205,25114,30969,
282002802121,6745,34824,6937,7213,11687,18474,19246,20732,27855,28037,29792,
282004302121,5143,34440,5114,8990,16827,17197,18839,22149,23054,28013,29048,
282006302121,6841,36797,39124,7962,18369,18863,19580,22125,24565,27766,30164,
282007302121,4604,34406,5091,7866,13145,16083,19407,33533,29378,29836,30261,
282007802121,3869,41280,8954,10771,11199,15906,16317,20282,23459,26646,30204,
282008302121,4636,34685,14940,17305,18422,18770,19399,26338,26771,28112,30780,
282008802121,23613,68333,69086,24339,28343,26554,26385,28301,29714,30803,32171,
282010302121,5744,41431,11701,13120,13570,19819,21160,22444,26385,33232,40329,
282012802121,5389,35377,5640,8293,10974,17687,21011,22232,22509,29675,29911,
282013302121,5462,39806,5657,10249,11559,13250,19071,19327,23394,25239,38127,
282013802121,5586,37436,5856,9653,14822,15491,19004,19434,22212,25059,34044,
282014802121,8815,47171,10316,10654,13443,14370,17169,19802,22530,25194,45025,
282015802121,8477,35390,40434,10810,10664,14374,20490,22272,23354,28185,30093,
282016302121,10379,44878,10846,10847,11493,13680,16479,22145,24690,27734,30191,
282016802121,10531,40033,40827,10739,15119,15847,26022,27579,27959,28132,29412,
282017302121,6867,37482,38164,8561,14259,14609,17028,21679,22982,26924,29382,
282018302121,9620,33383,10677,12857,11813,15624,19266,20224,22300,25252,28024,
282019802121,3426,38266,5995,7755,17720,22361,24799,25323,25448,26636,36626,
282020302121,10626,34089,11197,12066,11596,13472,16745,20750,22047,25878,32649,
282020802121,72526,96586,96668,97101,72282,72174,76365,74579,72961,73060,73175,
282021302121,6583,34858,36928,14433,14987,17169,17163,19912,22201,34717,30561,
282022802121,5021,33116,4955,8352,11385,15631,18575,24743,25218,26213,30582,
282023802121,4148,38723,5950,8555,10599,13735,17487,22747,23011,26160,28577,
282024302121,6649,36068,6553,11010,12987,14166,25578,26205,26951,26700,28988,
282024802121,6805,44203,6678,7606,12969,15656,16683,21631,22234,25341,29162,
282025302121,4828,35852,7271,12164,12579,14695,20079,21341,24695,25253,35013,
282026302121,5536,40418,8359,9267,11741,22047,22914,23687,24024,29519,38655,
282026802121,6514,35806,6974,17467,22289,22248,22679,23340,27808,26516,30152,
282030802121,4119,39044,5715,7952,12122,13871,30351,31549,31485,31771,31963,
282031302121,7240,33186,7466,8396,19821,22997,22014,20635,24366,27360,30183,
282033302121,7548,37629,10788,11286,11629,23077,23743,23843,29485,29672,35001,
282033802121,3795,37782,4502,15502,16649,18845,18106,21109,22736,28583,33722,
282034302121,8310,41556,42194,10185,12779,25104,26149,26806,27847,28083,28986,
282034802121,4574,45982,45189,7262,22247,23648,23923,24647,25725,27575,30172,
282036302121,10777,37792,41228,42458,12533,13266,16323,21422,25290,25667,35758,
282037302121,4274,38321,6215,13017,14246,15486,21577,21921,26551,28002,36995,
282039802121,6579,39387,39758,7848,12786,13759,18539,19340,25173,25323,28569,
282040302121,6970,35109,36212,8299,10909,19654,21065,22917,23501,26390,28220,
282040802121,4934,45292,4803,8942,13519,15495,23482,24678,25094,26243,29135,
282041302121,36546,58911,59992,60174,61621,62115,62581,66008,66254,69707,37293,
282042302121,4573,33225,5668,8745,13695,13844,18953,20148,23502,32635,32825,
282042802121,4583,36620,6772,7327,18915,19664,20011,20365,27860,28242,28729,
282043302121,7344,38351,38497,9324,10374,13427,17868,21706,23094,29632,30020,
282046802121,7342,45321,7849,19551,22209,21756,22065,21864,23591,27235,30161,
282047302121,6730,35206,39293,7285,10778,13533,17693,19110,22334,25621,28232,
282048302121,7462,46839,8441,8204,14003,15418,17385,26453,27000,27353,45439,
282050802121,120548,146541,146669,147395,146845,146969,147321,147996,148263,148335,148462,
282051302121,7151,37535,7432,9455,12608,13223,16669,19529,28754,29926,30966,
282052802121,6051,35192,37087,9480,15792,17619,16840,20246,22519,25400,36001,
282053802121,4232,32982,5006,7257,10713,14070,19143,21432,23203,28945,29322,
282054302121,4413,33479,4861,7245,11556,25598,25768,26689,26975,28491,29309,
282054802121,3770,33433,4596,8379,10569,15065,16266,24156,23263,27673,29291,
282055802121,7367,35424,38632,9515,10763,15031,21955,22363,22967,27873,28154,
282056802121,7101,32762,37594,7481,10225,16635,17137,19597,23535,25788,28381,
282057802121,4441,36986,5581,12637,12929,13488,16084,18982,29966,31126,31452,
282059302121,3990,37293,5511,8229,24937,17985,18786,25847,26314,33494,33706,
282059802121,3836,44296,5617,16392,15513,16012,17360,29746,30155,32330,30345,
282060802121,5677,35655,6093,8181,19784,21326,20692,20558,22546,32948,31683,
282061302121,11728,43723,44695,11862,17220,17494,19054,31768,32261,38233,32261,
282061802121,4071,34086,4616,10064,11077,15745,23275,25462,25251,25458,33637,
282062302121,5322,35243,6837,8465,10406,15466,16687,20973,22056,25485,29596,
282063302121,3648,33684,4436,10506,12063,15692,18353,22076,25149,26057,30322,
282064302121,4230,32652,4527,8427,12403,14476,26579,27556,27210,27602,30473,
282064802121,3156,32803,4221,7159,19102,20920,20391,21562,26493,28318,28508,
282065302121,4429,35686,5368,8532,10113,14612,27850,28462,28656,29488,30611,
282065802121,4649,32674,4928,7129,10489,14128,19088,19665,22932,28410,28647,
282068302121,4642,32756,5063,9354,10251,13512,18524,19871,24524,25556,31449,
282068802121,6603,37994,7797,8106,14712,15747,20022,20144,22230,28484,38675,
282070802121,6636,35425,6767,7564,10592,15101,19210,20108,25691,25959,31416,
282071302121,5290,34155,7364,8142,13126,13472,18735,19208,24357,26228,33027,
282071802121,5761,36470,37363,8401,12696,13295,17968,19124,33243,34038,35219,
282072802121,3862,34311,7000,10333,10608,14588,17971,22178,22606,26354,28567,
282073302121,4003,37679,5033,20387,21980,23237,23868,25084,25273,30119,33420,
282077302121,9979,33860,11267,11568,11449,14773,16740,19772,23281,26505,28704,
282077802121,3549,33700,6748,7943,10538,13204,16473,19326,25154,25507,28405,
282078802121,5028,32933,37082,9719,11993,15723,16392,19040,22426,27457,30431,
282081302121,151708,202758,202973,203135,202981,203133,203327,149421,149336,150231,150575,
282082302121,9383,42267,41189,41561,12819,14851,16411,21374,23110,25393,29855,
282083302121,3784,36287,4229,9807,11062,14165,16350,19232,23944,27779,28946,
282085302121,9984,38978,10592,13429,14352,14809,21284,21663,24577,25780,29119,
282085802121,140082,140080,140407,141317,141570,141752,142769,142945,143261,144011,144138,
282086302121,6458,42604,6716,8377,12691,17991,18703,20382,22205,27912,29478,
282086802121,6668,45273,45444,8216,11984,13381,16765,23026,22923,26114,31336,
282087802121,11660,37091,42347,12722,15945,16217,17272,22100,23250,26769,28496,
282088302121,11362,36975,11539,13967,14220,15069,18705,19847,23410,36574,36638,
282088802121,3766,45393,12387,14010,13186,14848,17396,20636,23152,28814,29254,
282089802121,4781,37192,7159,7684,10638,15521,19071,19395,26177,26866,28440,
282090302121,4128,48525,4488,8687,11726,18479,22315,24028,26041,26618,31433,
282091302121,6842,38166,7063,10119,12372,13420,18966,20181,22388,26327,29288,
282091802121,9618,10238,10832,11240,13551,14284,17843,20991,24087,25335,29473,
282092302121,4515,33219,5654,8336,10373,14149,17456,27445,27459,27799,30939,
282093802121,3719,32707,11763,13703,13566,14197,17054,20050,22178,26364,28251,
282094802121,8728,33004,10003,10552,11778,14588,18280,19732,22629,27065,29924,
282096802121,4494,37003,7271,8445,16351,16925,18026,20028,23447,25570,30102,
282097302121,4295,32943,4624,7229,11074,13220,18802,25973,26787,27401,30791,
282097802121,4982,41791,5166,8442,10058,13314,16204,20309,30476,31802,32030,
282098302121,4080,33505,5799,8711,10319,13715,21952,21705,22698,26270,29667,
282099302121,3845,4400,4681,10549,10839,14385,16178,23202,24372,26046,28240,
282100302121,10801,40064,13453,13927,14312,15080,19172,20377,22380,27774,28800,
282100802121,10442,34714,10917,12587,12835,14706,17456,30395,30798,31467,34184,
282101802121,5508,37163,7565,10415,14602,15767,19209,20180,23233,25261,28184,
282102302121,5208,36088,5447,10981,12218,15652,16705,21808,23128,28346,29430,
282102802121,7252,38115,40552,9410,12423,13926,16153,20686,23955,25760,30598,
282103302121,3669,36818,4302,7675,10449,14110,16109,19226,24870,26584,28720,
282104302121,3686,33565,9490,10063,10589,13856,16129,19044,22335,25838,28506,
282104802121,4157,34269,5583,7127,11933,15649,20866,24704,25194,28103,29067,
282105802121,7517,35876,7814,8251,10191,13577,17796,19453,22100,33159,33573,
282106302121,8504,40312,8920,10222,10297,14586,17446,19162,22313,35264,35498,
282107302121,7127,33056,7293,9059,10746,21641,21813,22751,24032,26084,28586,
282107802121,4180,35088,12602,14165,16436,16207,20460,21635,25256,26275,28206,
282108802121,6394,35686,44013,11426,12023,18687,18878,19406,23327,25712,28344,
282109302121,9973,44854,10708,11481,12409,18545,19810,22102,30117,31090,32209,
282112302121,4448,36065,26264,29791,29381,26555,31313,28448,30750,29569,30526,
282114302121,9597,37622,39536,10213,10679,13761,17794,19865,22313,26273,28461,
282115302121,5602,44284,9741,11618,13812,17531,19279,30322,30383,31072,31727,
282115802121,4001,33913,6533,9945,10870,14443,18589,19436,23083,25026,30439,
282116302121,5981,35188,8622,9669,12270,14739,17018,21633,24348,26913,33229,
282117302121,4236,41282,8330,12344,13601,14499,22389,23125,34222,39435,41247,
282118302121,3851,33200,5352,13336,13869,14858,18484,19754,22825,25035,29235,
282118802121,6924,34245,37368,8366,10948,13822,16459,19087,22282,26088,30001,
282119302121,4333,35430,6045,11808,14471,15650,16681,28232,28330,29200,29787,
282119802121,3744,32692,5222,12030,16101,16761,17068,20544,24862,25273,30001,
282120302121,7488,37304,7392,8251,10777,15873,16396,26539,27726,28971,32570,
282121802121,5410,35566,6557,8123,13270,13951,16489,19874,23128,25261,28409,
282122802121,5165,36024,6801,7954,12580,20143,29929,30165,30439,32197,32435,
282123302121,4195,33541,4707,8596,10644,14509,22842,23531,24354,30727,31967,
282125802121,8847,46642,9412,9728,11176,15022,25252,25305,29656,33395,34269,
282126802121,4129,34996,5592,15688,16114,16265,17129,19437,22467,25174,28874,
282128302121,4839,38589,5120,11609,12830,15581,16626,19682,25060,26643,29151,
282129302121,3958,34477,6057,12980,14538,14242,16284,21874,22824,25331,30140,
282129802121,6857,34453,38958,10250,12838,15712,17542,19786,22167,25428,30063,
282131302121,4215,34603,36293,10014,12868,13248,19074,25326,25932,25983,28392,
282133802121,10293,34766,11008,11512,11693,15941,26595,28491,29426,28933,30467,
282134302121,5285,33287,5434,7176,22227,23328,23841,24053,24757,27554,29753,
282134802121,8633,36236,10081,12000,13257,16168,18467,20089,23600,32672,31437,
282136302121,7238,34918,8390,8563,16574,17466,19158,20016,23399,26868,32214,
282136802121,10959,10601,16539,17287,19935,20285,21080,27100,27812,33460,34162,
282138802121,4386,35740,6921,7201,13953,15396,16343,19669,22169,25200,30388,
282139302121,5194,40581,5279,10560,11348,13634,21815,23320,23068,25259,30804,
282139802121,3913,35357,4809,9717,10851,21498,23107,21793,25967,28341,31875,
282140802121,6684,44208,9715,10786,11799,14439,20190,20558,26605,26980,31734,
282141802121,4656,34913,36692,7773,12386,13793,21871,19858,23175,28127,31761,
282142302121,6767,36532,7241,9038,11500,15615,17236,23328,23819,27028,28667,
282142802121,12002,34006,44367,14556,15448,15817,18855,20262,22820,25929,30331,
282143302121,3912,35133,5179,8619,11577,13566,20715,21251,31530,32119,32766,
282143802121,4488,35222,5693,9273,11513,13790,16488,22014,23033,30986,33673,
282144302121,6215,34576,6367,8974,10162,14103,19000,22206,22471,26484,29725,
282144802121,7025,35248,7112,7730,12658,15467,16148,21065,25772,32000,33160,
282146302121,4300,34962,4425,16679,17428,18049,18710,19782,25407,27864,29977,
282147802121,6677,43876,7437,7694,12838,19777,20608,21453,27150,29223,31103,
282149802121,9831,34697,10001,11160,11581,16913,17079,26442,28232,27863,29335,
282151302121,16639,54581,16820,17418,17745,18762,19350,24130,25259,27841,29186,
282151802121,4977,34116,40059,7437,14361,14692,16924,26311,27464,27760,30077,
282153302121,5772,35857,6833,8993,11797,26419,26067,25291,25430,26221,30652,
282153802121,3981,32985,5457,8264,10654,14050,19156,20149,24920,25443,29151,
282155802121,3949,48194,4294,9812,10334,13306,19807,21761,24014,25249,29988,
282156802121,13317,36454,13605,15600,15844,16074,20035,22207,26569,30215,30984,
282157802121,5641,35330,38148,11594,13924,14171,18012,19101,22158,25635,30606,
282158302121,5175,34076,5371,16061,16349,17199,17525,22496,24409,27077,33556,
282159302121,7013,37421,7593,8381,13068,14843,16629,20548,22824,26807,28298,
282160302121,7056,36155,6994,9714,13353,13983,16672,19553,27490,28152,29009,
282160802121,7371,38250,8734,8516,10676,13400,19164,19576,22402,25396,28094,
282161302121,6757,35641,39105,8358,10209,14656,25043,29983,29233,29790,30770,
282163802121,8955,39937,17238,17608,17995,18738,18494,20375,25592,25753,32079,
282167302121,4742,35001,4993,7215,11955,15750,16252,21114,22347,26401,28657,
282167802121,6124,33349,6434,13801,13780,15945,17558,19129,24762,25595,28153,
282168302121,11715,32668,12501,13603,13664,14377,17137,25146,26075,26853,30761,
282169302121,4120,46125,5525,7455,10471,15399,17055,21781,23453,28980,41927,
282170302121,4004,35059,5312,7677,13246,14058,18353,19066,24079,26207,29251,
282170802121,5325,36297,4393,10372,13871,18385,18979,38656,33144,33558,33684,
282171802121,8459,36333,38631,9325,13319,13992,16972,19245,22272,26907,30834,
282172302121,3638,33999,6813,18706,19563,22288,22090,21563,24990,28585,30243,
282172802121,9072,34417,36134,41771,11649,14939,16932,19234,25024,28222,28810,
282173302121,4603,36047,4914,8024,20165,22143,22584,24086,23115,26096,30735,
282175302121,10780,44047,45195,12621,12922,15825,19682,19934,25012,26624,28367,
282175802121,6993,40796,41134,10433,10599,13954,16927,21347,22779,26457,28304,
282177302121,6858,39272,40478,8523,17410,17848,18982,20119,24809,25224,39732,
282178302121,6844,36429,36628,10598,11054,13372,19213,20397,23861,25922,28419,
282183802121,8394,34672,9403,9784,10403,14401,16916,20350,24685,26522,29276,
282185802121,7771,41434,40072,8405,12614,14919,16363,24548,25180,25553,38104,
282187302121,7177,38456,40128,7827,10372,14015,16331,21619,22830,28338,28686,
282189802121,11831,33718,46077,12752,12557,13487,18042,20385,24116,26665,28221,
282192302121,5577,42084,10381,11242,12364,12915,16355,21957,24185,28018,28309,
282192802121,10002,36229,37255,11311,11456,14405,16489,20287,24855,25442,28173,
282193302121,7442,38422,7825,8296,12438,19800,22456,22601,25079,25414,30855,
282193802121,4209,33136,4315,7125,19653,18984,19670,19999,23978,30342,30441,
282195302121,6626,34186,10932,11455,11617,14933,16368,22001,24659,26743,28397,
282195802121,13733,34243,15575,15708,16139,16536,18663,20941,22544,28481,29733,
282196302121,5859,34339,7934,8849,12782,24583,26796,27816,28135,28640,29590,
282197302121,4936,37688,7063,7288,18972,21708,21664,22781,24648,28003,34203,
282197802121,6851,49306,7688,11741,13067,16625,17373,19583,22321,30244,30492,
282198302121,4755,38921,6012,7803,11666,13466,16404,25848,26594,27971,29043,
282198802121,6082,39396,39601,7317,22713,23953,25107,26102,26341,26956,29402,
282199802121,9268,35108,16120,12484,13420,17834,18745,24305,25255,28724,29425,
282200302121,3414,35198,5684,9120,10214,13815,18809,20115,22567,25823,28292,
282200802121,5114,35342,37100,7178,10619,13284,17492,22422,23110,27504,28674,
282201302121,4233,36046,6981,7115,13481,14497,16505,19663,22139,26801,29465,
282201802121,6650,32781,41170,10011,12143,16509,17387,19498,24488,25329,30135,
282202302121,4328,37380,6585,16110,17556,16405,17303,19332,22686,30418,31155,
282203802121,7339,33755,7595,8924,13411,14024,17215,19050,23494,26300,31930,
282204302121,4122,33986,7843,7237,14336,14661,26163,26315,27729,27107,30234,
282206302121,5070,40953,41270,7738,10359,14263,16599,22278,24632,25523,29038,
282206802121,10304,41739,10587,11433,11513,15012,16553,20633,22425,29919,29917,
282208302121,8831,37501,37968,10193,16529,21806,22281,22494,28237,30209,35124,
282209302121,6049,34249,7607,8707,17944,17946,18756,23662,23964,25310,30850,
282211802121,5020,36655,5146,8141,12533,13715,17602,29583,30701,31872,32405,
282212302121,5084,34013,16122,21272,17123,17412,20873,24103,24317,29199,29371,
282213302121,7582,35663,10727,10755,11321,14992,21844,21821,24613,27877,31132,
282214802121,8429,34667,41032,11048,13390,16237,17204,19919,22652,26064,28696,
282215802121,6215,39729,39860,10610,10819,14238,19146,21685,23973,27577,30018,
282217802121,17838,35516,36267,39876,47563,51554,18611,20645,22305,25177,31399,
282218302121,9014,33254,9600,10272,10522,14007,17727,19570,22943,25674,30492,
282218802121,4342,38471,7513,7795,10379,13441,17111,19055,23050,26176,28605,
282219302121,7347,42055,42694,7550,10315,13543,16168,19506,22258,26335,28815,
282219802121,7852,35216,8936,9942,11120,16956,17448,22019,24544,25292,29059,
282220802121,14846,37270,17737,20446,19876,20053,21110,23537,23986,25173,28297,
282221802121,10507,35185,14827,15834,17094,22425,22849,24136,25378,27859,32445,
282222302121,16157,33593,16388,17515,21963,21789,22280,22398,24453,26785,28998,
282223302121,3826,37056,5091,20473,22310,22006,20625,21031,23780,26323,29374,
282224302121,6456,35185,52575,7584,11168,13821,23099,24862,25255,26618,30834,
282225302121,29648,36655,30526,30227,27459,27957,28578,28780,29047,29211,32681,
282225802121,7010,40424,6855,7853,10465,15933,22336,22747,26637,28442,30392,
282227802121,11074,39826,39225,40128,44507,13813,16394,20012,25801,25801,36863,
282228302121,4021,4583,5581,10860,11255,14776,17177,25290,26299,26764,30972,
282228802121,7438,35071,8292,11545,11723,13641,18656,20532,22304,33312,34109,
282229302121,4065,34816,5692,7471,10256,13357,16749,26077,26435,28177,31006,
282230802121,5329,40115,6708,8212,10576,13334,20850,21822,25285,26371,29072,
282231302121,209467,246202,246442,246319,246122,245160,245267,245941,246159,245159,244984,
282233302121,3958,39127,5782,9043,11806,15774,18797,20444,22450,29309,29168,
282233802121,6762,41595,7426,8073,13514,14034,18931,20719,22279,25807,41933,
282235802121,4048,40303,4265,7748,10391,13731,16275,19256,22469,27591,28265,
282236802121,7129,33644,40219,8426,18689,19152,20940,21583,27017,30054,31780,
282237302121,6600,35321,6949,8077,10730,13298,20731,21724,25837,26315,28519,
282237802121,48364,89915,88712,90173,90190,90977,90378,90285,90506,90394,91225,
282238302121,3700,37211,9827,10408,11515,14347,16442,19584,23492,31190,32147,
282238802121,4096,4320,6794,9487,14160,14734,23038,24123,26338,28704,30052,
282240302121,3810,39336,6660,8424,10098,22239,22588,22725,23442,29226,29511,
282241802121,5502,35351,36675,10253,11067,13679,19597,27830,31382,29093,30832,
282242302121,3591,4392,5519,9464,10234,13067,23008,24152,24721,27060,33412,
282243302121,4830,38154,4808,7077,10297,13189,28487,28919,29257,29146,36183,
282244302121,10969,44646,44996,46477,16477,16741,25380,26933,26390,26739,29391,
282244802121,3950,36797,6864,8047,10977,15470,19258,20323,32231,33119,36957,
282246802121,4621,35602,36285,8367,12679,14755,16748,20923,22210,28187,29293,
282247302121,6913,38534,40121,16090,17224,17097,22321,24355,24775,25635,28549,
282247802121,8169,41943,42214,8392,18772,22971,24116,25059,25389,26563,28420,
282248302121,4966,45461,6155,10262,35573,35827,37504,37788,45221,45514,45601,
282249302121,4228,34666,6019,7315,12405,13461,16114,20575,22380,25058,28325,
282250802121,11133,48619,11370,14197,16343,17233,19393,23496,23954,28551,29517,
282251802121,3805,39175,4396,7088,13399,14523,19173,20623,22058,25630,28289,
282252302121,5709,39007,6557,10524,10988,13277,22229,23325,23615,28099,28720,
282252802121,25350,35366,35713,41258,42630,45095,49198,26931,28121,28402,29229,
282253302121,9992,41469,10244,11101,11363,21505,22194,22331,24043,27372,38607,
282253802121,5997,6647,6672,8339,11416,13310,20941,21514,22092,26474,28852,
282255302121,4710,35057,7923,11515,11849,13753,16274,22271,23236,27409,30239,
282256302121,4839,37686,8114,10011,14807,16785,17694,20129,32284,32830,33924,
282256802121,68650,96987,101386,97392,97730,100520,97736,97083,98026,98025,97932,
282257802121,23761,41669,42149,43019,55590,58314,56603,58681,25373,28442,29472,
282258302121,5451,35047,5394,10376,13126,13767,25501,26026,27939,28205,28926,
282258802121,4137,38210,5233,7370,11993,13268,16763,21718,22497,26685,31297,
282260302121,22211,41283,53196,56221,23687,25854,26261,29592,31346,31762,36570,
282260802121,7315,45049,44520,7648,10719,13063,17714,19209,22249,30027,30316,
282261802121,7444,37032,41299,7980,10985,15577,16948,34728,35529,36040,36164,
282263302121,7775,40579,41333,41439,10995,14707,20998,22429,31745,33187,33177,
282264302121,4599,34565,4705,7717,11530,14739,26217,26391,27701,27686,29133,
282264802121,7521,40270,41069,7731,13090,14744,20535,21191,22758,25338,38134,
282265302121,127211,156657,157635,156756,160781,158774,157943,158118,158371,158305,159432,
282266802121,4449,44081,5923,7325,10308,13263,18475,19982,23690,28492,30359,
282267302121,9551,45358,45581,11503,12593,14837,16397,33708,43502,44035,44297,
282268802121,3576,50579,5117,9068,10251,13309,18595,20440,22541,25305,28265,
282269802121,3952,34376,4249,7287,11248,13558,17037,19378,28794,29119,32659,
282270302121,202226,237701,240308,242608,242448,244725,243354,244435,244418,246238,243435,
282271302121,6088,43504,6841,7340,12228,13211,31600,30202,30476,29005,31530,
282272302121,5758,41664,5976,11622,11949,13226,25203,26344,27772,27927,39775,
282272802121,17687,37923,37789,49966,18578,18849,22097,20032,24857,25325,28394,
282273302121,4007,36661,4630,10063,22012,23210,23358,25992,26075,28179,30015,
282275302121,5021,34980,5553,8706,12694,13318,18687,21488,23271,26816,28153,
282276302121,4232,33711,6773,8925,10267,13412,16379,20420,32050,32235,33028,
282276802121,6741,36953,37408,7160,12603,13389,17983,23463,23677,25405,29185,
282277302121,5606,33197,7014,9566,10262,14189,16257,19199,24859,25577,30049,
282277802121,7332,36957,36925,7959,12040,14010,16002,19153,29014,29379,30076,
282278802121,7954,38829,39920,7836,13411,16096,16994,20484,21927,26742,33825,
282279302121,3889,35339,6148,7960,11768,15330,21519,21746,23319,26140,30104,
282279802121,4051,35702,5922,8303,14366,15730,16476,28645,29785,32540,32142,
282280302121,3104,3735,4231,7010,10275,13388,16234,23113,24520,30435,30418,
282280802121,77389,116627,111288,114741,114276,114386,114520,114653,114647,114514,115177,
282281302121,14753,45857,14863,17113,15743,16654,17304,20931,23510,25835,33007,
282281802121,5528,34481,5415,8456,12694,13678,16329,20476,26592,26946,30552,
282282302121,3101,33183,4140,8447,12815,16090,17691,25200,25391,28481,30566,
282282802121,56274,80163,80288,80837,80967,86058,86215,87263,93667,87112,93424,
282283302121,4515,36534,6011,14478,14710,14782,17250,20599,35579,35643,35804,
282283802121,4783,39146,7352,10496,12876,13229,16205,23417,24430,30932,31455,
282285302121,10731,34141,13237,12080,12826,13637,17279,30771,30991,31178,32186,
282286802121,147453,187009,185465,184844,185316,185816,186033,186135,186280,186503,187239,
282287302121,7197,38267,41412,8370,11749,15915,16457,19931,22723,37748,36955,
282287802121,5717,34738,6574,9576,24265,25443,25194,24638,24390,26512,33077,
282288302121,5731,37771,7535,15725,16020,16358,19278,21921,24364,38198,37114,
282288802121,8803,38833,39447,10403,12671,14546,16875,21374,22402,26255,28537,
282289802121,3830,34706,7145,7363,10198,14068,19135,19278,27710,28411,29208,
282290302121,110013,145249,146246,146131,145951,147335,147671,147749,147412,147650,110731,
282293802121,3708,33791,4534,13618,14014,19563,20631,21318,23942,25379,30186,
282294302121,6843,34599,38946,7983,19728,20066,20976,22052,23520,26565,28797,
282294802121,4281,34324,6037,16200,19102,19977,19144,21394,24680,26905,28496,
282295302121,3960,5361,6762,9625,13565,16293,17701,21008,24779,26857,28272,
282296302121,9708,44329,9932,10054,18860,20733,21911,22040,24531,26036,32399,
282296802121,4577,36179,6857,8449,13826,15218,16780,21236,23289,25110,33552,
282297302121,11669,35985,12115,12746,13213,13976,17280,21407,23694,25849,28175,
282298802121,7627,42515,44488,8832,13604,16037,17579,20959,22275,26333,29623,
282301802121,7085,36361,40348,9700,20691,17452,20396,23380,22955,27462,31197,
282303802121,4381,38578,38178,8969,10429,13557,16956,22138,22817,25700,37477,
282305802121,12917,43817,13025,13208,13350,16174,25458,28148,28157,29574,29395,
282306302121,4193,36020,5651,11723,12603,14836,17144,19164,23676,26488,28170,
282306802121,4055,34793,4276,9087,10263,12999,16187,23292,23862,25512,31854,
282307802121,3834,35191,4304,7447,10263,13150,16662,20765,23046,27093,28418,
282308302121,6701,65844,7482,8839,11241,13417,21412,21833,23463,65029,65228,
282309802121,4149,33746,6930,7229,11460,13450,21168,21284,22364,26671,33086,
282311302121,6346,36993,37171,8995,10125,15326,16600,20073,28306,28736,30046,
282311802121,5325,36653,36801,7538,13187,13921,19350,19832,22101,25858,32705,
282312802121,14920,35233,15574,16483,16849,17751,17858,21777,22761,26550,28186,
282313802121,3967,33626,4361,9437,11000,14931,16436,23976,24662,25012,32837,
282314302121,6658,32771,46948,7660,11339,13297,24920,28120,28304,28661,29280,
282315302121,13182,34091,60929,14190,14387,15001,22707,23138,23426,26817,29415,
282317302121,6494,34112,42121,8161,10420,13776,16917,19157,23929,27987,28350,
282317802121,92775,132430,133216,133713,134731,134311,134202,133636,134813,134146,93118,
282318302121,3710,38148,5362,7083,10121,13427,18757,19366,23396,36758,39056,
282318802121,4257,35003,6277,8692,10532,14349,16289,19233,23713,25518,30825,
282320302121,25277,33990,44861,46699,46218,46199,53067,53198,60474,26003,28666,
282321802121,121024,121570,118933,119662,119547,119825,120054,120083,121339,121296,121278,
282322302121,4060,37117,6937,7798,10485,14023,16229,20688,24645,34958,36954,
282323302121,4176,38124,4269,7705,11643,13101,16491,19292,23464,36366,37219,
282324302121,5530,33746,41668,9133,10536,16666,26163,26591,26990,27598,28100,
282324802121,4581,37566,10834,12546,12405,13702,17350,22260,24735,27912,28066,
282325302121,3590,32673,4520,7247,10242,14716,19328,19464,22309,25247,31650,
282326302121,29352,51252,52655,51676,52990,54022,54474,57669,57848,57930,29581,
282326802121,5727,33594,40754,7050,11519,14250,16239,19798,22155,24997,31131,
282327302121,5818,33198,38707,7288,12794,13248,23551,28090,25246,25666,28288,
282327802121,12641,35033,14262,14931,14646,15441,18779,27805,30358,29597,30137,
282328302121,5703,36295,10792,11151,11990,16398,17177,26151,26408,27568,29328,
282328802121,4264,35596,4239,12429,12916,15815,18983,20573,23022,33372,34211,
282329802121,4119,35416,6531,7349,11081,13307,16373,26996,27614,28142,28699,
282330302121,6965,35760,38496,10297,10777,17095,19168,19446,23030,25558,33208,
282330802121,4651,5063,6538,8081,10650,13303,16935,30768,31088,34827,34782,
282331302121,4685,35219,5101,10633,13151,13336,18457,21956,22569,33058,33567,
282333302121,4293,36997,4630,9506,10858,15798,18725,19362,24941,27258,31376,
282334302121,5420,38843,6833,7763,12010,14362,16614,27772,26359,26784,29934,
282335302121,9941,34542,11495,11734,12682,18959,19790,20406,22463,26839,28425,
282337302121,4237,33514,7784,11251,11422,17416,17632,21492,22855,25712,28205,
282339802121,7649,32797,38006,7953,11103,15845,17578,21784,24848,25693,28530,
282340802121,4188,37649,5324,17452,17848,18050,19248,19386,24342,32735,33309,
282341302121,12529,36854,12652,13231,14451,14380,17533,22196,25639,26683,29192,
282341802121,6731,35369,44077,7486,11596,15325,16103,25050,26377,26718,32392,
282342802121,5478,37239,38807,7238,10097,15560,16095,20931,29816,31002,31535,
282343802121,5243,35360,5401,9876,12000,14286,16518,28105,28324,29107,30043,
282344302121,5968,35217,6095,7807,11468,13828,22395,24725,24821,25778,29088,
282344802121,6645,35352,6616,7762,10989,14286,20872,31668,31663,32325,33354,
282345302121,3794,39489,4452,8615,10177,15103,26719,27649,27499,28243,38445,
282345802121,10639,35042,13595,13714,13406,16286,18776,20698,22505,28055,30514,
282346802121,6481,158273,6546,8438,12776,14796,16206,158516,160427,157707,160756,
282347302121,4257,36160,5733,7001,11136,15471,24003,24706,25250,28383,29145,
282348802121,4851,35553,36655,7085,10259,15770,16933,20469,22361,27721,28321,
282349802121,6488,55928,54330,9844,13772,15024,16071,19126,27814,28123,53661,
282354302121,4759,39872,40736,7572,10213,13211,16166,18967,22080,26784,38131,
282354802121,4287,35773,38074,7937,19479,19795,20526,21740,23725,25378,29361,
282355802121,4013,47831,4292,14057,16035,16460,16716,19839,23038,27005,28753,
282356302121,4441,36373,6925,11481,11851,14746,16203,23780,24444,25566,29116,
282356802121,4335,37253,40598,16653,17446,18717,19049,20052,23866,26915,28209,
282357802121,4919,34771,5692,7228,10478,13157,16008,19555,24418,25241,28849,
282359302121,3769,36677,6011,7793,11356,13091,16280,20743,25459,26444,30689,
282359802121,5068,33176,8411,8655,10727,16712,17216,19951,24768,24982,32372,
282360802121,5922,38191,38675,14708,15681,16831,18474,22341,23830,26757,28737,
282361302121,7410,39781,40310,9497,12056,13598,19692,20154,29857,32186,32064,
282361802121,5291,35549,36589,7830,10633,13364,16631,20193,34623,35983,35457,
282362302121,9288,36457,41030,9781,11468,14840,16478,25821,26365,27516,30528,
282362802121,4097,38369,5316,9445,11735,13548,20504,24037,23761,37256,37845,
282363802121,6878,35323,7134,8976,13130,15987,16272,20375,25030,31061,33087,
282364302121,4470,4704,6444,7259,23446,23932,25433,25630,25630,26203,29056,
282364802121,6717,39412,7051,7194,10277,15782,16099,19138,23636,26679,38248,
282365302121,4767,36019,5051,8261,13522,25629,30518,30782,28855,29335,31982,
282365802121,5545,47643,49439,10159,11385,22821,24111,24727,26255,25779,32104,
282366302121,10929,37124,13062,11862,12094,17972,18561,33419,35722,36005,36112,
282369302121,4252,35411,5737,7380,12393,15523,16841,19971,22305,25982,30085,
282370302121,5534,47141,5723,8065,15047,16348,24193,25362,25986,26615,29292,
282370802121,4319,38167,4946,9476,13661,16712,18633,20345,24684,27778,36239,
282371302121,4650,33826,5756,7928,10055,13106,17787,20201,22304,27051,28200,
282372802121,4730,35196,7093,9588,10983,17808,19797,22536,26465,30214,32637,
282373302121,4212,42379,8681,8921,10486,16498,17038,39296,48801,49435,44531,
282375802121,4384,35224,6799,9816,11117,14366,18798,19803,22459,25930,28245,
282377802121,7948,39144,39478,9914,21546,22221,23402,23590,23849,26197,28417,
282378802121,13249,42242,14243,18082,19363,19540,20452,26102,26212,30699,30725,
282379302121,7092,44328,7220,8077,19611,19861,20400,20920,24377,25722,30001,
282379802121,3629,43575,6998,7099,11058,14159,16651,21846,22161,25249,42200,
282380802121,5496,33864,36399,8789,10487,13462,28118,30324,28853,29800,30212,
282381302121,4276,34861,6589,8270,10184,13217,23692,24982,25332,27221,28251,
282382802121,12691,38329,43156,44192,14122,16319,17487,23646,37251,36792,37085,
282384302121,4654,37479,39942,15099,16216,16852,17745,22244,22453,25935,28096,
282385302121,5227,35815,7550,7606,10131,13258,17247,28105,29618,30554,30679,
282386302121,3953,40645,4728,7155,10586,19852,20666,21540,24511,31558,31869,
282387802121,5855,38165,11595,11912,12461,16035,16550,20139,24774,25819,28852,
282389802121,5063,34778,53570,10049,10529,24947,28735,28710,28940,29055,29821,
282390802121,NULL,NULL,NULL,NULL,NULL,NULL,NULL,NULL,NULL,NULL,NULL,
282391802121,33633,90188,71010,161738,98872,100164,100105,34822,187835,40641,42962,
282392302121,28587,65655,66281,66211,66369,66615,69745,30384,36352,37638,42026,
282397802121,6864,42755,47604,7805,11339,14300,18877,22308,31248,28620,31449,
282398802121,6410,37208,38149,13381,14437,14702,16799,20419,25487,28335,30603,
282399302121,4570,36874,7376,7990,12767,13288,16249,27009,28602,28995,31989,
282399802121,10208,36409,11781,13856,13969,16403,17014,23219,26198,26702,29717,
282400802121,16065,36653,49324,16163,17162,20595,20679,23050,23195,25985,33737,
282401302121,4999,38928,5561,7451,12465,19244,21629,21995,23865,27068,30434,
282401802121,18010,49563,49836,18654,18241,18122,19741,20585,29828,30121,32630,
282402302121,7799,40792,41087,8164,10776,14548,16462,20302,22136,25841,28980,
282404302121,6706,38039,38528,7542,13292,16225,18721,19156,23293,25341,29485,
282405802121,4430,49333,4431,8241,10077,14818,16138,19538,22641,25933,30321,
282406302121,5148,32967,38584,7358,10534,18522,19294,22807,24692,28109,30327,
282408302121,4621,41690,41845,9814,12693,14181,16699,20406,22592,27652,29523,
282409802121,6965,36009,38311,8154,11568,15656,16027,19199,22274,25370,29143,
282410302121,8743,33581,9806,10426,10853,13221,18862,19276,23404,28119,29977,
282410802121,3756,41520,6536,9691,11098,14300,16706,29051,32419,41271,31195,
282411302121,11460,47089,56700,56917,11724,21101,21867,22123,24422,25482,29007,
282412302121,5934,35107,6574,9809,10412,19485,19634,21950,25422,26205,29677,
282412802121,9807,33783,36729,10125,12433,14102,16336,22126,22976,27771,28530,
282413802121,4249,43780,5565,7223,10056,13075,19539,21003,23791,25413,29561,
282415302121,4797,35288,37290,7048,13660,14226,19227,20399,24789,26830,28204,
282415802121,11175,43213,11347,11796,12752,19036,21845,22064,22577,28481,34274,

