,W-0,R-0,R-1,R-2,R-3,R-4,R-5,R-6,R-7,R-8,R-9,
280278835236,4868,108037,16083,32835,36614,42128,57236,71314,72306,83808,97474,
280279335236,5117,110156,15222,21572,31382,43376,62463,63638,73974,82376,92029,
280280335236,9588,109749,11880,23534,33542,48950,52452,66538,81398,82122,91906,
280281335236,7712,121994,19264,32054,33540,49808,53740,63547,73933,81591,94153,
280282335236,5340,107846,11397,22607,37377,44222,55743,64181,72659,81198,100367,
280285835236,11752,111842,21472,23065,50513,49659,54087,61350,76949,87067,91481,
280286335236,12853,13979,14717,34641,34856,44894,53149,62228,72737,81660,91597,
280287335236,4856,107941,11557,29917,35537,51416,61838,63142,76708,83622,94168,
280291335236,4711,106474,11300,33046,35220,42452,52058,64503,71241,81241,95752,
280293835236,3650,104345,12589,27426,34934,46909,52511,61083,70976,81285,92483,
280294835236,10518,105559,11320,24279,49150,48855,54613,82239,83663,85945,94281,
280296335236,9576,108329,13547,21628,31094,46277,51304,61208,71237,84535,91651,
280296835236,5442,103304,12819,24226,50105,52178,52440,62360,77254,83516,91242,
280297335236,4526,107898,11189,21304,34103,42069,53340,61141,72935,88664,91046,
280300335236,8214,104847,20046,24269,34815,66285,67381,67930,76680,82224,91068,
280300835236,7840,115187,12500,22693,33451,41848,67469,68341,73558,83018,91478,
280301335236,5089,118600,12161,20983,32458,41153,52358,61630,71557,81755,94662,
280301835236,8234,115290,12303,21824,31188,45474,52371,64449,72059,81016,91310,
280302835236,3633,108010,21028,22413,35850,53123,55164,62900,73460,81232,93466,
280305835236,3745,117817,13210,21689,31718,41615,53959,66909,71820,82229,92450,
280307835236,11181,105917,13051,23954,33466,41177,51426,61282,72005,81132,91318,
280308335236,7245,7470,14519,22542,31242,51251,52896,63688,73108,89706,95091,
280308835236,4813,105760,11693,21293,35154,45401,54133,75430,74912,81234,93481,
280310335236,3876,107653,11590,21356,31414,41063,51924,61253,73616,82745,101663,
280310835236,6139,131827,13974,35268,36346,44414,53221,64028,75268,85192,91462,
280313335236,4425,105290,22027,22926,31104,42365,51962,75831,76508,81686,91156,
280314335236,4208,102886,15633,24728,34118,43322,51655,63635,71161,86305,94229,
280314835236,8902,109089,14640,41045,43344,44355,54737,62946,71469,81160,92231,
280316835236,5366,104086,18920,24374,35008,41305,51878,66602,74804,86602,93717,
280317835236,5143,106515,23480,23734,35421,47211,54826,61352,79904,87714,91347,
280318335236,4071,107290,21884,23132,33337,41922,51151,63180,71240,87826,93115,
280319335236,10510,111707,12390,21208,42306,43978,62974,63824,79628,84489,109897,
280320335236,10891,105410,17669,23590,34588,44221,58112,63122,72492,81926,93574,
280320835236,12344,103571,13542,24435,32333,42911,66114,66465,72057,81120,91817,
280322335236,3937,102865,16983,24993,32853,42223,52355,61157,87470,88304,94895,
280323835236,6150,114743,11974,21716,42124,42449,52219,61267,73422,82050,111459,
280324335236,18394,128102,127997,24946,33507,42911,52115,62992,71416,81296,91164,
280326835236,4188,107847,17420,22128,31136,44392,52570,61165,71548,81500,93211,
280327335236,11211,119896,12876,23535,31972,42272,51976,61166,71464,81933,96303,
280327835236,3598,123831,12197,21690,31073,41148,51145,66258,72930,85655,98408,
280328835236,5493,104338,11253,21295,33044,45324,59127,63951,71673,81080,91896,
280329335236,7342,106599,13314,21608,32546,43662,52654,67543,71963,83661,92375,
280329835236,3497,109570,12583,23147,31071,42069,51019,65332,72616,82106,91305,
280331335236,11230,110238,11922,21319,31289,41639,51143,81398,82985,85137,93039,
280331835236,17123,104244,18016,24983,31879,42833,70463,71073,72934,81100,92701,
280332835236,4142,104057,11400,39657,41215,44437,53187,64059,71409,81151,97714,
280333335236,5833,112628,11202,22564,40808,41892,51338,66939,71218,91737,92626,
280334335236,7892,110926,12815,21805,35959,49098,51248,61218,71729,81381,93331,
280334835236,6535,103975,22676,24390,32010,41128,52260,61142,72897,81949,92582,
280335335236,13419,103366,16501,21848,32854,41444,51144,66839,75042,101572,101305,
280335835236,13968,104391,15046,21959,38611,41760,51211,61311,72257,81271,91422,
280337335236,7190,105673,21210,23125,34028,42322,51725,63954,74631,81459,91393,
280339335236,5425,105996,11614,29680,31259,41618,51237,61761,75901,92199,92914,
280340335236,3980,116047,11539,21626,31960,42475,51850,61795,71360,81930,115087,
280340835236,5973,185218,11473,24003,42547,43242,68025,69013,77474,81483,183439,
280341335236,4339,104756,14494,21806,31876,47856,57460,62044,73467,81176,91180,
280341835236,17581,119042,18590,34419,35054,43870,51194,64005,71495,84677,91106,
280343335236,3972,110559,14022,22244,31199,41242,51217,76313,78333,84195,92582,
280345835236,34409,103061,135916,34749,35468,44505,52743,71456,72068,84074,91333,
280346335236,7123,114804,11255,35757,36711,43610,56723,63860,73731,86966,91424,
280346835236,5684,110584,11127,22751,34204,43585,51749,63346,74923,81650,93054,
280347835236,4666,103208,12390,22268,35263,56231,60870,64365,71500,90927,93179,
280348835236,4046,105187,12543,21208,34838,44732,53615,62335,71904,97902,96490,
280349335236,4329,103022,12442,21991,31419,42576,59408,63327,71159,85311,91826,
280349835236,9974,105478,18015,22295,32004,44176,51139,62691,72981,81051,92657,
280350335236,6414,115152,11270,22088,31811,49613,52130,65070,79983,87586,95677,
280351335236,18234,134275,19021,23424,32249,43488,64499,66438,71805,82969,92209,
280352835236,12224,104599,13686,32468,33142,42035,51739,66452,74700,82747,91326,
280353335236,21459,23122,25291,25965,33789,49818,52002,61646,90499,91570,95048,
280353835236,4584,108216,11551,21250,32960,41365,56236,61074,71605,93645,93852,
280354335236,3708,105021,13576,22026,32192,44987,62965,64523,71336,82739,93755,
280355835236,3531,106276,11962,33141,37464,44714,54168,61694,72136,83026,91219,
280356835236,6164,123571,15036,24238,31655,41689,56398,62462,71274,82401,91513,
280357335236,3882,110001,18942,24703,31142,46472,51052,64023,77149,84176,111966,
280357835236,4856,105519,11896,23564,31742,41805,53571,69731,73064,81252,92644,
280358335236,3405,103868,13935,21342,32290,45583,51070,76327,76983,86702,94710,
280359335236,6150,106532,13407,34973,35253,46925,51746,61534,74582,84810,96567,
280359835236,9800,107450,34310,30544,34698,45110,52748,62045,75855,81995,91557,
280363835236,6722,105049,13685,23412,31197,42002,52402,62171,71747,83333,92176,
280364335236,11326,112452,12471,23656,32469,45584,54575,61625,92574,94992,95761,
280366335236,11908,109267,13151,21572,31563,43360,52029,65533,74040,81585,106301,
280366835236,4364,107019,11718,22271,31810,48210,52888,65559,71157,81382,91695,
280367335236,4653,105731,13183,25682,37208,41986,70425,72069,72536,82565,99812,
280367835236,4703,107207,13888,24036,32413,53553,53854,65125,79506,91397,93854,
280369335236,13060,118082,13810,22728,31062,51819,57635,81321,81629,85820,101378,
280370335236,4240,114816,11263,21123,32403,50568,52513,67907,74907,81869,91251,
280372835236,19892,117984,22613,28864,32496,43255,56008,63583,76876,84534,91207,
280373335236,6324,102622,25147,26069,31161,43958,56318,63237,71181,81962,92512,
280373835236,7464,111620,15573,24610,35482,46750,55277,63456,79174,84737,91829,
280374335236,5356,120123,12320,27884,34463,42354,58341,62993,72483,85200,95541,
280375335236,7713,108427,12630,21189,31720,42425,52147,63033,72671,86829,92082,
280375835236,4635,104727,11415,26507,46094,44656,58309,66213,71400,81348,93429,
280376335236,4615,107045,12741,21552,32188,47485,52285,61395,72201,82009,91745,
280379835236,6743,105199,11139,21683,33352,48954,53123,62726,78113,81203,91322,
280380335236,9728,102994,11475,22385,31826,42459,56730,63805,71156,81731,93828,
280381335236,4511,103918,13336,21425,36216,55267,55478,65302,75014,83087,92850,
280383835236,11846,113678,14211,31524,39946,46634,52510,62917,74658,83002,93384,
280384335236,5624,105423,11432,22502,31577,41201,53346,65632,72274,81148,91182,
280385835236,5142,103212,13004,26107,48336,49231,52290,61441,74126,83076,93364,
280386835236,5932,107692,10972,27922,38063,43318,54907,63049,72552,81351,105934,
280387335236,4133,105073,12754,26740,32364,44931,51214,71058,71842,81665,93266,
280387835236,5105,103288,13247,23001,31347,42116,51343,62291,71723,83120,98736,
280388835236,8679,112465,14386,27022,33391,42910,55579,64739,71893,81795,91734,
280389835236,4646,107122,14685,22594,32523,41297,51134,61137,71410,83618,98076,
280390835236,14088,115363,116234,21149,34728,41253,51344,62080,83742,84981,91680,
280392335236,8470,110898,14326,27417,33158,42002,51603,64517,73251,83324,94305,
280392835236,17548,116154,116013,26793,31256,41507,53065,61200,74807,84129,91292,
280393835236,4698,104667,13279,20974,34796,43737,53622,62211,73504,83251,95300,
280394335236,9452,108444,13698,21301,34090,42104,51189,62528,71402,81414,93554,
280394835236,6870,106448,11236,31316,32808,43286,52655,61694,72489,82118,103527,
280395335236,11412,105302,14702,21175,33062,43299,51037,62904,72672,97725,98518,
280396335236,13438,107687,13899,22805,31352,56002,60030,64472,71993,82357,91719,
280397335236,3670,103049,11063,21465,31175,43485,52841,61527,71795,85287,93535,
280397835236,26925,102981,132704,129810,34831,46363,52861,61653,71230,84150,91218,
280398335236,3591,110988,11390,21376,33590,53962,54493,62303,71837,81962,91255,
280398835236,4185,117336,13905,21294,31303,41866,56841,70645,74093,85404,95394,
280401335236,6356,122907,12984,24082,33344,41484,53537,69564,71943,83730,94091,
280401835236,5478,103685,12473,20989,31325,53025,53303,63457,72254,83856,92893,
280403835236,7175,113571,16155,38726,40583,41573,51916,71150,76017,82378,101356,
280404335236,6812,112554,11485,20955,34463,48488,54681,65691,73755,81181,91227,
280404835236,13606,116946,15039,21907,31643,42098,52587,62019,71464,82552,91574,
280405835236,11277,106914,13404,22749,32983,41523,51852,63495,73058,81252,92992,
280406335236,8617,109928,12216,21494,31331,51360,53374,63658,73568,102277,108543,
280410335236,3796,104383,13655,21480,46141,47465,53611,61847,71911,85125,93455,
280410835236,4863,103267,29475,31041,32220,47286,52428,61164,71076,85491,97903,
280411835236,7619,104705,11982,26396,34684,42265,67988,69026,73638,83296,95688,
280414335236,4045,104593,11391,23251,31070,49565,57380,63481,71611,84382,95482,
280415335236,8565,109940,12375,21087,31909,43409,56702,63675,71721,81236,91569,
280416335236,5725,108466,16251,23332,34283,42577,51857,61129,73996,85136,92098,
280418335236,8129,103192,13413,28490,33265,42254,53170,61003,71442,83102,94903,
280418835236,5855,107506,12432,23556,37958,42510,51164,61987,72638,81389,93650,
280419335236,15752,105807,16744,32155,33435,41388,62660,63488,74223,82058,97226,
280419835236,7078,105877,12551,29319,33587,44143,51294,64556,82444,85958,100092,
280420835236,28572,114057,127397,133382,33034,41318,51179,61381,72659,81087,95083,
280421335236,6165,105188,13942,21261,31392,61112,62338,63864,76692,89452,95605,
280421835236,4976,104975,11091,33087,33934,45639,59880,63604,83502,84246,93322,
280422835236,4496,107302,14944,22358,34609,43340,51415,61177,75930,83445,92931,
280423335236,4735,103493,13609,22096,42858,44295,55018,65284,72239,82003,91383,
280424335236,4913,117629,16341,23876,31734,41254,52281,62739,71375,86328,91322,
280424835236,7646,104117,13761,21383,32746,41595,52255,62296,71205,82327,91238,
280425335236,8713,112551,11991,23740,42998,43454,66754,67002,72132,82393,94111,
280426835236,5759,105945,12716,21706,39984,43092,52122,65317,73150,81199,106140,
280427835236,4156,102819,13638,21308,31874,57741,59033,61854,72606,82038,98878,
280429835236,12022,105233,15189,22817,33427,42703,51322,61748,72339,86948,93118,
280430335236,5626,119721,12881,32357,34152,41192,51258,65816,71478,83239,92540,
280430835236,3750,105708,12062,21189,32238,41823,51389,66623,83401,83271,98073,
280431335236,118649,213942,215551,220941,221007,221269,220664,221025,220580,221062,214667,
280432335236,3675,108157,11224,21810,32724,60684,58242,66019,72522,81605,94027,
280433335236,6265,110818,11491,23141,31254,41645,56640,63688,71754,81329,92411,
280433835236,4732,104257,24124,25918,36680,43232,56488,65141,71375,86573,91177,
280434835236,8312,105880,12334,22023,32332,41205,56101,62128,74379,90625,93876,
280435335236,4070,103997,12091,21079,31861,41270,51659,63542,71255,82469,98528,
280435835236,4087,102854,11934,25562,31993,41719,58089,64567,85283,85523,92181,
280436335236,6388,109899,11025,27654,36130,62634,63010,63137,71731,82405,91931,
280437335236,15346,108632,17179,22814,31826,41378,52730,63892,72055,84137,91162,
280437835236,21552,107391,22660,23116,32298,44039,61581,63324,91226,91651,93299,
280438835236,3692,107928,11032,24664,31638,43813,51301,63883,71245,85925,97801,
280439335236,9826,13431,18531,21439,31457,45946,52260,67296,73943,91695,94080,
280440335236,15182,106356,15904,24624,31222,41167,52115,63982,71260,83611,95858,
280440835236,10007,107058,13961,22437,32536,43328,65234,66019,72137,81173,94015,
280441835236,7952,115747,12488,22942,31493,45958,53184,68026,73126,83068,90957,
280442335236,15152,107011,15552,22103,40998,46409,52747,62165,71487,81036,91500,
280445335236,7884,108598,11574,23486,41988,43567,52229,61685,72980,82062,92026,
280447335236,5117,105618,12611,21734,37693,44064,55443,61455,71797,81243,92585,
280448335236,4216,113179,11311,22404,41979,43035,51655,67539,71969,84495,91662,
280448835236,4355,103239,12004,27485,34912,43045,57325,66800,73859,94375,94860,
280449335236,3593,103265,12121,21370,32121,41130,51506,62436,81010,83968,92542,
280450335236,5465,116470,11267,33003,33821,45350,57578,63657,72716,83044,91497,
280451335236,3666,106499,15858,22478,34534,55757,57433,61571,72586,81037,91389,
280451835236,4616,112302,11915,22592,32359,48120,51953,61083,72543,81303,94437,
280452335236,4071,106889,11289,23472,31203,51712,52487,66712,80540,83982,95066,
280452835236,14859,111085,15731,22947,31133,43299,52034,61570,77237,81575,91924,
280453335236,5178,105960,14606,23123,37397,42438,55126,66463,73824,81247,91291,
280454835236,4690,115489,12297,23452,33813,42961,51081,61324,88031,89133,96927,
280455835236,3377,104875,11448,27487,34427,42402,53180,61467,81279,82633,92423,
280456335236,17883,111179,22285,27703,43328,48397,57013,64643,73250,86534,94145,
280458835236,6617,109064,11547,22018,32752,59209,61379,67708,73556,83471,93556,
280459835236,6636,109910,17085,21156,32871,51220,53864,64129,78425,82004,100407,
280461335236,74546,159104,174262,172453,174170,177282,174343,80923,81448,89121,102101,
280462335236,4633,103077,11350,22364,33835,41139,52389,61412,74168,81363,92445,
280462835236,4285,106130,20951,22116,31750,41307,51219,61999,71478,82885,96718,
280464335236,5042,103575,11410,21992,32862,43306,51580,74404,75583,96952,97624,
280466835236,5214,103495,11289,23102,37375,42424,52093,62620,73545,81308,98566,
280467335236,5492,105014,12713,27043,41382,42911,53927,61918,73924,89421,94232,
280467835236,27627,119478,120323,27154,39478,42864,53124,61813,71855,82591,91982,
280469335236,7032,105805,11407,27405,33336,43544,59995,61406,71225,82623,92216,
280469835236,4325,103624,11529,21745,32257,52354,53384,61868,73474,87173,97674,
280471835236,6538,105171,11582,24474,31400,40901,53409,66722,72212,82437,97038,
280472335236,3733,122623,13040,24973,31807,57517,57963,63551,71274,86018,92732,
280472835236,11336,104930,12809,22012,37943,43381,60646,66432,75906,82379,92949,
280473835236,5295,111169,26072,29618,32285,43172,51976,61661,71233,81983,91260,
280474835236,6515,103546,12281,22533,31285,41245,55051,61979,73825,82281,91226,
280475335236,3620,111620,17002,22517,33352,41337,52660,63610,76502,99094,99393,
280475835236,6965,110814,11497,21246,39064,50955,53367,61094,71196,82218,94083,
280476335236,9693,111270,16723,22316,32444,45078,50983,61703,73545,85236,95566,
280476835236,6105,104339,12571,28160,34626,55195,56271,61358,78760,81263,92903,
280477335236,4069,103123,16892,41609,40083,43805,52023,62233,74380,83478,91063,
280477835236,5516,106560,12063,22117,33153,42436,53501,63218,81097,87556,101444,
280479335236,5528,110011,13527,21341,32094,42414,53476,64869,74628,82847,100946,
280480835236,7933,104261,13675,23179,32518,41013,70644,70827,71905,82023,92003,
280482835236,6472,108492,13994,23202,31620,43189,51266,75713,76831,83082,93990,
280484335236,7370,105693,26064,27145,32004,41282,53012,61747,71897,81200,91188,
280484835236,12941,103225,15607,21286,31170,41858,51040,79579,83333,83342,91625,
280486335236,5827,107046,12871,21601,31244,46235,51151,61746,81419,83004,106048,
280486835236,20552,110799,21080,22621,34324,41695,51219,63348,78234,83500,93254,
280488835236,4159,103310,13113,21400,32907,42953,52052,69425,72351,81266,91302,
280489835236,12403,105564,15855,23271,36858,42038,52735,61823,71709,81275,93231,
280490835236,183072,270334,273759,271496,270884,274538,273560,271814,273421,274867,271267,
280491335236,83023,181962,182279,182396,187139,187330,187512,189097,187446,89826,106300,
280492335236,4711,104322,12199,22926,37751,57063,57439,63820,73531,84977,91552,
280493335236,4986,109949,11258,21166,31255,46227,56441,62146,92365,93715,94621,
280493835236,4494,103621,12191,25999,31841,41116,56392,78042,79480,84083,91471,
280494335236,8498,103732,18552,24834,32646,60048,61454,70760,75133,82584,98034,
280496835236,5164,103601,12360,22319,33348,43146,51341,61627,72480,83914,93617,
280500335236,10282,103307,14234,25125,32269,42236,62256,63205,72334,82519,92903,
280500835236,4931,105597,11484,25239,31218,44986,51870,61029,72349,84051,92141,
280501335236,4525,103636,13354,32586,33989,51431,53501,63474,75004,82949,91170,
280502335236,4282,106478,16926,23365,39346,46312,53257,66884,73020,81123,101397,
280503335236,105177,111052,103716,105636,106155,107095,107379,108369,109030,109033,109322,
280503835236,8461,111515,15434,21591,31231,43359,51091,64012,72795,93395,95023,
280504835236,10100,105127,14020,25478,31539,46201,58364,63894,71623,82603,91329,
280505335236,7050,108074,14532,22704,32801,41348,51311,61231,71369,81684,100819,
280505835236,5329,106089,20377,21438,35147,41718,52641,71051,72341,82344,91650,
280506335236,6712,103101,19393,23007,31419,44196,52747,65965,73612,81030,91288,
280508335236,5339,103049,11179,22454,42220,43957,51663,64340,72637,82874,93083,
280508835236,4061,109976,12796,21983,32428,42538,51721,61421,72398,83061,92302,
280510335236,5099,105481,15169,25453,46360,47279,58213,63576,71714,81477,91824,
280511335236,11087,103022,11877,32894,34429,43377,53504,63099,71018,81161,92893,
280516835236,5440,106475,12636,21674,42356,42951,51470,62103,72416,103957,105079,
280518835236,6210,104616,11154,26750,31927,41432,63342,64178,71617,83387,95133,
280520335236,9350,104440,11353,23194,33643,42169,52746,61990,71315,83384,99732,
280522835236,3474,4454,11801,23984,33677,41651,54024,77973,78484,88489,93606,
280525335236,6250,108708,14266,23319,32302,42942,51192,61235,75837,82011,91889,
280525835236,4221,186742,11416,31288,32924,41926,53335,64406,183799,184989,185971,
280526335236,4528,107884,14155,37505,37874,46634,53590,66710,85574,87240,95226,
280526835236,17362,123023,18071,23928,31158,43420,51274,64723,71374,81230,91806,
280528335236,7404,104844,11296,29043,31171,42033,51239,66723,75686,81439,92887,
280528835236,3209,103910,11679,21758,37921,47447,51721,66833,71756,81218,94038,
280529335236,12033,105331,14133,22402,31513,44482,51288,61676,71519,84737,91240,
280530335236,5014,105306,11641,21305,31303,45347,64108,65210,71992,83240,92478,
280530835236,5161,105484,12397,21145,33523,41836,52215,62586,86322,87147,93707,
280531335236,3114,102945,11290,24045,32115,42897,54325,61399,71595,81316,91438,
280531835236,6664,105014,11814,23157,33032,42894,68047,69314,76436,81631,91759,
280532835236,4492,105049,18108,21252,35903,42503,59683,72843,78227,92394,93456,
280533335236,126238,127971,129842,130290,123103,124033,126965,127122,129218,128085,128295,
280533835236,5011,103094,14050,22415,32052,42804,54264,61188,76057,86174,91195,
280534335236,3439,104097,13052,21708,35447,41519,52020,62684,71759,82379,91369,
280534835236,4638,104447,14308,29124,32303,43029,52993,61418,76988,87254,96641,
280535335236,3664,108123,13268,21036,46459,49232,54341,61230,82824,87020,106467,
280536835236,7722,105614,12802,27071,33581,42575,51729,63943,76323,81588,91974,
280537335236,6105,108209,12240,21339,31041,53316,54379,62550,73092,83564,93762,
280539335236,6623,104930,13942,21440,31475,41214,55346,66032,73503,81946,96817,
280539835236,11208,104204,13277,26127,33145,41147,51997,65480,72640,81371,91327,
280541335236,9144,107149,21154,22291,31637,41188,51498,61895,72136,83496,92480,
280542335236,3305,104000,11020,21140,32086,43510,52067,61998,71289,81151,92210,
280544835236,13111,104536,14398,23477,31960,42059,52715,61633,81471,83519,99430,
280545335236,6225,108483,11486,23016,33080,41037,51356,61212,83304,84265,91485,
280546335236,8043,108982,11758,32032,32363,52078,53256,62720,72065,83004,91669,
280547835236,4027,110404,12763,22154,40834,41389,51257,63535,71396,85303,92798,
280548835236,4600,104946,11175,21305,32140,42425,51295,61596,71236,92360,92983,
280550835236,15702,113986,21040,32584,34052,44721,52348,62825,80947,83595,100399,
280551335236,17196,238283,19032,22969,31521,44385,51590,62119,74343,81185,238050,
280551835236,4760,105956,12650,22026,36169,41650,67893,69460,83472,85276,91573,
280552335236,3904,106178,16641,23114,32542,41288,51246,62410,79073,83171,97125,
280552835236,12360,107933,12648,22674,35153,41611,55048,62387,71938,81357,93515,
280553835236,9970,11502,12343,21679,32268,43960,62395,62995,81322,81838,91332,
280554835236,5528,105818,11371,23671,31693,41043,51622,61101,72557,83396,93644,
280555335236,4907,123983,15618,27148,33226,54085,53649,64019,72048,81832,91139,
280556335236,5488,105489,12543,22993,31835,51421,51707,62333,71394,81675,92516,
280557335236,9514,105046,14604,21518,31328,50426,54897,64134,71795,83491,104557,
280558335236,3495,111469,12723,21150,32467,42012,55318,74167,76228,92564,94727,
280558835236,5628,107379,12331,21847,40049,41820,53547,73690,74988,82322,92948,
280560835236,8008,108272,12396,26531,32982,43056,52884,61260,78575,81278,91799,
280561335236,4947,105658,14531,24077,33031,42717,53550,61374,73327,81995,99372,
280561835236,5511,108312,17698,35240,37104,45707,53042,62618,82876,84284,92248,
280562335236,3629,103086,11229,23449,35619,43184,53363,69390,73076,85920,94824,
280563835236,14323,116734,14361,22004,31247,41470,53158,68187,74979,82262,95012,
280564335236,4821,103633,32605,32210,33427,44261,53242,62293,71678,83289,91456,
280566335236,7403,106006,12943,21257,31696,45954,52176,62515,76997,87692,91669,
280566835236,5031,106900,11174,34272,35665,46137,52997,61641,71135,81170,105908,
280568835236,4275,103313,11162,21160,34625,42110,51797,65201,74426,81090,91504,
280569835236,14522,102670,17313,27488,32121,44403,62570,63617,72966,82922,92315,
280570335236,4909,7290,14005,27639,46972,51339,52887,61160,76341,88607,95172,
280570835236,9434,118496,20630,21760,34319,50558,54559,61672,72456,83004,91121,
280571335236,15722,16368,16870,22464,32675,46142,52121,64537,85889,86436,93924,
280571835236,11111,105721,14507,23951,34588,41278,59193,61706,72212,92435,93556,
280573335236,13831,108875,16149,21246,33219,42111,52898,66301,71992,84720,93987,
280574835236,7860,103387,12184,21671,31754,42384,51847,61198,77794,83652,91281,
280575335236,6070,110448,11465,21297,35058,49266,53302,71821,73072,81334,91235,
280576335236,4263,108148,12754,26508,32117,42435,51614,61586,79449,86017,94481,
280577335236,5703,104496,14953,21740,31308,42614,54162,65366,73811,81559,93020,
280577835236,5286,104259,11327,21309,39061,50364,55216,64577,71356,92679,93020,
280579835236,6507,109849,12444,20981,31926,41972,57028,64707,78045,83518,95076,
280580335236,4054,104759,14851,23084,33601,45570,51660,71105,71599,83272,99349,
280580835236,5440,107204,11356,21957,31730,43151,52012,61313,72158,83914,95082,
280581335236,10805,107921,13318,22523,42686,42946,53679,61470,74672,83819,94038,
280582335236,4275,103545,11270,24280,40360,41544,55453,61281,71939,88127,93835,
280583835236,6752,103383,12232,44150,46450,46802,52555,63115,72060,81813,92318,
280584835236,7625,108557,12939,22971,31484,42924,51119,65564,82633,84275,91322,
280585335236,6541,105611,12042,24880,31933,42414,65722,67292,75842,86476,93726,
280585835236,4946,106495,19201,23435,31228,50723,62667,68076,73573,81326,91278,
280586335236,54507,216542,216050,216284,216658,217188,59475,73063,109867,114576,115400,
280586835236,3401,103440,11337,22449,33010,41965,51278,64669,71378,81493,98240,
280588335236,13812,109662,16036,23954,37533,42618,52142,62163,75465,82199,91528,
280589335236,11978,102959,13164,21251,32703,41603,51842,67403,75922,81021,100035,
280589835236,12796,105047,14746,22753,32668,41248,51140,61161,80832,81917,95357,
280590835236,10842,103189,13757,28432,33680,41291,51149,61864,81728,84191,101441,
280591335236,4045,104016,17652,29175,33864,44600,54816,65081,71334,82429,96300,
280591835236,4481,107282,11382,24565,32105,42607,51623,61561,72206,81692,97702,
280593335236,4847,5989,15410,25650,32357,49432,56124,64858,78631,83366,92844,
280593835236,4649,104085,12385,22884,33408,42072,52416,62491,73559,91311,92164,
280594835236,5378,115258,20866,21335,32252,41197,57688,75997,77057,85996,92795,
280596335236,9664,119279,16813,23236,33006,41707,51126,61264,74934,81839,92248,
280597335236,7603,104295,11566,23494,31204,46677,51148,64319,73050,94863,95875,
280597835236,19506,113067,20353,23392,31352,44020,56838,61429,73504,81086,93668,
280598335236,5458,103232,11692,22293,34075,47085,51160,62530,71277,91498,92896,
280599835236,7152,103849,11218,21884,33865,41167,53113,72040,72907,82082,91310,
280600335236,10035,106856,11302,25534,38959,41800,57359,63636,84349,85536,91481,
280601835236,5460,106215,11127,37612,37913,43150,52311,61180,71977,81213,92804,
280602835236,3627,4547,15263,22954,35509,47690,52505,76511,76759,81285,93043,
280603335236,4848,111290,12506,22636,32049,40907,51127,61394,76280,81421,95138,
280604335236,6103,104643,11495,21216,31555,41271,53117,66643,72930,81413,91379,
280605335236,5234,107016,12179,24596,32567,43071,52481,63997,83150,84105,91659,
280605835236,4506,104390,15203,21213,31356,41199,53356,61388,72226,83001,92592,
280606335236,5188,107739,12583,22580,33186,41491,53489,62416,72215,81267,91573,
280608335236,5909,105555,11387,31461,46999,64524,68009,76803,84405,89465,96187,
280609335236,8320,107276,11679,28452,31919,44410,51124,70636,73469,91310,93199,
280609835236,4034,104603,13332,22284,34273,46244,51330,62458,75022,81887,94375,
280610335236,6290,6462,12842,23978,31088,41963,52399,69706,75042,82847,93056,
280610835236,6417,103832,11522,28485,32486,45308,55724,62542,74888,82207,98093,
280611835236,3627,106021,11211,24703,31722,41295,69661,75159,76624,81523,95669,
280612335236,6077,105571,13104,22038,43453,44756,51354,61794,72385,90874,94178,
280612835236,5647,104942,11447,23473,31625,43268,52607,62918,71529,81901,91128,
280613335236,4701,109404,13233,21933,32305,41692,51982,62851,72017,91397,92250,
280613835236,4470,102553,12455,23498,32935,43576,51955,62372,71406,81084,93023,
280614335236,10054,12079,12370,21271,31650,45483,64454,65632,72185,85736,97388,
280614835236,10889,104174,13265,21106,33375,42725,51387,61064,72545,83005,100252,
280615335236,4858,107598,13343,21204,31496,42472,51705,62397,71963,100861,102277,
280615835236,6417,106383,11631,21125,33431,41682,51564,61124,71810,82669,95855,
280616335236,9002,104375,13394,23516,38584,42075,52164,61396,72287,82463,91975,
280616835236,8364,109185,12713,25514,31293,41340,55543,62461,71557,82049,92487,
280618335236,3478,103585,18806,24103,36309,44338,53721,62986,71558,81874,92823,
280619835236,3595,109130,11607,28633,33531,51507,53950,62559,71439,99805,100465,
280620335236,9752,135319,15881,33611,34292,42813,51949,64859,72150,82251,98234,
280620835236,4263,104156,12326,24252,44351,48188,56244,67740,72944,81741,95143,
280621335236,5907,106210,11294,23449,52338,51683,54628,64481,74391,86489,93823,
280621835236,4558,104690,12415,22357,31573,43626,51323,61719,71120,93321,92437,
280622835236,4680,105377,15327,25826,32128,41347,58370,65012,71219,81817,93486,
280623335236,5128,107552,12998,21395,31257,53298,53306,62173,71102,82128,93923,
280626835236,4204,105037,14465,22371,35936,41930,54563,65254,73426,81579,98327,
280627335236,7256,108747,22709,28587,34752,41611,51899,60991,74004,81353,91316,
280627835236,148701,245979,244502,244927,253283,253575,252922,253567,253663,148808,148699,
280628335236,6672,106606,19936,23128,31804,50321,53486,64692,79620,86081,95274,
280629335236,4049,106168,12958,24533,31659,41974,51652,63979,71190,83124,91930,
280629835236,6017,112887,18124,24814,36541,44886,51306,63716,75346,87318,92484,
280630335236,4283,118366,11279,29159,33717,41085,53701,60967,73964,80891,91110,
280631835236,8268,104988,11323,27919,34895,43304,59189,62661,75003,81180,91553,
280634835236,4198,105422,13112,21253,35686,41199,53098,63617,72460,82024,103124,
280636835236,8211,121814,12926,24181,51988,53935,54213,63073,74714,85036,96361,
280638835236,5898,108561,13119,23246,33269,41946,59754,61372,71224,83428,91581,
280639335236,4730,103542,11225,22577,44349,44706,52846,61317,71458,82468,92120,
280639835236,4300,105636,14161,21123,32547,41252,53894,67165,73152,98075,98371,
280640835236,13931,104970,14614,21559,32894,45120,51796,61126,72239,83939,94140,
280641335236,11176,117907,15126,21692,49407,49968,51441,61308,71698,82276,92679,
280642835236,8616,107107,12018,22401,33152,41633,51449,71844,72155,83590,100282,
280644335236,5261,107336,11288,21541,31841,41252,54297,67352,71938,83404,91402,
280644835236,8184,104962,13418,21654,37242,41126,51394,81904,81722,82327,94013,
280645835236,3918,108758,11905,21549,46238,48525,54365,62681,75238,83412,91469,
280646835236,5519,105413,15158,23663,44027,45412,52757,65977,71533,81104,104325,
280647335236,5435,103083,19348,21302,39353,44065,51263,63319,73861,83993,91918,
280648335236,4872,103719,13413,22385,37913,42551,51812,62133,72386,84849,91353,
280650335236,6424,104533,11119,31169,32756,41155,53393,67642,71981,84321,92386,
280650835236,5827,109290,11209,31855,32148,42019,52384,62443,71427,82445,91539,
280651335236,4297,103826,11359,32111,33270,48730,54380,63849,72445,81195,92696,
280651835236,5539,104862,14333,25351,33627,41341,60467,67712,72909,82239,93428,
280653335236,5221,107702,11428,22431,33991,43238,51367,62251,75681,83652,93105,
280654835236,3957,4023,12153,23200,48034,49537,64912,66159,73489,82379,114676,
280655335236,11692,12176,13657,33313,33850,53002,54527,64198,71608,81691,91207,
280656335236,8263,117032,11735,21964,35560,41438,67011,79275,81569,82109,95321,
280657335236,7540,105955,12142,38008,38895,45693,59428,63709,73385,84417,92141,
280657835236,83854,110310,117017,125718,132711,84426,85814,88128,88476,91310,101025,
280658335236,8442,104203,16210,22943,31903,51227,55758,77097,78326,87585,94300,
280659335236,12296,106244,12559,21264,31600,41305,51244,65978,72577,84522,91514,
280659835236,6363,104248,14116,21424,32384,45229,52010,62389,71709,84050,91215,
280660335236,11450,106048,13437,21321,34455,43239,52162,72446,73653,82282,91655,
280660835236,5192,104219,11200,22556,31083,46434,52995,61425,71646,81368,95007,
280661335236,17743,119666,24285,31593,34527,44353,61547,63303,72223,82254,91285,
280661835236,5004,104131,13326,21165,31314,70754,72193,73285,76244,85970,92738,
280662835236,27698,117482,120788,28541,33657,43986,51591,74611,75500,83986,92424,
280663335236,5075,107513,11665,21680,35646,41432,51106,61821,71153,82743,91964,
280663835236,8342,107550,12609,23595,42323,43472,51510,62940,81556,82862,96163,
280664335236,10650,115482,15523,21229,54144,54488,56749,63627,75001,81133,91112,
280666335236,5908,105284,11402,21197,33647,51650,54313,70131,72450,91452,92421,
280667335236,4354,107979,11894,21112,42223,42763,73210,72400,73913,83488,96053,
280668335236,6264,106358,11466,21749,40701,44331,56682,62361,76348,82598,95219,
280670335236,11090,108497,12082,23113,31338,41135,52617,61004,81741,83338,99265,
280672835236,5761,107593,11483,21520,31248,41571,55150,62695,72039,81302,107599,
280673835236,4884,108928,12182,23349,33270,43203,53461,63061,71174,91228,95390,
280674335236,8170,109224,23095,25311,34963,44200,51019,63355,80382,84216,94455,
280674835236,6445,115292,13203,47232,49070,50299,52120,63095,71561,81748,92136,
280675835236,4130,103692,12006,24492,31951,45047,55819,61973,71376,81744,92398,
280676835236,5359,106397,19321,24273,31434,41336,52675,64507,71974,83490,91591,
280677335236,3549,103146,11659,21545,31345,47172,54940,63114,72675,83516,95371,
280677835236,21346,102847,21978,22402,31642,42802,53480,63624,79945,81133,94973,
280678335236,8921,106567,12680,23108,33871,48610,54425,62932,71159,82847,97372,
280678835236,6043,107394,12483,21392,31104,57693,59506,61906,72360,83219,95255,
280679835236,3448,103728,25565,26814,39532,41552,51563,61205,71553,81139,91206,
280680335236,4595,103674,11301,21133,32824,42902,51853,64227,78725,82274,99985,
280681835236,5076,105548,12808,21183,31363,41759,53185,63732,75191,83576,91113,
280682835236,4114,109062,12257,23180,36111,44337,51820,62514,71366,93014,93517,
280687335236,3844,103455,12725,22309,32264,41276,71910,73377,74102,81407,91176,
280687835236,3602,207739,14038,22295,31271,41075,51231,62792,75976,205106,206902,
280688835236,3854,112701,11112,21092,43269,43584,53255,63355,71578,81791,91682,
280689335236,7313,109832,13029,21433,33261,41145,53011,61179,71132,88728,94744,
280689835236,3881,104797,12408,22065,36306,42082,51145,61889,71135,86631,91850,
280690835236,5035,104189,11589,21677,33361,51657,53836,62368,71562,82705,91974,
280692335236,11730,105141,13288,24700,32138,41361,51239,72164,75388,81650,93195,
280692835236,7242,108695,12012,21019,31386,48704,57339,62995,72675,81417,91037,
280693835236,10313,103123,24369,27817,31890,41478,51332,61119,71060,83157,92710,
280694335236,5969,108548,15569,21676,31657,42813,51313,62168,71475,83950,99934,
280694835236,7531,103165,14387,25886,31312,41217,62506,63896,81904,84685,91150,
280695335236,8367,110815,12379,28193,31579,41272,52562,70718,76071,81217,91151,
280695835236,5343,106644,11310,33137,35433,44103,61234,62746,71298,81090,96035,
280696835236,5395,104118,21237,22074,34455,42117,51303,61680,79065,84585,92290,
280697335236,8924,103173,15514,21287,47858,49472,57418,64695,79223,81969,95253,
280697835236,12497,117353,117848,22159,32200,47354,53603,71058,72559,89127,93050,
280698335236,12528,107807,13200,21232,32263,41881,53745,61363,71520,82352,95180,
280698835236,9158,108497,14957,22842,30996,41204,51243,61102,75807,83497,91251,
280699335236,4414,113354,11582,29057,33461,46628,54395,62364,73449,81299,111853,
280702335236,4415,104654,19659,21723,31350,43757,55679,61755,72168,81369,92653,
280703335236,11063,115008,14859,21389,32734,41566,51083,61636,72197,91272,92074,
280703835236,7609,111987,12393,42484,42438,43639,52945,71187,73500,82502,91349,
280704335236,4829,114054,13222,21402,33097,42638,54229,64742,83520,84750,91617,
280705835236,4311,118907,14251,22364,31176,51262,52204,65028,74799,85120,91240,
280706335236,6884,105866,13291,21640,32579,41019,57670,61835,81258,83189,91100,
280708835236,3343,111433,24398,25752,57457,61329,60883,64541,76613,83298,91398,
280710835236,4713,106446,19383,29286,32104,43620,58665,66703,82360,84982,91720,
280711835236,8149,105527,16295,27802,37017,41340,57299,67309,73494,82360,92248,
280712335236,12499,124319,14294,22801,32131,51610,52184,63453,71886,81557,93955,
280712835236,4623,104810,11301,21287,31228,48627,52160,63951,77432,81491,91512,
280713835236,11336,109881,12427,21408,33281,43606,51618,64910,71072,81913,92295,
280714335236,7948,106153,19610,24296,31741,61119,61346,62058,72100,86134,92304,
280715835236,17670,107958,18298,23000,33593,41310,51392,61178,88157,86626,91119,
280717335236,3479,103879,14457,22309,35654,55964,58115,64418,78840,82416,93675,
280718335236,3727,3859,13447,21143,36565,45659,53065,61141,71275,85732,91323,
280719335236,9151,113523,12522,31975,33186,41404,53640,64112,73548,87423,92747,
280720835236,9312,108997,18415,26361,43152,43492,55109,66288,73673,82482,92481,
280722835236,300000,1686802,NULL,1638646,1651238,1681626,1556323,1573023,1587917,1630313,1633687,
280723835236,224408,NULL,293025,NULL,NULL,NULL,NULL,NULL,NULL,NULL,NULL,
280724835236,20933,117679,20171,25850,38303,45337,55834,69354,76155,89228,100132,
280725335236,4616,108051,11586,25664,34754,42550,51064,61035,84394,85602,95446,
280730835236,9724,106324,13587,21342,33054,41225,52240,63884,78275,83398,91219,
280731835236,5986,105456,11426,22637,35822,45159,52125,61256,72056,81355,94168,
280732335236,6761,109152,12452,22388,31493,42939,51933,69364,77569,89899,95053,
280732835236,12111,110367,15140,21402,41577,44218,52139,63224,71251,105209,108053,
280733835236,4801,107248,12951,23810,32200,42795,53164,61282,73614,82043,91277,
280734335236,3955,105617,12178,23217,42509,44277,64743,64888,72106,85246,95521,
280734835236,11438,104350,14490,22056,46306,48251,53529,61259,72288,81464,95396,
280735335236,5747,109252,27580,29601,31852,44052,52407,62547,71220,86755,92147,
280737335236,6906,120129,14369,34090,36980,44278,54832,63403,72047,87940,93970,
280738835236,4244,104491,11958,22212,32407,44179,51299,61257,72750,84589,97695,
280739335236,11939,105443,12328,21343,32180,44159,53330,63960,74332,86318,103857,
280741335236,300000,596690,NULL,NULL,NULL,NULL,591430,593047,595546,607398,596633,
280742835236,5730,106157,13126,26528,32598,51751,58919,62883,71325,83516,94494,
280743335236,5446,104992,15641,23512,31576,41581,51660,67618,72466,85168,93040,
280743835236,8194,104452,12526,33586,33373,43591,51923,63009,72006,83536,92456,
280744335236,4124,105935,11217,21387,33269,42420,51572,61904,73596,85892,92993,
280745335236,5926,108186,15156,27373,32406,42174,69046,68929,73944,84084,94639,
280745835236,5561,108291,14466,22827,31863,41150,52575,67993,75916,82286,92074,
280746835236,11178,109411,15489,22704,31315,41829,53515,64133,72063,89817,93711,
280748335236,4940,109565,11358,23548,31371,43494,52285,65870,73048,81061,108430,
280748835236,10916,114286,12482,22014,34574,41562,55208,62308,72527,81516,91284,

