,W-0,R-0,R-1,R-2,R-3,R-4,
277607010978,1,2,1,1,1,1,
277607510978,1,2,2,2,2,1,
277608510978,1,2,2,2,2,2,
277609510978,1,2,2,2,2,2,
277610510978,1,2,1,1,1,1,
277614010978,1,2,1,1,1,1,
277614510978,1,2,1,1,1,1,
277615510978,1,2,2,1,1,1,
277619510978,1,2,2,1,1,1,
277622010978,1,2,2,2,2,2,
277623010978,1,2,2,1,1,1,
277624510978,1,2,2,2,1,1,
277625010978,1,2,1,1,1,1,
277625510978,1,2,2,1,1,1,
277628510978,1,2,2,1,1,1,
277629010978,1,2,1,1,1,1,
277629510978,1,2,2,1,1,1,
277630010978,1,2,2,2,2,2,
277631010978,1,2,2,1,1,1,
277634010978,1,2,1,1,1,1,
277636010978,1,2,2,1,1,1,
277636510978,1,2,2,1,1,1,
277637010978,1,2,2,1,1,1,
277638510978,1,2,2,1,1,1,
277639010978,1,2,2,1,1,1,
277641510978,1,2,1,1,1,1,
277642510978,1,2,2,1,1,1,
277643010978,1,2,1,1,1,1,
277645010978,1,2,1,1,1,1,
277646010978,1,2,2,1,1,1,
277646510978,1,2,2,2,1,1,
277647510978,1,2,2,1,1,1,
277648510978,1,2,2,2,2,2,
277649010978,1,2,1,1,1,1,
277650510978,1,2,2,1,1,1,
277652010978,1,2,1,1,1,1,
277652510978,1,2,2,1,1,1,
277655010978,1,2,2,1,1,1,
277655510978,1,2,2,1,1,1,
277656010978,1,2,2,1,1,1,
277657010978,1,2,2,2,1,1,
277657510978,1,2,2,1,1,1,
277658010978,1,2,2,1,1,1,
277659510978,1,2,2,1,1,1,
277660010978,1,2,2,1,1,1,
277661010978,1,2,2,1,1,1,
277661510978,1,2,2,1,1,1,
277662510978,1,2,2,1,1,1,
277663010978,1,2,2,1,1,1,
277663510978,1,2,2,2,2,2,
277664010978,1,2,2,1,1,1,
277665510978,1,2,1,1,1,1,
277667510978,1,2,2,1,1,1,
277668510978,1,2,2,2,2,2,
277669010978,1,2,1,1,1,1,
277669510978,1,2,1,1,1,1,
277670010978,1,2,2,2,1,1,
277671510978,1,2,2,1,1,1,
277674010978,1,2,1,1,1,1,
277674510978,1,2,1,1,1,1,
277675010978,1,2,2,1,1,1,
277676010978,1,1,1,1,1,1,
277677010978,1,2,2,1,1,1,
277677510978,1,2,2,1,1,1,
277678010978,1,2,2,1,1,1,
277678510978,1,2,1,1,1,1,
277679510978,1,2,1,1,1,1,
277681010978,1,2,1,1,1,1,
277681510978,1,2,2,1,1,1,
277682010978,1,2,1,1,1,1,
277682510978,1,2,1,1,1,1,
277684010978,1,2,2,1,1,1,
277685010978,1,2,1,1,1,1,
277685510978,1,2,2,1,1,1,
277686010978,1,2,2,1,1,1,
277686510978,1,2,2,1,1,1,
277687510978,1,2,1,1,1,1,
277688010978,1,2,1,1,1,1,
277692010978,1,2,2,1,1,1,
277692510978,1,2,2,1,1,1,
277694510978,1,2,2,1,1,1,
277695010978,1,2,2,1,1,1,
277695510978,1,2,2,2,2,1,
277696010978,1,2,1,1,1,1,
277697510978,1,2,2,2,1,1,
277698510978,1,2,2,1,1,1,
277701010978,1,2,1,1,1,1,
277701510978,1,2,2,1,1,1,
277702010978,1,2,2,2,1,1,
277702510978,1,2,2,1,1,1,
277703510978,1,2,2,2,2,2,
277704010978,1,2,1,1,1,1,
277704510978,1,2,1,1,1,1,
277708010978,1,2,2,2,1,1,
277708510978,1,2,2,1,1,1,
277709510978,1,2,1,1,1,1,
277712010978,1,2,2,2,2,2,
277712510978,1,2,2,1,1,1,
277714010978,1,2,2,2,1,1,
277715010978,1,2,2,1,1,1,
277715510978,1,2,1,1,1,1,
277716010978,1,2,2,1,1,1,
277717010978,1,2,2,2,1,1,
277718010978,1,2,2,2,2,2,
277719010978,1,2,2,1,1,1,
277720510978,1,2,1,1,1,1,
277721010978,1,2,2,1,1,1,
277722010978,1,2,2,1,1,1,
277722510978,1,1,1,1,1,1,
277723010978,1,2,1,1,1,1,
277723510978,1,2,2,2,1,1,
277724510978,1,2,2,1,1,1,
277725510978,1,2,2,1,1,1,
277726010978,1,2,2,1,1,1,
277726510978,1,2,2,1,1,1,
277727010978,1,2,1,1,1,1,
277729510978,1,2,1,1,1,1,
277730010978,1,2,2,1,1,1,
277732010978,1,2,2,1,1,1,
277732510978,1,2,2,1,1,1,
277733010978,1,2,2,1,1,1,
277734010978,1,2,2,1,1,1,
277734510978,1,2,2,1,1,1,
277738510978,1,2,2,1,1,1,
277739010978,1,2,2,1,1,1,
277740010978,1,2,1,1,1,1,
277742510978,1,2,1,1,1,1,
277743510978,1,2,2,1,1,1,
277744510978,1,2,2,1,1,1,
277746510978,1,2,1,1,1,1,
277747010978,1,2,1,1,1,1,
277747510978,1,2,2,1,1,1,
277748010978,1,2,2,1,1,1,
277749010978,1,2,1,1,1,1,
277749510978,1,2,2,1,1,1,
277750010978,1,2,2,1,1,1,
277751010978,1,2,2,1,1,1,
277751510978,1,2,2,1,1,1,
277752510978,1,2,2,1,1,1,
277753010978,1,2,1,1,1,1,
277753510978,1,2,1,1,1,1,
277755010978,1,1,1,1,1,1,
277756010978,1,2,1,1,1,1,
277758010978,1,2,2,1,1,1,
277758510978,1,2,1,1,1,1,
277759010978,1,2,2,1,1,1,
277759510978,1,2,2,1,1,1,
277760510978,1,2,2,2,1,1,
277761510978,1,2,2,1,1,1,
277762010978,1,2,2,1,1,1,
277763010978,1,2,2,1,1,1,
277763510978,1,2,1,1,1,1,
277764010978,1,2,2,1,1,1,
277764510978,1,2,2,2,1,1,
277765510978,1,2,2,1,1,1,
277766010978,1,2,2,1,1,1,
277767010978,1,2,1,1,1,1,
277767510978,1,2,1,1,1,1,
277768510978,1,2,1,1,1,1,
277769010978,1,1,1,1,1,1,
277770010978,1,2,1,1,1,1,
277770510978,1,1,1,1,1,1,
277773510978,1,2,1,1,1,1,
277775510978,1,2,1,1,1,1,
277776510978,1,2,2,1,1,1,
277777010978,1,2,1,1,1,1,
277777510978,1,2,2,1,1,1,
277778510978,1,2,2,1,1,1,
277779510978,1,2,1,1,1,1,
277780010978,1,2,2,1,1,1,
277780510978,1,2,2,1,1,1,
277781010978,1,2,1,1,1,1,
277781510978,1,2,2,1,1,1,
277783010978,1,2,1,1,1,1,
277784010978,1,2,2,2,2,2,
277784510978,1,2,1,1,1,1,
277787010978,1,2,1,1,1,1,
277788010978,1,2,2,1,1,1,
277789510978,1,2,2,1,1,1,
277790510978,1,2,1,1,1,1,
277791010978,1,2,2,2,1,1,
277792510978,1,2,1,1,1,1,
277795010978,1,2,2,1,1,1,
277795510978,1,2,1,1,1,1,
277796010978,1,2,2,1,1,1,
277797510978,1,2,1,1,1,1,
277798010978,1,2,2,2,1,1,
277800010978,1,2,2,1,1,1,
277800510978,1,2,1,1,1,1,
277801010978,1,2,2,1,1,1,
277802010978,1,2,2,2,1,1,
277803010978,1,2,1,1,1,1,
277803510978,1,2,1,1,1,1,
277804010978,1,2,1,1,1,1,
277804510978,1,2,2,2,1,1,
277805010978,1,2,1,1,1,1,
277805510978,1,2,2,1,1,1,
277806010978,1,2,2,1,1,1,
277807510978,1,2,2,1,1,1,
277809010978,1,2,2,1,1,1,
277811010978,1,2,2,1,1,1,
277812510978,1,2,1,1,1,1,
277813010978,1,2,2,2,1,1,
277814510978,1,2,2,1,1,1,
277815010978,1,2,2,1,1,1,
277817010978,1,2,2,1,1,1,
277818010978,1,2,2,1,1,1,
277819010978,1,2,1,1,1,1,
277819510978,1,2,2,1,1,1,
277820510978,1,2,1,1,1,1,
277821510978,1,2,2,1,1,1,
277822010978,1,2,2,1,1,1,
277822510978,1,2,2,1,1,1,
277825010978,1,2,2,1,1,1,
277828510978,1,2,2,1,1,1,
277829010978,1,2,1,1,1,1,
277829510978,1,2,2,1,1,1,
277830510978,1,2,1,1,1,1,
277831510978,1,2,2,1,1,1,
277832010978,1,2,2,1,1,1,
277833010978,1,2,2,1,1,1,
277833510978,1,2,2,1,1,1,
277834010978,1,2,2,2,2,2,
277834510978,1,2,2,1,1,1,
277836510978,1,2,1,1,1,1,
277837010978,1,2,2,1,1,1,
277838510978,1,2,2,1,1,1,
277839510978,1,1,2,1,1,1,
277845010978,1,2,1,1,1,1,
277847010978,1,2,1,1,1,1,
277848510978,1,2,2,1,1,1,
277851010978,1,2,1,1,1,1,
277853510978,1,2,1,1,1,1,
277854010978,1,2,2,1,1,1,
277854510978,1,2,1,2,2,1,
277855010978,1,1,1,1,1,1,
277856510978,1,2,2,1,1,1,
277857010978,1,2,2,1,1,1,
277857510978,1,2,2,1,1,1,
277858510978,1,2,1,1,1,1,
277859010978,1,2,2,1,1,1,
277859510978,1,2,1,1,1,1,
277860010978,1,2,2,1,1,1,
277861010978,1,2,2,1,1,1,
277861510978,1,2,1,1,1,1,
277862010978,1,2,2,1,1,1,
277862510978,1,2,2,2,1,1,
277863010978,1,2,1,1,1,1,
277863510978,1,2,1,1,1,1,
277865010978,1,2,2,1,1,1,
277865510978,1,2,2,1,1,1,
277867510978,1,2,1,1,1,1,
277868010978,1,2,2,2,1,1,
277869510978,1,2,1,1,1,1,
277870510978,1,2,2,1,1,1,
277873010978,1,2,2,1,1,1,
277873510978,1,2,2,1,1,1,
277874510978,1,2,2,1,1,1,
277876010978,1,2,2,1,1,1,
277877010978,1,2,2,2,1,1,
277879010978,1,2,2,1,1,1,
277879510978,1,2,2,1,1,1,
277880010978,1,1,1,1,1,1,
277880510978,1,2,1,1,1,1,
277881010978,1,2,2,1,1,1,
277882010978,1,2,2,1,1,1,
277883010978,1,2,2,1,1,1,
277883510978,1,2,1,1,1,1,
277884510978,1,2,2,1,1,1,
277885510978,1,2,2,2,1,1,
277886510978,1,2,1,1,1,1,
277887010978,1,2,1,1,1,1,
277889010978,1,2,2,2,1,1,
277889510978,1,2,2,1,1,1,
277890010978,1,2,2,2,1,1,
277890510978,1,2,2,1,1,1,
277892010978,1,2,2,2,2,2,
277892510978,1,2,2,1,1,1,
277894510978,1,2,2,1,1,1,
277895010978,1,2,2,1,1,1,
277897010978,1,2,2,1,1,1,
277898010978,1,1,1,1,1,1,
277898510978,1,2,2,1,1,1,
277899010978,1,2,1,1,1,1,
277899510978,1,2,1,1,1,1,
277900010978,1,2,2,1,1,1,
277901510978,1,2,1,1,1,1,
277903010978,1,2,1,1,1,1,
277903510978,1,2,2,1,1,1,
277904510978,1,2,2,1,1,1,
277905510978,1,2,1,1,1,1,
277906010978,1,2,2,1,1,1,
277908010978,1,2,2,2,1,1,
277908510978,1,2,1,1,1,1,
277909010978,1,2,2,1,1,1,
277909510978,1,2,2,1,1,1,
277910510978,1,1,2,2,1,1,
277912010978,1,2,2,2,1,1,
277913010978,1,2,2,1,1,1,
277913510978,1,2,2,1,1,1,
277914010978,1,2,1,1,1,1,
277914510978,1,2,2,1,1,1,
277915010978,1,2,2,1,1,1,
277916510978,1,2,1,1,1,1,
277917510978,1,2,2,2,1,1,
277918010978,1,2,2,1,1,1,
277919010978,1,2,2,1,1,1,
277919510978,1,2,2,1,1,1,
277920010978,1,2,2,1,1,1,
277921510978,1,2,1,1,1,1,
277922010978,1,2,2,1,1,1,
277923010978,1,2,2,2,2,2,
277924510978,1,2,2,2,2,2,
277925510978,1,2,2,2,1,1,
277926010978,1,2,1,1,1,1,
277926510978,1,2,2,1,1,1,
277928010978,1,2,2,1,1,1,
277928510978,1,2,2,1,1,1,
277930010978,1,2,2,2,2,2,
277931010978,1,2,2,1,1,1,
277931510978,1,2,2,1,1,1,
277932510978,1,2,2,1,1,1,
277933510978,1,2,2,1,1,1,
277934010978,1,2,2,2,2,1,
277934510978,1,2,2,1,1,1,
277936510978,1,2,2,1,1,1,
277937510978,1,2,2,2,2,1,
277938010978,1,2,2,1,1,1,
277938510978,1,2,1,1,1,1,
277939010978,1,2,2,2,2,2,
277940010978,1,2,1,1,1,1,
277940510978,1,2,1,1,1,1,
277941010978,1,2,2,1,1,1,
277941510978,1,2,2,1,1,1,
277942010978,1,2,2,2,1,1,
277942510978,1,2,2,1,1,1,
277943010978,1,2,1,1,1,1,
277943510978,1,2,2,2,2,1,
277944010978,1,2,2,1,1,1,
277944510978,1,2,2,1,1,1,
277945010978,1,2,1,1,1,1,
277946510978,1,2,2,1,1,1,
277948010978,1,1,1,1,1,1,
277948510978,1,2,2,1,1,1,
277949010978,1,2,2,1,1,1,
277949510978,1,2,2,1,1,1,
277950010978,1,2,1,1,1,1,
277951010978,1,2,1,1,1,1,
277951510978,1,2,1,1,1,1,
277955010978,1,2,1,1,1,1,
277955510978,1,2,2,1,1,1,
277956010978,1,2,2,1,1,1,
277956510978,1,2,2,1,1,1,
277957510978,1,2,2,2,2,2,
277958010978,1,2,1,1,1,1,
277958510978,1,2,1,1,1,1,
277960010978,1,2,2,2,2,2,
277963010978,1,2,2,1,1,1,
277965010978,1,2,2,1,1,1,
277967010978,1,2,2,2,1,1,
277967510978,1,2,2,1,1,1,
277968010978,1,2,2,1,1,1,
277969010978,1,2,2,2,2,1,
277969510978,1,2,2,1,1,1,
277971010978,1,2,2,1,1,1,
277972510978,1,2,2,1,1,1,
277973010978,1,2,2,2,1,1,
277974010978,1,2,2,1,1,1,
277975010978,1,2,2,1,1,1,
277975510978,1,2,1,1,1,1,
277976510978,1,2,2,1,1,1,
277978510978,1,2,2,2,1,1,
277979010978,1,2,1,1,1,1,
277979510978,1,2,1,1,1,1,
277980010978,1,1,1,1,1,1,
277981510978,1,2,2,1,1,1,
277983010978,1,2,2,1,1,1,
277983510978,1,2,2,1,1,1,
277984510978,1,2,1,1,1,1,
277985510978,1,2,1,1,1,1,
277986010978,1,2,2,1,1,1,
277986510978,1,2,2,1,1,1,
277987510978,1,2,2,2,2,2,
277988010978,1,2,2,1,1,1,
277988510978,1,2,2,1,1,1,
277989010978,1,2,2,2,2,2,
277989510978,1,2,1,1,1,1,
277990010978,1,2,2,1,1,1,
277991010978,1,2,1,1,1,1,
277991510978,1,2,2,2,1,1,
277992010978,1,2,2,1,1,1,
277992510978,1,2,2,2,2,2,
277994510978,1,2,2,2,1,1,
277995510978,1,2,2,1,1,1,
277996510978,1,2,2,1,1,1,
277998510978,1,2,1,1,1,1,
278001010978,1,2,2,2,1,1,
278002010978,1,2,1,1,1,1,
278002510978,1,2,1,1,1,1,
278003010978,1,2,1,1,1,1,
278004010978,1,2,1,1,1,1,
278005010978,1,2,2,1,1,1,
278005510978,1,2,2,2,2,1,
278006010978,1,2,1,1,1,1,
278006510978,1,1,1,1,1,1,
278007010978,1,2,2,1,1,1,
278008010978,1,2,1,1,1,1,
278008510978,1,2,2,1,1,1,
278010010978,1,2,2,1,1,1,
278011010978,1,1,1,1,1,1,
278015510978,1,2,2,1,1,1,
278016010978,1,2,2,1,1,1,
278017010978,1,2,1,1,1,1,
278017510978,1,2,1,1,1,1,
278018010978,1,2,2,2,1,1,
278019010978,1,2,2,1,1,1,
278020510978,1,2,1,1,1,1,
278021010978,1,2,1,1,1,1,
278022010978,1,2,2,1,1,1,
278022510978,1,2,2,1,1,1,
278023010978,1,2,1,1,1,1,
278023510978,1,2,1,1,1,1,
278024010978,1,2,2,1,1,1,
278025010978,1,2,2,2,2,1,
278025510978,1,2,2,1,1,1,
278026010978,1,2,1,1,1,1,
278026510978,1,2,2,1,1,1,
278027010978,1,2,2,1,1,1,
278027510978,1,2,1,1,1,1,
278030510978,1,2,2,1,1,1,
278031510978,1,2,2,1,1,1,
278032010978,1,2,2,1,1,1,
278032510978,1,2,2,1,1,1,
278034010978,1,2,1,1,1,1,
278034510978,1,2,2,1,1,1,
278037010978,1,2,2,1,1,1,
278039010978,1,2,1,1,1,1,
278040010978,1,2,2,1,1,1,
278040510978,1,2,2,1,1,1,
278041010978,1,2,1,1,1,1,
278042010978,1,2,2,2,1,1,
278042510978,1,2,2,1,1,1,
278044010978,1,2,1,1,1,1,
278045510978,1,2,2,1,1,1,
278046510978,1,2,2,2,2,1,
278047510978,1,2,2,1,1,1,
278049010978,1,2,2,2,2,1,
278051010978,1,2,2,2,1,1,
278052010978,1,2,2,1,1,1,
278053010978,1,2,2,1,1,1,
278053510978,1,2,2,2,2,1,
278059010978,1,2,1,1,1,1,
278060010978,1,2,2,1,1,1,
278060510978,1,2,2,1,1,1,
278061010978,1,2,1,1,1,1,
278062010978,1,2,2,1,1,1,
278062510978,1,2,1,1,1,1,
278063010978,1,2,2,2,2,2,
278063510978,1,2,2,1,1,1,
278065510978,1,2,1,1,1,1,
278067010978,1,2,2,1,1,1,
278067510978,1,2,1,1,1,1,
278069510978,1,2,1,1,1,1,
278071010978,1,2,2,1,1,1,
278071510978,1,2,2,1,1,1,
278072010978,1,2,2,2,1,1,
278072510978,1,2,2,1,1,1,
278073510978,1,2,2,1,1,1,
278074010978,1,2,1,1,1,1,
278075010978,1,2,2,2,2,2,
278076510978,1,2,1,1,1,1,
278077010978,1,2,2,2,1,1,

