,W-0,R-0,R-1,R-2,R-3,R-4,
277607010978,4262,17194,4473,8075,8787,9515,
277607510978,19375,22583,25812,24544,30308,20187,
277608510978,174744,189250,188492,189991,191532,191396,
277609510978,92307,112732,112364,112580,113813,117287,
277610510978,4496,15133,4625,5680,7754,9635,
277614010978,3216,13491,4660,5371,7319,9064,
277614510978,7169,19976,7404,10955,11624,12211,
277615510978,5282,13012,16189,7321,8784,11321,
277619510978,7332,29583,29798,7805,27255,29310,
277622010978,16780,23457,23743,25199,23516,25530,
277623010978,6594,19492,19803,6604,17527,18593,
277624510978,10816,18345,22496,22668,10946,14558,
277625010978,5069,15609,5312,7105,9755,9174,
277625510978,6062,13778,17162,6262,7701,10005,
277628510978,4819,22010,22261,6863,7261,9257,
277629010978,7104,18593,7934,7620,9960,10200,
277629510978,9521,16322,22692,10485,10626,10653,
277630010978,15745,25432,27530,27726,27857,28090,
277631010978,4972,14749,20809,7078,7932,10551,
277634010978,5124,20529,8200,8630,9008,11646,
277636010978,4613,13393,17426,5723,12091,12603,
277636510978,5176,19344,19868,5998,16285,16539,
277637010978,7252,17565,17240,7497,7926,9633,
277638510978,7561,18391,19304,7673,10656,10933,
277639010978,6940,16379,22337,13674,13900,14881,
277641510978,5711,32291,6526,6532,28811,31788,
277642510978,14788,20279,28351,19483,19875,20474,
277643010978,9459,14793,9888,10365,12388,12329,
277645010978,4656,16972,5735,6934,7966,9520,
277646010978,8600,14186,16409,8689,8491,9279,
277646510978,7530,19361,26516,19745,7368,13685,
277647510978,6559,14284,34980,5984,9144,9842,
277648510978,22618,29570,29285,30090,22410,24155,
277649010978,11624,14837,12220,13143,13381,14584,
277650510978,4583,15241,17427,6905,7311,10157,
277652010978,3683,12972,7926,10422,10094,10711,
277652510978,7056,14500,17764,7226,7979,9184,
277655010978,10811,17834,24864,11365,14209,14619,
277655510978,5510,14190,17293,5990,7317,11531,
277656010978,5054,15291,17637,10290,12858,12620,
277657010978,7111,15757,17250,18387,7909,9805,
277657510978,5369,16871,17168,5547,10090,10106,
277658010978,4974,21192,20884,6823,7184,9562,
277659510978,5432,14580,15522,5964,7641,11785,
277660010978,6682,30340,31210,7303,8797,10065,
277661010978,7112,22138,23929,8715,11260,12653,
277661510978,3511,22259,23473,6913,7388,10009,
277662510978,4607,15884,20884,9719,10775,11105,
277663010978,4635,19059,21564,6355,7603,9799,
277663510978,24873,27461,27470,28078,26516,42122,
277664010978,4480,13370,15325,5506,9752,10351,
277665510978,7976,39365,7757,9060,11518,13910,
277667510978,5165,18866,18156,6360,7540,17677,
277668510978,124569,123797,124018,124159,123221,123004,
277669010978,8894,21107,11091,10908,11183,11477,
277669510978,5287,19866,5170,12931,13677,14328,
277670010978,5821,21505,21064,21962,8387,17449,
277671510978,9399,12932,36451,10944,10585,10732,
277674010978,3254,22721,4056,5157,7308,11112,
277674510978,6951,14927,6598,8361,13145,13470,
277675010978,4761,16559,18829,6275,9364,10141,
277676010978,3916,4761,7508,7654,12224,12176,
277677010978,10915,24000,21793,11323,14823,15010,
277677510978,11948,19198,20278,12202,12385,13337,
277678010978,6668,17183,16996,9236,10187,12116,
277678510978,13993,16938,14144,15147,15294,16233,
277679510978,11838,22820,13423,11971,13642,13821,
277681010978,4395,15680,4964,8131,9986,11061,
277681510978,4818,14619,14814,6424,9630,10534,
277682010978,3677,14184,4815,5531,9015,11187,
277682510978,6999,14260,7222,8424,8476,9309,
277684010978,5912,15300,15903,6068,7167,9591,
277685010978,3304,17544,3663,6994,7885,10120,
277685510978,4636,13334,15366,5137,8639,12566,
277686010978,5897,17547,20980,5835,9341,10113,
277686510978,5379,17439,18736,7228,10068,10408,
277687510978,10111,21160,11176,11880,12306,12966,
277688010978,11496,23386,11615,12186,12873,13003,
277692010978,4913,16548,17169,6020,8625,9634,
277692510978,4924,15951,16547,9147,10253,10775,
277694510978,8729,15662,20064,9654,10643,10930,
277695010978,5713,31015,31262,7389,8554,10353,
277695510978,10755,20421,25021,23200,24447,14322,
277696010978,5182,16605,5440,5490,10960,11016,
277697510978,14065,37212,37056,36892,15405,15443,
277698510978,5697,14781,18393,6644,8964,9896,
277701010978,18152,20445,18166,18425,19205,20284,
277701510978,10744,16938,21701,14631,14870,15170,
277702010978,5977,15180,16741,17764,10409,11254,
277702510978,4701,13431,16251,5014,9051,9318,
277703510978,27190,51973,51146,50810,51565,51783,
277704010978,5414,30620,5593,5980,7407,11150,
277704510978,4835,20557,5222,8625,18515,19415,
277708010978,13076,17220,19874,30836,15021,16251,
277708510978,5292,14529,17735,9508,11390,11791,
277709510978,4549,19349,7355,7550,12071,12352,
277712010978,118135,130821,130940,130379,130558,131084,
277712510978,4988,15829,16469,6433,7065,9071,
277714010978,13291,19369,19559,19789,14643,14524,
277715010978,3728,17368,17297,6147,12796,13901,
277715510978,3104,13169,3917,5455,8464,10257,
277716010978,4137,14793,17092,14902,13405,14326,
277717010978,8444,19140,19294,19336,16991,17498,
277718010978,13126,23355,23703,23199,22684,23389,
277719010978,5774,20671,20806,5867,7282,10521,
277720510978,4107,14255,4061,6946,12284,12951,
277721010978,3878,15483,16509,6661,8687,9591,
277722010978,4644,12825,16325,8050,10433,11266,
277722510978,7803,7978,8523,7983,8775,15219,
277723010978,12524,18586,13219,17357,17378,18369,
277723510978,7214,15416,16369,17228,7572,12410,
277724510978,4708,16199,16349,14655,14848,14964,
277725510978,5831,13292,19061,6707,7725,11757,
277726010978,3859,16599,16665,5340,7020,10544,
277726510978,12755,25309,25676,17968,13415,13809,
277727010978,3848,17386,5125,7434,8897,9526,
277729510978,5603,16180,6016,6731,7426,9582,
277730010978,5212,17180,19732,5592,7455,9106,
277732010978,5173,22879,22344,6914,8869,9727,
277732510978,5761,12659,35115,5831,7189,10598,
277733010978,4957,14466,14979,5370,13388,9254,
277734010978,17912,19722,29367,18286,19254,19646,
277734510978,5265,13873,16336,8643,9537,12279,
277738510978,4876,24945,23333,6959,7281,9691,
277739010978,5989,21723,17242,6413,7197,16665,
277740010978,3514,19314,3943,6010,7913,17905,
277742510978,4688,16690,4847,5994,10406,10737,
277743510978,4942,13403,16089,5459,7074,9078,
277744510978,7682,19473,19334,7899,8657,11580,
277746510978,12581,15019,13558,13794,14265,14693,
277747010978,6952,19776,7175,10595,10752,11108,
277747510978,7272,14177,23433,10535,11286,11566,
277748010978,5100,13513,15124,11780,12486,12958,
277749010978,4825,15809,5077,5895,7578,14311,
277749510978,4878,13400,28694,6713,7832,9455,
277750010978,5472,15840,16251,6984,7370,9222,
277751010978,5098,22354,23515,6438,7596,11182,
277751510978,3683,21972,21710,19549,20844,21158,
277752510978,5830,20251,19695,7589,9260,14215,
277753010978,3618,15072,3925,5289,7333,14747,
277753510978,3939,15343,4607,7303,7819,12154,
277755010978,10648,18770,18305,18418,19418,19649,
277756010978,6083,17017,6494,10102,10903,10519,
277758010978,4739,14773,15766,5774,7137,10303,
277758510978,6304,17302,6407,9947,10319,10554,
277759010978,5303,18017,19510,5638,7389,9331,
277759510978,8697,34612,35673,9187,10856,11597,
277760510978,6674,13153,25962,26823,7631,11608,
277761510978,4774,14430,15149,9280,9743,10628,
277762010978,4534,21782,20417,5986,7737,18781,
277763010978,3995,14741,15251,5665,10874,11859,
277763510978,5228,17233,5293,8557,8576,16130,
277764010978,4664,13479,15498,6933,8072,9406,
277764510978,7383,15581,16923,20071,8091,9576,
277765510978,13828,20643,28923,14181,20355,20485,
277766010978,5431,15521,15627,14685,15264,18972,
277767010978,5615,13295,5782,5865,8470,9284,
277767510978,4908,16120,5165,6518,8603,12211,
277768510978,4373,15465,6577,6942,8081,12483,
277769010978,3257,3927,4869,5629,7292,12057,
277770010978,4358,28783,5190,6800,8895,10199,
277770510978,3672,4626,4797,5932,10469,10610,
277773510978,6675,18077,6842,6983,13165,17837,
277775510978,7243,14492,7480,9439,9775,10401,
277776510978,7329,15534,19531,8473,8603,9588,
277777010978,5011,14356,5644,6905,8304,9694,
277777510978,5578,17726,18419,6148,7421,9245,
277778510978,11656,19782,20218,12633,13551,14615,
277779510978,12538,15379,14317,13681,14658,14875,
277780010978,4724,14633,14808,5860,8608,9919,
277780510978,6738,20132,20505,6918,8303,9494,
277781010978,10432,13804,12555,12890,12991,12742,
277781510978,9187,17994,18900,8905,9638,10347,
277783010978,10935,24073,11747,16524,16822,17471,
277784010978,93713,111735,111866,111986,113361,115366,
277784510978,6334,27897,6704,7633,9081,10372,
277787010978,14913,17866,15910,16002,17065,17098,
277788010978,7580,18710,19603,8517,9312,12942,
277789510978,11898,31114,34899,12965,13940,14241,
277790510978,12859,16497,13457,14320,14613,14728,
277791010978,7133,15647,16752,22186,7523,9601,
277792510978,10947,26181,11919,12153,12153,11344,
277795010978,3729,14158,16375,5185,7646,11212,
277795510978,6696,21240,6741,7155,20194,20673,
277796010978,5303,17319,17515,9413,13687,13826,
277797510978,3553,18889,3849,7114,9971,11466,
277798010978,7078,14506,17559,19100,9236,9490,
277800010978,7403,21366,21493,9544,12282,12220,
277800510978,7501,12968,7010,7426,8409,9616,
277801010978,11230,17557,17911,16267,16559,16752,
277802010978,8415,30493,28951,30359,8882,9958,
277803010978,9421,25399,10415,10866,10959,11137,
277803510978,9081,15809,9555,10375,10722,11660,
277804010978,4448,17252,4862,5764,7649,9331,
277804510978,7263,19110,20224,21137,7521,9496,
277805010978,3781,20752,16411,17403,18311,20924,
277805510978,7214,13355,19368,7550,8869,9551,
277806010978,8074,17942,18781,9061,9418,9879,
277807510978,7266,13971,18275,7417,7927,13580,
277809010978,6422,19398,19592,6888,8795,9473,
277811010978,7653,19782,20066,7248,18207,19814,
277812510978,6866,13162,7534,7076,8466,12855,
277813010978,7566,18838,19194,19582,8058,10244,
277814510978,5357,15189,16021,7265,7864,11817,
277815010978,5210,17444,17993,7288,8459,9322,
277817010978,4973,18941,19351,5314,7327,18124,
277818010978,4296,24522,22432,6002,7667,12317,
277819010978,16085,38657,16841,17058,17195,17314,
277819510978,5111,14204,19137,8934,11815,12770,
277820510978,5429,12510,5769,6822,8764,11271,
277821510978,6753,17225,17440,6831,7613,9525,
277822010978,5053,19991,20206,6365,8001,19093,
277822510978,6626,19393,19641,6849,8787,10460,
277825010978,5239,13470,15798,5405,13217,13076,
277828510978,3984,13234,17160,5452,12122,12375,
277829010978,3419,16087,3831,9448,11761,11513,
277829510978,6731,20619,21081,18870,22480,20113,
277830510978,8504,21323,8764,9324,9815,10646,
277831510978,6924,20391,16826,9106,9289,10377,
277832010978,9998,17743,17999,10257,12649,13596,
277833010978,5248,15813,16783,5914,7654,9349,
277833510978,5856,15249,16513,6983,11884,12177,
277834010978,40435,43090,44761,45088,44972,43258,
277834510978,5295,19147,20107,6001,9648,10694,
277836510978,5557,18848,5680,8153,8382,10243,
277837010978,5411,18804,18836,7486,9299,15961,
277838510978,4729,17733,18192,6992,7380,10772,
277839510978,5478,5682,16241,6932,9179,11378,
277845010978,9560,13538,9988,11119,11921,12760,
277847010978,5448,16136,5344,6499,8751,9845,
277848510978,5911,26636,28721,6410,8172,9458,
277851010978,3871,18550,4468,5489,9977,10423,
277853510978,6808,19895,7306,7465,7925,9266,
277854010978,6799,15698,20195,7947,8753,10873,
277854510978,12633,26854,14575,26755,23540,14369,
277855010978,10801,16908,17097,18052,17431,17310,
277856510978,5459,14895,18463,5394,8701,9692,
277857010978,5195,15789,16701,7013,9923,10616,
277857510978,10343,19931,22088,11885,12632,13066,
277858510978,3228,21662,5948,19281,20229,20478,
277859010978,7589,17438,21334,7710,10681,11084,
277859510978,3703,20347,4339,6669,10409,12079,
277860010978,10875,33559,33369,13428,13120,12917,
277861010978,4884,15415,15275,5873,8567,11304,
277861510978,3331,14003,5412,6535,9270,9968,
277862010978,4817,16411,16562,6719,9762,11884,
277862510978,6510,21874,21471,31876,20281,20649,
277863010978,6465,26309,6358,6832,8824,9609,
277863510978,3548,14399,3755,5484,8898,14099,
277865010978,7731,13564,17698,7762,9455,13388,
277865510978,5980,15243,18299,6207,11812,13088,
277867510978,4876,20350,7349,7355,8579,10648,
277868010978,10335,20936,21228,21476,10852,10838,
277869510978,3325,33695,5404,6859,9170,9287,
277870510978,4439,15423,15856,5252,7324,9258,
277873010978,3785,22558,26379,8017,8454,9552,
277873510978,5717,21009,21197,5643,20075,20309,
277874510978,7280,21428,21144,7610,9166,11990,
277876010978,6930,21236,21864,6890,8723,12686,
277877010978,7324,22314,20324,22964,8503,18403,
277879010978,11525,22620,31516,10842,13635,13969,
277879510978,7298,12926,20736,8716,9261,11132,
277880010978,9604,10071,12224,11440,11700,12062,
277880510978,7005,12919,8668,9188,9381,9581,
277881010978,5095,17959,17845,7154,9005,11416,
277882010978,5105,31218,31886,9343,9699,11891,
277883010978,6355,34358,34560,31425,32842,33853,
277883510978,4537,27703,5987,6625,8690,12699,
277884510978,5211,13892,19173,6655,7497,9241,
277885510978,7317,16441,16594,20282,8553,10194,
277886510978,5255,22520,5381,6478,7358,11913,
277887010978,7421,34699,11915,12821,15178,15536,
277889010978,6949,30517,30741,28938,7476,25770,
277889510978,5189,16586,16752,5390,14857,15701,
277890010978,8636,17267,17539,20596,10306,10485,
277890510978,6612,18467,19740,7243,15782,17366,
277892010978,14373,25851,27838,24902,25454,25669,
277892510978,4970,14402,31468,7255,7422,9773,
277894510978,3755,13102,17307,5969,8799,12760,
277895010978,4755,15308,16897,6403,12662,13913,
277897010978,3585,16382,16868,6936,8850,10695,
277898010978,3552,4333,5477,5873,12237,12504,
277898510978,4356,14008,22064,5174,7009,9293,
277899010978,3601,12615,4714,6876,7728,9135,
277899510978,5441,20057,7181,6797,9198,11504,
277900010978,4449,14594,15211,5437,10421,12923,
277901510978,4586,16793,5560,8665,9272,11060,
277903010978,3842,13839,4595,6413,7335,9224,
277903510978,4783,22373,22676,7183,7654,21523,
277904510978,5199,14396,16016,6859,10755,11209,
277905510978,5735,12461,6889,5892,8955,11801,
277906010978,4142,13341,24393,9192,9995,10317,
277908010978,11004,15083,20620,22863,12851,13184,
277908510978,6092,13121,6409,7642,8804,9334,
277909010978,7945,12641,15685,8154,8762,12359,
277909510978,4980,19145,20497,7247,7413,9299,
277910510978,17355,18595,23184,28619,18613,21392,
277912010978,5439,28744,29858,30007,10462,10752,
277913010978,5464,18204,18366,5807,7190,10196,
277913510978,4604,16785,17064,5692,8666,9342,
277914010978,3977,18932,4449,5576,8801,9510,
277914510978,4867,15233,20064,6535,7284,13769,
277915010978,4314,17293,17408,16226,16398,16568,
277916510978,7272,26866,7518,8871,12357,12499,
277917510978,8513,14184,22489,21745,10267,10407,
277918010978,6946,18409,19616,16837,18160,19798,
277919010978,3648,16104,16334,5548,9547,9686,
277919510978,5365,17126,17311,6955,9168,9396,
277920010978,6265,23908,39073,7402,8135,13716,
277921510978,4128,15844,5566,7427,9315,9620,
277922010978,4566,14818,15470,11182,12650,11588,
277923010978,23233,25831,26920,24704,24327,26259,
277924510978,14193,21815,20478,20197,21139,24815,
277925510978,7232,14678,19426,18252,7992,9882,
277926010978,4059,13337,4832,6228,7279,9183,
277926510978,5943,13380,25120,6992,7311,9295,
277928010978,6629,15367,19787,7244,9072,11867,
277928510978,3334,14202,21460,7620,7986,9205,
277930010978,134826,155126,154670,154509,154773,154597,
277931010978,5525,25908,26151,5754,9512,11974,
277931510978,7278,15620,17708,7531,7531,9871,
277932510978,9778,17862,20487,12335,11932,12176,
277933510978,3599,12549,20406,5943,7309,9260,
277934010978,15546,17201,17683,18005,22233,16514,
277934510978,6676,16571,16791,5647,16791,15749,
277936510978,5439,23499,23707,5660,7964,9315,
277937510978,7967,18146,18635,19384,20218,9403,
277938010978,6788,23471,23648,16934,20192,22866,
277938510978,4961,29580,7835,8481,12181,12354,
277939010978,11916,14679,15902,19527,20341,23064,
277940010978,3384,12551,3719,5805,6991,9019,
277940510978,6436,18331,7093,7480,8732,12709,
277941010978,15612,18371,18374,15556,15831,16530,
277941510978,3718,13106,16078,5305,9151,12004,
277942010978,6836,22431,21607,21412,19889,20979,
277942510978,21061,23156,35983,22920,24154,24582,
277943010978,9068,15898,10408,9270,9421,10247,
277943510978,12143,15085,16793,20162,20281,12752,
277944010978,3732,13694,16667,11431,13154,12913,
277944510978,4895,12722,28518,5547,7360,9310,
277945010978,4711,15731,5302,5795,10260,10617,
277946510978,9109,24775,25798,9282,10198,11779,
277948010978,3906,5717,6309,6498,8990,10960,
277948510978,5427,15668,16108,6870,7181,13609,
277949010978,4254,16925,17082,15322,17236,16301,
277949510978,5482,27285,27932,6378,7977,11513,
277950010978,4553,18094,4778,5736,8812,9532,
277951010978,3762,14724,4851,6925,9240,9368,
277951510978,3436,14080,4784,6079,7934,13568,
277955010978,3228,14738,3775,5269,8655,13824,
277955510978,3256,12785,15868,5293,7013,9080,
277956010978,6433,41080,40835,6648,8726,9914,
277956510978,5496,14053,14393,5580,7270,11177,
277957510978,93766,108559,112016,111885,112489,112306,
277958010978,3724,15678,4070,13692,14639,15085,
277958510978,4756,14207,5582,7502,7973,9524,
277960010978,133242,133643,133769,135669,135744,135889,
277963010978,7520,16200,16844,7641,10003,10295,
277965010978,7167,16129,16695,7281,7673,9437,
277967010978,7580,18246,21746,18952,7796,16696,
277967510978,7500,13824,19261,7775,9074,9960,
277968010978,5944,17134,19303,6612,7196,9807,
277969010978,11102,20346,20129,20263,24418,11235,
277969510978,5079,14860,16398,7986,13585,14176,
277971010978,5016,15820,15899,7285,7306,11187,
277972510978,4889,16409,16748,5338,9793,11546,
277973010978,7446,18768,19506,24907,7580,10996,
277974010978,6983,15516,18604,7203,8820,9833,
277975010978,5535,15731,22892,6824,10492,10966,
277975510978,12958,15428,13159,13755,14097,15812,
277976510978,8532,21550,21203,8279,12344,12253,
277978510978,6913,17212,17985,18516,7394,15912,
277979010978,10679,13609,13178,11431,11963,12084,
277979510978,6865,14210,7818,8837,8983,9287,
277980010978,3648,11492,13015,13845,14119,14563,
277981510978,6477,16503,17146,7128,7652,10861,
277983010978,6174,16877,17927,8900,8678,10101,
277983510978,5222,16293,18660,6123,15296,15801,
277984510978,7764,17755,7657,7766,9402,11883,
277985510978,7759,13599,8837,12188,12764,12975,
277986010978,10893,21738,22277,11202,12400,13495,
277986510978,5315,15191,21745,6751,12552,13058,
277987510978,114020,132437,132561,132668,132849,132961,
277988010978,3768,15139,15309,5245,10879,10363,
277988510978,5095,13067,16872,5637,7238,9234,
277989010978,155403,176976,177218,177281,193601,178416,
277989510978,5840,16356,6784,6996,8955,10750,
277990010978,11442,14014,24520,11537,13013,14079,
277991010978,5977,15526,6844,7258,8713,11056,
277991510978,7302,13939,15949,18254,8490,10362,
277992010978,4281,13466,16323,8665,9794,10791,
277992510978,88418,88504,110409,110654,120861,110848,
277994510978,5798,21156,20221,20790,7280,19398,
277995510978,5404,13191,19003,9869,12523,12977,
277996510978,5267,13275,18598,5366,7091,10704,
277998510978,9085,35600,10739,12274,13443,15653,
278001010978,7271,20720,17587,21119,8659,9661,
278002010978,7451,19963,7544,8565,9509,11828,
278002510978,9562,14264,9762,10320,12684,12310,
278003010978,15580,26615,17306,22407,21768,22018,
278004010978,7304,18641,8538,9584,8978,16798,
278005010978,5718,21361,21530,5948,9733,10165,
278005510978,30620,31515,46221,47148,46699,31174,
278006010978,7201,15019,8974,8837,9730,9881,
278006510978,5357,6877,10194,10697,13757,14012,
278007010978,6688,25697,14649,7621,7931,9165,
278008010978,4726,14543,5254,5658,9207,13713,
278008510978,3791,14634,16543,7374,7444,12622,
278010010978,3636,12812,14912,5133,8610,12515,
278011010978,6781,7342,8080,9345,9628,9749,
278015510978,7732,22700,22986,19678,20056,21971,
278016010978,5138,18437,18363,5533,10548,10718,
278017010978,16419,18660,16398,17366,18243,18535,
278017510978,5242,23624,6486,7285,17064,20661,
278018010978,8813,12755,24138,16646,9000,10205,
278019010978,7443,17361,17773,8918,9131,11613,
278020510978,9635,16768,9937,14012,14396,14574,
278021010978,3712,15689,3940,6705,8311,9794,
278022010978,5864,32253,32715,7511,8462,12280,
278022510978,5946,14284,20220,6406,8889,9423,
278023010978,4868,17583,6894,6725,8690,9428,
278023510978,6576,18075,7809,8617,9312,10328,
278024010978,11581,25284,17101,15244,16676,14659,
278025010978,22510,28011,27899,28242,28353,22380,
278025510978,7433,19870,21795,9522,9807,12500,
278026010978,3711,15616,4168,7687,9062,12525,
278026510978,18150,20828,21279,18812,19515,20531,
278027010978,7393,17962,20485,7549,10080,10512,
278027510978,8103,17491,8517,8701,9357,9681,
278030510978,4966,18157,18333,6730,7264,11532,
278031510978,7587,20672,20976,8343,8723,12552,
278032010978,5244,14995,18168,5605,9558,9874,
278032510978,5085,15766,16913,5300,16676,15469,
278034010978,4475,14683,4838,5656,11143,12473,
278034510978,5341,17077,18502,6377,11313,10358,
278037010978,25175,44374,44496,24881,25117,25275,
278039010978,4838,15492,4983,6652,8554,9471,
278040010978,4101,12671,18350,5525,8356,9812,
278040510978,3810,25716,26098,7094,8741,10676,
278041010978,8567,19013,8769,9229,9339,12561,
278042010978,9327,18119,20204,21611,8703,16763,
278042510978,7848,20849,21151,7570,7840,18762,
278044010978,14566,41857,NULL,NULL,NULL,NULL,
278045510978,13562,33448,34779,16646,22704,22350,
278046510978,9406,14546,19717,22349,22100,12501,
278047510978,11937,30149,30527,12962,13576,15073,
278049010978,9199,17659,17813,24777,24913,14418,
278051010978,7238,15077,16741,18502,8844,11431,
278052010978,11354,14837,19260,11443,11708,13560,
278053010978,5306,16526,16989,6768,8958,9415,
278053510978,11702,21426,21439,22339,22156,12200,
278059010978,7094,16353,8582,7652,8804,9899,
278060010978,6320,21178,21021,6806,7420,10350,
278060510978,7721,29681,30403,8752,13334,11293,
278061010978,3516,14013,6413,6816,9145,9401,
278062010978,7260,14722,18996,7692,9889,9775,
278062510978,4993,27385,5152,5645,9090,10793,
278063010978,24648,25770,34895,35539,39225,35738,
278063510978,9112,15224,16095,9083,10368,13491,
278065510978,4495,20094,4730,5138,7755,18944,
278067010978,3912,12657,14627,6905,8771,9580,
278067510978,4796,13087,5154,6007,7255,10401,
278069510978,9189,22552,11788,12132,12559,14215,
278071010978,7325,15571,19824,7616,8785,9417,
278071510978,5962,14949,19240,6772,8104,14754,
278072010978,9550,15870,24940,25837,9471,11019,
278072510978,9969,16095,16565,9784,10981,11579,
278073510978,5680,16171,17124,7874,14851,15339,
278074010978,6415,17299,6873,9383,12501,12591,
278075010978,231496,245765,244818,249086,246097,245463,
278076510978,13699,25061,13995,14714,15782,15915,
278077010978,7979,20589,20848,20865,13170,16204,

