,W-0,R-0,R-1,R-2,R-3,R-4,R-5,R-6,R-7,R-8,R-9,
280902129680,5912,108852,13454,21443,31479,43265,52376,63649,75570,84718,96027,
280902629680,5973,112574,17142,21498,31243,52211,54505,62906,73666,89436,91679,
280903629680,6532,124250,15263,26810,34751,46066,61314,64413,78811,85099,91955,
280904629680,6251,106261,12009,28102,32076,43706,54213,62578,74945,83571,91383,
280905629680,5596,104820,12198,23006,33840,41927,53247,61105,71232,81306,91975,
280909129680,15058,110988,17395,22311,42941,44394,55015,62599,72425,82526,91560,
280909629680,8063,105138,13883,21584,34587,43087,55589,64770,76076,86187,93298,
280910629680,7258,117861,11578,21366,35716,45113,51985,61437,72301,83919,95844,
280914629680,9045,105079,14381,24751,41365,43603,54172,61458,71909,82103,92559,
280917129680,2271,105479,11869,26427,33525,41099,52884,61414,71409,85780,91530,
280918129680,3569,104896,11531,30795,35415,45198,54208,64284,71970,84570,92066,
280919629680,7839,121044,13373,28794,33525,41612,61813,62757,79524,82903,99384,
280920129680,3838,120560,13514,21306,38919,49022,51512,67655,76454,95862,97369,
280920629680,11213,105018,12400,21204,31594,41642,51658,61230,71239,82725,100016,
280923629680,11122,112372,12499,23718,31842,47173,53380,62524,71026,81955,92004,
280924129680,5509,110645,14269,28307,43722,43967,60247,63870,71300,81381,93639,
280924629680,4188,112257,12283,22220,34696,42528,60531,65220,71233,95404,96130,
280925129680,9057,118241,12628,23239,31450,46732,53581,69399,76198,82855,104064,
280926129680,13349,121710,14522,28245,48409,51017,52871,61382,81200,82911,95561,
280929129680,4137,102672,11906,25392,44813,46985,55983,61231,71297,82822,91087,
280931129680,5297,107812,13547,21160,31584,41679,51446,61656,71405,82448,94041,
280931629680,6738,112088,16684,21683,33970,44193,51943,63312,74101,81297,103895,
280932129680,5281,106423,19433,23118,32037,41464,52120,71388,79055,81300,91665,
280933629680,6543,107075,12217,21268,31029,42674,54166,67592,72498,81513,97886,
280934129680,6892,116302,15666,21310,35507,42746,52886,62857,77831,84934,92003,
280936629680,16206,106767,18258,25447,34064,41613,62724,63504,72923,81133,94787,
280937629680,6500,103973,16916,25534,37024,55870,58126,63505,72047,81353,94308,
280938129680,5147,110446,11564,23495,38285,43286,51290,64531,72640,81235,95582,
280940129680,9003,105584,14235,28840,37930,42302,52242,63627,71537,82591,91905,
280941129680,6057,104951,12737,24265,37967,44902,51507,61481,79941,81856,91789,
280941629680,15779,108658,19205,24367,31986,41355,55620,63072,71541,81291,101897,
280942629680,5380,105262,11231,27225,33585,41626,58425,64806,76802,86565,91302,
280943629680,11025,108868,13149,21484,36688,42874,60803,62476,79115,83589,91089,
280944129680,10290,109221,12888,22235,31149,43021,58751,61258,73537,81978,92069,
280945629680,5505,111493,11876,22437,34490,41220,63059,66268,76425,87971,91912,
280947129680,6415,108940,11814,21560,33974,43587,51386,63665,73516,81493,93045,
280947629680,3718,3970,12559,24255,37565,52274,54434,61838,76056,82994,91492,
280950129680,11567,112589,18284,21377,31139,41461,52798,61175,72992,86149,94394,
280950629680,5469,106793,11273,21931,31310,54180,55317,61457,74111,85843,91422,
280951129680,5058,110074,12990,21935,33489,51215,51979,62986,74147,84269,92934,
280952129680,5626,120865,11049,23899,31433,42900,52212,61385,71434,86229,92269,
280952629680,6106,124424,16475,22499,34028,42023,51392,62897,71513,81386,91458,
280953129680,6470,6885,12491,32618,34907,43561,55077,62636,72198,81745,92496,
280954629680,6912,106584,12817,21354,34694,41266,53036,63909,80761,81723,91383,
280955129680,9535,10402,14392,21029,33168,41095,51357,61392,73657,82618,92259,
280956129680,3509,105758,11262,22915,31308,42382,55303,61155,72149,81484,92173,
280956629680,4125,107597,16200,24526,33319,46187,52497,65829,78047,82575,93910,
280957629680,5801,111544,11185,26219,33720,42361,51419,63476,77489,83319,91633,
280958129680,20526,20923,22088,25688,34257,42732,51569,61397,73943,90149,91163,
280958629680,3584,109309,11485,22894,35896,48005,54695,62908,71413,82915,92881,
280959129680,6912,103942,18235,26470,33908,51861,53012,62411,71365,82237,96127,
280960629680,9941,107005,11879,29058,32100,47608,55773,66054,73883,81883,98789,
280962629680,8560,107080,21743,24683,31361,42667,58052,62743,71521,93638,95775,
280963629680,7825,104519,11534,22200,34554,43458,51164,65698,74009,85677,96997,
280964129680,4606,152257,21100,23861,31642,41388,59419,64133,157016,152073,152549,
280964629680,5663,107800,12784,24544,41075,41451,52818,62975,71497,87588,92745,
280965129680,115949,123025,127548,133425,116079,121177,120650,121443,121597,127170,123141,
280966629680,7698,109239,12582,33464,34588,50943,51612,68649,72476,81367,93034,
280969129680,4109,113639,11785,21318,42421,42488,61365,62915,77062,84046,91930,
280969629680,7513,104018,12066,21412,43621,45291,62923,62812,81897,83682,91366,
280970129680,10917,103490,14936,28962,33980,45901,63275,63563,74443,81159,98659,
280971129680,11428,105235,13103,21355,32015,42670,52028,65576,72829,82043,93793,
280972129680,8747,107248,12647,21889,31671,41607,59282,62101,88559,90767,93539,
280972629680,6780,104060,14229,24235,31155,41157,51228,63189,74408,83180,91398,
280973129680,3967,104797,12361,21646,43679,45753,56004,65654,71289,81267,96841,
280973629680,6378,109467,11286,22488,32846,41669,51015,71064,75177,84071,91486,
280974629680,8229,103646,11200,20979,31552,44667,52362,61726,82147,82673,91732,
280976129680,4133,104783,12194,21409,31293,42624,57066,61875,73678,82501,91317,
280976629680,6310,106109,15567,26767,32897,43804,51786,66036,74868,84718,91620,
280977129680,8099,102710,12986,22300,31357,42018,51401,63534,71900,82674,94579,
280977629680,7052,107210,14967,28510,34275,41502,59590,62410,73747,86705,91471,
280979129680,7593,110999,11871,25454,33728,42911,53435,65108,76917,81310,91262,
280980129680,4477,106714,16555,22297,31584,41220,52240,63455,71891,84919,105601,
280980629680,15171,114183,15392,42477,42646,43357,61422,68820,76834,82656,92711,
280981129680,5369,106349,15248,22470,44923,46358,61173,63254,71383,81456,104392,
280981629680,7545,121070,16463,21269,33463,54864,56415,63170,76179,86272,92318,
280982629680,8066,109588,13073,27487,41577,42695,52975,63520,71667,89841,93620,
280983129680,9040,107895,13107,21630,33557,41396,51608,63254,71769,81693,94251,
280987129680,3220,104654,11717,37438,38564,44549,51490,61190,72589,84156,97174,
280987629680,4170,107596,20100,21848,36897,41643,51667,61453,72380,94679,94973,
280989629680,8904,105638,14841,26818,35056,47357,53438,64225,71180,91799,93388,
280990129680,10783,106794,11622,22614,31767,41873,62993,63932,79894,82867,93384,
280990629680,22706,108186,27377,28300,43211,45606,52252,64030,75774,81277,92286,
280991129680,5028,105799,16744,21527,31844,42462,51558,70547,73806,81593,94793,
280992629680,6028,110259,16446,30720,35919,46520,52726,71965,72813,85399,93007,
280993629680,16948,119811,19892,27884,39646,45446,60931,64234,73877,81911,101448,
280996129680,11042,118106,13380,28654,34030,44137,55198,64573,76613,84155,93130,
280996629680,15795,112316,115692,24776,31777,51019,56538,67705,71232,81700,94619,
280997129680,19248,127004,22728,25590,34111,47815,55832,65974,74698,82168,95574,
280997629680,8113,105412,13603,28400,32753,42072,51118,62251,75190,84794,92023,
280998629680,2737,104204,11307,22239,32915,44683,50671,61815,70679,80629,91503,
280999129680,3040,106091,14954,24969,32735,40750,50686,63795,70658,81886,96666,
280999629680,4540,111809,13399,32731,35032,52514,57625,61823,73457,82799,91987,
281003129680,5447,114060,12109,26254,33833,41804,55375,74790,77043,92874,94712,
281003629680,4846,104589,22206,23543,39024,45991,56739,62485,71144,82772,99433,
281004629680,4040,103898,14026,21412,34180,41553,54121,67858,72684,83021,91439,
281007129680,5654,107169,11208,23191,34831,41914,53053,61163,72026,82218,92507,
281007629680,4261,103574,14270,28788,31476,41162,62407,64748,71943,81966,93667,
281009129680,4748,105636,14529,22525,41586,42470,52367,62625,73013,87835,93017,
281010129680,11060,103979,11436,27362,34000,42597,52151,63891,72634,81706,94403,
281010629680,6899,103776,11861,21919,31712,48102,57004,67603,74387,81997,95272,
281011129680,3671,105800,12936,22574,33652,41601,53555,61628,79221,82844,93190,
281012129680,5311,109807,15428,31510,34810,44395,54503,63883,77407,82953,93586,
281013129680,3476,103114,11839,28583,31927,46958,55310,62030,72033,82554,95464,
281014129680,4461,106274,12521,21248,34252,41974,51301,62153,77669,83082,91278,
281015629680,7041,103690,13369,28616,32449,47980,51613,63591,72299,82703,102474,
281016129680,6179,105709,12274,41682,34883,42103,52825,61741,75712,81541,92495,
281017129680,8963,106288,22675,23885,36123,42114,52434,61459,74615,83368,100379,
281017629680,7088,104654,14199,21693,33845,42546,51210,62696,73459,81434,91890,
281018129680,6823,106818,12011,25017,32630,45150,53077,62534,73064,82500,93600,
281018629680,4244,104583,12057,21409,35530,42039,51671,61444,71518,81900,91184,
281019629680,9313,113800,13468,24830,31453,41547,52110,65990,80719,81949,92906,
281020629680,4146,105397,12808,32137,33035,52898,54443,65135,72557,88791,92823,
281021129680,16060,120314,16801,23403,31386,50879,54204,64513,71811,86614,91237,
281021629680,4556,103412,20793,22404,32888,49169,58373,62507,72060,82782,93055,
281022129680,7849,107016,13595,26468,31497,42904,53168,63157,77318,82522,94873,
281024629680,218419,302395,302575,302737,303250,302741,303086,303192,310506,303305,302572,
281025129680,5106,108090,13664,27090,31697,43443,51902,62088,71487,83548,98084,
281027129680,9422,109091,14889,22752,34977,44458,53287,65451,74317,81050,91807,
281027629680,3787,104266,11633,24694,32504,41489,52477,71790,72919,91212,96166,
281028129680,5085,103477,13600,22497,35900,41662,51209,62535,72027,83118,92544,
281029129680,4738,103770,24461,27461,33554,42492,53016,65199,81967,86548,94128,
281029629680,7005,111851,11459,26493,31468,43198,51275,63513,71586,96496,96743,
281033629680,4663,113552,11316,21525,32425,42389,54205,63208,72247,84050,93080,
281034129680,5511,112188,15564,24600,33183,46748,58377,61277,71299,81850,93111,
281035129680,5696,105790,16472,22905,33782,43450,53596,65021,73190,81450,91358,
281037629680,4889,104688,13004,24429,31185,42702,51307,70640,72762,85039,97717,
281038629680,6131,110197,14936,21886,34723,41381,52784,61219,72581,81410,91316,
281039629680,13611,114667,14720,21422,33616,41631,61985,63139,77582,81554,91774,
281041629680,5582,105821,16906,25352,34002,49545,68614,69700,71455,81912,91442,
281042129680,5858,105127,16261,32977,33761,42693,51254,68130,80935,82695,104400,
281042629680,10124,105803,11607,21724,31207,48236,66796,67896,75592,83297,96728,
281043129680,3925,103418,21808,27488,38491,43085,51360,61277,71166,94408,95553,
281044129680,6460,104297,14571,24154,31312,44594,51593,66183,71602,85385,97026,
281044629680,7772,103424,13863,21355,31681,49790,52707,61972,71497,95226,96606,
281045129680,10820,105615,14022,28142,32245,41475,53646,72263,75729,88036,94009,
281046129680,4977,119691,12641,21132,50836,51094,55068,62628,72595,87808,93477,
281046629680,4599,107760,13156,34071,33522,48525,53879,70588,72419,83716,91107,
281047629680,7654,108883,11382,22386,44127,44416,51977,64480,72861,82604,93780,
281048129680,4017,107162,12802,23290,31667,43034,55363,74505,75598,85149,91410,
281048629680,11064,128821,12724,23067,40918,41495,62309,63602,71384,81643,93433,
281050129680,5984,103645,13058,22399,32302,44461,51508,61368,71518,82119,91486,
281051129680,10401,109231,13378,25785,33403,41210,53642,61370,71706,81631,91299,
281053129680,6234,109879,11885,32152,32932,49162,54786,62863,71785,81457,91296,
281053629680,201860,304736,307092,305350,305108,305147,306059,305415,305720,306076,305869,
281054129680,15200,104881,17215,24569,33295,42733,51871,76996,79106,82862,91118,
281054629680,8664,111624,13208,21385,31511,44828,65218,65407,72748,90802,93795,
281055629680,3712,117903,11831,22531,33290,51513,53737,68752,78756,85109,100885,
281056629680,8185,108498,17196,21558,38522,44163,52691,61510,73210,92153,93524,
281057129680,5965,107085,11311,34587,32870,41852,52308,61811,73848,82181,93234,
281058129680,21177,105460,23047,23548,41382,46836,61558,63975,79258,86389,92136,
281058629680,5090,104261,13240,22570,32153,42714,51800,61096,71257,82723,91180,
281059129680,6743,102817,12282,24893,33183,42450,52126,72524,73428,83821,92516,
281059629680,6713,106702,17794,21216,31558,41135,64046,65844,74067,82682,95853,
281060629680,12314,148294,13381,21469,31560,45452,52175,61263,71703,142693,144674,
281061129680,4367,106029,11273,25194,43220,49581,56557,64313,71354,82745,92788,
281062129680,5086,104684,14235,36497,37110,43365,57355,62875,90890,91112,94065,
281062629680,4774,103714,13640,23619,31580,45027,64021,68530,75060,82480,91702,
281063629680,9598,102700,13094,21313,31294,43263,51532,62241,71388,85587,94994,
281064129680,4878,111896,14216,24030,31515,42381,51550,64371,72975,87818,92538,
281065129680,7009,104662,12201,21119,33718,45807,51272,63021,71536,81740,92040,
281065629680,13254,111733,14115,22378,32973,42518,52365,61188,72448,81536,94349,
281068629680,4728,108834,22427,23394,41686,43299,53290,61852,75272,87227,92111,
281070629680,5272,106376,12301,29875,31732,48755,61222,62068,71698,83161,97062,
281071629680,5793,105604,11167,21421,31240,42226,53073,61815,72836,81465,93368,
281072129680,4824,104068,10908,21517,38953,51001,52950,62043,86738,88648,92467,
281072629680,6093,104005,13416,22663,32189,42095,51134,73363,74725,95851,96076,
281073629680,7923,104917,18775,29445,33118,43262,51612,63861,74027,81375,93254,
281074629680,8435,102610,14176,28706,36866,50101,55445,61644,81603,83071,95861,
281075129680,13947,115913,117002,23605,31545,41402,62780,63707,74652,82529,93133,
281075629680,5660,105215,13557,35856,37555,54734,57055,61524,71157,97758,101517,
281076129680,4622,106710,11229,21679,32263,45309,58103,63732,73408,82042,103804,
281076629680,17365,120993,18147,23823,32708,43519,51412,67488,74679,84570,91951,
281078129680,4861,106984,13899,23539,31160,47175,55814,61485,78780,82310,95568,
281079129680,7171,102693,12048,21198,40065,43855,56986,61489,83579,83307,92737,
281079629680,7030,111234,11668,21792,35088,41617,66911,67952,73806,88427,95986,
281082129680,7709,107081,12043,21392,31293,42610,51804,66022,73617,83394,105966,
281083129680,4524,103013,12409,21902,33604,41921,52018,62316,71361,92062,94300,
281084629680,126925,209568,223033,224729,223808,223897,223032,223632,223797,224542,224445,
281085629680,14398,103204,18030,25773,33789,42512,52213,61829,71097,83183,99044,
281086129680,6128,104873,13521,27771,39712,41438,51544,65812,71830,84867,93310,
281087629680,7349,107488,19404,25209,42103,42231,53561,62183,72528,81285,93123,
281090129680,5829,106116,14477,25794,31301,50312,53846,63494,81090,82500,92163,
281090629680,4631,560029,11089,25946,45992,48103,51905,61182,72701,84526,99210,
281091129680,77217,182779,184049,181796,184240,184649,184120,179833,79141,90161,96066,
281092629680,4400,113655,14958,32512,33537,41900,51960,71900,72947,81207,91539,
281093129680,8691,108621,12601,25132,31091,41476,51285,62120,71836,81787,91366,
281095129680,4549,115592,12382,21162,31179,41367,53647,61177,73601,94957,93609,
281095629680,3691,107155,12943,31507,35907,41458,51378,61286,71316,81142,91760,
281096129680,3068,106424,11450,22464,31271,44195,51910,62664,71362,81539,97917,
281097129680,4419,103369,11183,24178,33618,42854,51514,73269,73950,84034,94727,
281098129680,4960,109735,12051,23229,41534,42801,51465,63232,74000,91103,93976,
281098629680,6064,104588,11534,22126,32076,43890,51380,61425,72302,83068,91309,
281099129680,7516,109313,15856,21642,31076,43178,52427,61253,76768,81297,91840,
281099629680,7291,103975,25148,41568,44723,45812,52875,66308,75542,83169,94206,
281100129680,10489,112776,21066,22511,32056,46812,51699,61454,77696,88092,92789,
281100629680,12503,115419,13141,32975,34091,49700,52137,65230,71103,91606,92831,
281101129680,14762,103782,15982,24555,33564,41294,51835,61296,71113,81444,95766,
281102629680,6234,103447,17007,22942,33624,43970,51192,68679,73656,89747,91220,
281104129680,6654,117583,23484,24788,32214,41601,52468,61268,71400,81955,94005,
281106129680,5729,106203,11371,32074,34120,51313,52997,63071,74922,81801,91220,
281107629680,9224,110505,19293,24684,31927,43564,53551,72543,73142,97550,98002,
281108129680,3851,106087,11803,22454,34275,41706,51383,75307,75812,82379,93555,
281109629680,12467,104947,12830,25782,31520,42308,52615,62291,71303,81468,91181,
281110129680,10097,105295,12044,24811,36659,44292,53203,61905,82384,83444,104649,
281112129680,4844,103666,11294,21441,31524,47684,52059,70935,73728,82223,96625,
281113129680,4395,105046,11648,22088,33529,43598,55716,71788,75122,82055,93177,
281114129680,5874,114449,14846,25515,41746,43802,51309,63155,72203,81811,91186,
281114629680,181049,189719,189945,190054,190252,190156,183676,184731,186055,187245,189215,
281115629680,4257,105019,14278,30939,31787,43067,52543,63098,73451,82965,100407,
281116629680,5078,104705,11108,21232,32586,41026,67706,69700,85089,87787,91616,
281117129680,8770,104911,13555,22454,35185,43519,51380,65958,75179,85935,91397,
281117629680,5866,106373,11843,23727,31838,48119,53208,64632,72998,83500,94562,
281120129680,4268,106228,11939,21223,32057,41261,53467,61466,78015,82849,91286,
281123629680,11367,102981,13019,23277,37527,45044,51153,74705,75650,83275,94708,
281124129680,4255,104544,14129,41446,48149,47481,52280,64556,71588,86295,92879,
281124629680,5214,109218,11787,21543,32396,41596,52087,62850,73726,94484,106801,
281125629680,10932,112871,12874,22757,35212,44643,51283,62175,80882,81627,91867,
281126629680,11520,124066,13458,21266,41520,43833,56567,61545,71666,89642,93305,
281127129680,8255,110495,14392,23734,34977,44223,57977,61918,73060,81281,92569,
281128129680,4318,105638,12588,21766,34857,41458,51291,63088,72538,81720,94256,
281128629680,4706,104017,23316,25203,31551,42489,56723,61744,72044,81226,95378,
281129129680,20901,105380,23375,23588,33592,41557,51524,61722,73540,81086,93107,
281129629680,7977,103412,12867,21269,33053,41184,52546,63006,71367,83178,91128,
281131629680,4996,112041,11213,21457,31239,42151,53521,64055,71270,86790,92530,
281132129680,5492,105212,11082,21457,41395,43155,52428,62131,72479,81361,95395,
281133629680,5918,108888,12594,21510,40881,42847,51980,61483,73170,81207,91294,
281134629680,3788,106454,15386,27876,34902,43028,53775,62630,83864,87595,98710,
281140129680,6943,103597,27954,30101,32200,42058,51891,61319,76281,93257,92883,
281142129680,4643,103538,12952,23281,38300,54729,55133,68974,71440,82874,93454,
281143629680,9997,104219,12009,28552,33775,41806,54811,64305,71072,81503,91544,
281146129680,18762,118687,117545,28319,35538,49105,52047,70760,72789,83291,94608,
281148629680,3961,110210,12539,22795,31440,42415,51648,61457,79390,81631,95178,
281149129680,92488,121665,194871,92800,93888,94880,96927,98606,99153,99608,102244,
281149629680,7201,107030,14579,31941,35096,41541,53758,64887,73309,87948,94067,
281150129680,17263,112912,17859,22713,32566,43057,52379,61811,71573,82855,98557,
281151629680,16455,119161,16650,21404,34706,42352,52207,61422,75689,83948,93129,
281152129680,7907,103791,17701,27718,33912,49713,55569,65044,74168,81428,99944,
281152629680,8517,105920,13519,22103,33646,41445,51210,72429,73754,84606,100439,
281153629680,6389,112538,12664,21279,31374,42491,51943,63524,73055,87253,91587,
281154129680,5887,105080,12462,24199,38923,41818,55029,61746,84192,84182,92648,
281154629680,8234,104019,15465,21124,32314,41318,51617,63575,71107,84256,99518,
281155129680,4752,116998,14151,21409,33289,52427,53928,66026,72504,85347,91187,
281156129680,10965,110104,12122,21749,31784,44679,59278,63139,83429,85004,92234,
281156629680,4290,104464,11608,21833,33444,41656,53269,69869,72906,84985,100193,
281157129680,4537,104947,15861,21952,36817,42646,52180,61371,72595,85150,92229,
281157629680,10056,103871,11423,21210,31273,41222,54778,72064,79511,86119,91673,
281158129680,6741,112617,11384,39010,40369,44893,55429,71602,73835,91649,91859,
281158629680,4714,109072,24176,24899,33682,42894,52973,62183,77474,85360,91130,
281160129680,3896,108778,12447,26485,36489,46381,51652,61675,71075,81509,99021,
281160629680,4666,105972,11631,31905,32183,49949,55998,62007,79897,82110,97358,
281162629680,7201,103552,18173,24550,32806,43539,58281,63669,72258,82900,93771,
281163129680,5704,108375,20596,22788,40447,44503,51451,61527,73233,90770,94584,
281164629680,4971,114002,15451,24640,35284,44544,60117,65766,76975,82647,93971,
281165629680,4216,103040,11915,23905,32660,41506,52245,61240,71414,81359,94621,
281168129680,7428,105012,16352,22956,33578,41741,51375,61232,70953,83546,92423,
281168629680,6366,110975,16412,22222,31050,42574,61675,62866,77566,88922,108451,
281169629680,8472,114979,12184,28272,31657,45449,53444,62815,76214,85084,91215,
281171129680,9075,106517,11599,32532,32883,45999,53066,63795,73002,81121,91882,
281172129680,5826,117053,12935,21261,37930,43502,64121,67107,72743,81481,95223,
281174129680,68893,164796,174068,166444,166275,70867,70974,75564,89689,95098,97958,
281174629680,12755,112881,18263,22095,42051,58073,59809,63558,74196,85722,92851,
281175129680,10985,111290,15876,24277,36970,42560,52804,62034,71868,85982,91251,
281175629680,5007,119548,18103,23453,36621,41119,54108,61203,73022,87144,91663,
281176129680,4680,104194,11300,29006,32177,44208,54057,61828,71283,81465,92528,
281177129680,4725,105113,11505,21792,32022,43463,51881,62674,71300,84887,98156,
281178129680,9382,106725,11483,24290,39469,42579,61132,63376,81197,82472,95597,
281178629680,61054,153827,154149,154064,154047,164570,65245,71912,79879,84046,94604,
281179629680,9749,111958,11654,23313,31168,41955,51250,62935,73772,84616,93079,
281180629680,5557,108999,11572,24150,36134,41838,52439,61279,73919,88847,92493,
281181629680,6222,105422,20483,24711,32982,42594,52878,67557,80933,82124,92821,
281182129680,13230,106172,18896,24746,33576,42429,58603,69574,72195,85177,93035,
281184129680,11487,108668,21032,23614,41261,45117,55483,62449,72626,82926,94413,
281184629680,6151,112930,11867,21378,36031,41739,57940,63190,75200,81474,91163,
281185129680,3767,104925,15799,21181,32650,48954,51785,61682,71689,82753,97953,
281185629680,4135,104757,11795,22807,38014,44996,54689,61040,72268,83160,93870,
281187129680,12165,113413,17117,24663,34047,42191,54860,62447,71771,85806,93601,
281187629680,4315,105703,19172,25665,35759,41866,53934,62235,76389,81795,93766,
281189629680,8417,111652,12613,32218,34163,41421,57646,79469,80417,85661,98800,
281190129680,10306,110470,12672,22454,31580,41734,51939,62243,82969,84074,101412,
281192129680,7201,103297,11087,21247,33590,41566,52061,62718,77479,82391,99154,
281193129680,14592,103142,16228,23604,31254,42467,51138,61510,72140,81193,94021,
281193629680,5843,105056,13862,21590,32887,41600,54623,64167,73556,90759,93868,
281194129680,6422,109482,11078,21630,37144,45393,51364,62109,71438,83589,91240,
281194629680,8129,102784,12371,24711,40667,41928,66114,67366,75514,81406,93918,
281195129680,6055,107053,11535,21800,38654,41149,51233,61153,80878,82217,92569,
281196629680,17913,121031,20986,24624,31699,45098,53285,62940,86377,86848,92088,
281198129680,21631,113175,22732,23661,39910,46415,54529,69877,82589,84688,92552,
281198629680,5245,110797,13625,23528,35248,43985,52692,61138,71180,81743,91954,
281199629680,7352,118957,11399,22745,41645,45059,54517,61517,74476,81709,93576,
281200629680,3734,105452,11583,23699,35773,41878,54695,62265,71234,81720,100494,
281201129680,5392,110582,14924,23649,37684,46558,55562,63513,74106,81258,96625,
281203129680,3797,103435,12403,27776,33713,41568,51255,73236,74499,82264,92132,
281203629680,3736,104820,13275,25097,31393,45485,51663,61619,71395,87234,97724,
281204129680,100755,112749,128831,101053,102767,103410,104781,105241,106652,107670,108550,
281204629680,10199,105650,12516,29420,35187,42009,52730,63547,71016,82060,100857,
281205629680,6013,106792,11775,21890,34954,41150,63586,63888,80846,81579,92078,
281207129680,16636,108049,18019,23386,31239,43610,51407,67790,71822,88592,93107,
281208129680,6713,106728,19305,33291,38397,44756,52875,74774,75086,83996,93105,
281208629680,4159,108839,19067,22374,42886,43472,51353,61515,75545,87357,93660,
281209129680,264931,268843,270106,269273,269102,269672,269495,270001,270436,276814,270587,
281209629680,5593,112610,28858,29946,32787,42711,51977,64900,73248,86664,95138,
281210129680,4857,110251,12275,31213,33406,41485,52424,62594,71305,83217,91733,
281211629680,4674,113645,16161,21299,34030,43841,51383,66020,74370,95207,95733,
281212629680,4827,107058,21707,25158,35798,42370,51504,61560,71497,83019,91656,
281213129680,3824,105355,11901,37891,38482,41266,51294,68785,73466,89998,92041,
281214129680,11698,111442,12710,21187,33576,41950,54621,65445,71463,81836,95032,
281214629680,9077,111578,11267,21365,32135,44886,51436,62365,77988,82718,93018,
281215129680,10713,112264,25418,25889,33152,41298,51308,62758,72101,82254,92804,
281216629680,6298,116756,15076,22578,31263,43695,52774,61163,76830,83338,98018,
281217129680,4868,104721,25141,27456,40533,42455,54815,70614,71462,91961,94808,
281218129680,21029,112892,21840,23648,32195,42373,51159,65204,75116,81929,92799,
281219629680,6718,114808,14152,24834,43806,45012,51140,63395,73087,90701,94579,
281220629680,11222,107311,11645,31002,32962,41224,53002,63479,71253,82070,104000,
281221129680,4133,106865,19786,22405,31380,42914,52207,61034,84183,86029,93393,
281221629680,5098,105297,13637,23923,40827,44371,52702,61213,71505,83584,92541,
281223129680,3865,107157,12740,21519,32595,41645,51832,63880,71820,81603,97877,
281223629680,5584,104436,13279,22184,35773,45060,51187,64234,71414,84530,94860,
281225129680,9726,113094,29117,31608,32879,45400,53172,63093,71373,82615,91047,
281226129680,4851,109632,11716,23843,48636,49580,54062,63584,72917,82166,97403,
281226629680,7169,107578,11913,24707,31258,41446,53616,63834,73910,84925,104820,
281227629680,6727,103684,19071,22395,35482,42076,52956,63497,89402,95691,97214,
281228629680,5781,111578,14749,23727,39267,41861,57629,63561,71258,85636,93740,
281229129680,4966,104158,23465,24132,31451,41699,61020,64103,77979,82463,92181,
281229629680,4410,105149,13532,26123,34499,43203,52503,62932,79201,96941,98089,
281231629680,5570,102569,11022,22369,37535,45166,53179,64930,71278,85756,94689,
281232629680,4630,105900,14250,21518,32433,48871,53249,61284,71389,83243,91588,
281233129680,9784,105421,13002,23362,31194,41374,51173,64025,71160,82981,93144,
281233629680,56913,146631,146928,148412,147881,150441,59728,71787,77173,83126,91109,
281234129680,24214,106962,119007,125100,34271,43419,54616,75038,77267,82319,93190,
281235129680,10989,107084,15247,21288,32620,42641,54499,67971,73541,82589,91437,
281235629680,10612,106681,11803,21369,37113,42581,54436,62613,74021,83879,101928,
281236129680,4195,103382,11164,21978,32515,42486,51607,63036,73840,84504,91058,
281236629680,5542,107716,14702,22055,31104,45029,53665,62944,73501,81133,95964,
281237129680,6974,108814,12212,22671,32446,42364,53257,69943,73582,86815,92798,
281237629680,4453,104670,16283,36101,39861,46751,51384,66173,72544,81306,91954,
281238129680,8539,107527,12763,40698,41876,42447,51240,67804,73905,89926,91955,
281238629680,8764,108571,13910,22081,31952,42837,55193,64116,72092,84012,96174,
281239129680,7881,104092,11948,29916,33159,43684,59624,64196,76418,82745,92903,
281239629680,7056,106099,14469,21857,43626,44624,64419,65742,73265,81522,92748,
281240129680,6582,102887,12583,21477,31464,51257,52906,62530,73267,86812,95194,
281241629680,6387,109518,12182,21873,49905,51619,54783,61278,77441,89040,93563,
281243129680,3831,104203,13891,21437,31578,42288,51853,71050,73032,85781,97301,
281243629680,4641,109295,12298,21883,31150,44919,51081,63562,74170,84700,91450,
281244129680,6851,103731,11375,27926,34412,41787,57438,66984,72583,86864,94963,
281244629680,4973,118000,12871,25996,32200,41381,61512,62285,74471,84026,93825,
281245129680,3734,104770,14134,23877,31612,41234,52976,63679,71565,83095,92100,
281246129680,7658,117225,11385,22313,32206,41236,57454,61352,78906,88875,92226,
281246629680,6176,112711,11634,21837,31067,42412,54144,64702,72110,85937,93884,
281250129680,4225,113431,12895,22292,31314,41567,60895,62104,83696,84415,92421,
281250629680,5865,104760,14644,26827,31265,41114,66575,68015,75912,82226,95969,
281251129680,76045,166783,167508,167435,166986,167563,168547,74255,84481,98352,100519,
281251629680,4493,102882,11062,22202,33544,42847,51550,64653,71997,83660,91807,
281252629680,4634,104713,12388,23736,31248,41938,51364,61703,71305,81472,99356,
281253129680,13096,115102,14324,24296,39154,41919,56792,64745,81557,86769,94453,
281253629680,4650,109473,11443,21963,42967,44762,51734,62104,72067,81234,91551,
281255129680,8986,105187,21142,23680,31071,41131,53619,61614,71555,82551,91419,
281258129680,7472,106798,13402,23365,31586,43063,55405,65225,72041,82372,97748,
281260129680,5773,108915,13950,34883,36795,41414,51568,63497,77852,81694,98923,
281262129680,11091,110845,13562,21295,31280,44500,52499,68040,73100,83643,92786,
281262629680,3647,103046,29212,34690,34441,47065,52561,62590,72490,82360,91655,
281263129680,4448,112558,22639,23051,31201,45515,54609,73405,74541,84984,98768,
281264129680,6407,108661,11757,23847,31306,41778,51243,65119,75071,90085,92422,
281264629680,8394,107148,12411,21314,31318,41163,52538,62082,72460,88094,107257,
281266129680,5810,108798,14647,30485,37065,51254,52530,67372,72272,81093,91951,
281267629680,7575,105266,20468,21683,33511,41934,51653,61878,72912,81782,92556,
281268129680,3938,106226,14569,21972,36490,41593,52035,62593,73553,85908,95726,
281269129680,13578,118251,118015,24439,31870,41662,52742,61524,71786,82505,91165,
281270129680,10861,106731,11730,21200,32672,44073,52651,62542,81292,81890,94525,
281270629680,6722,104510,11625,30710,33412,47946,58297,70801,73076,86582,98274,
281271629680,15203,104394,16963,23168,31402,51938,57222,63043,71253,81191,92825,
281273629680,5922,111914,15476,22532,31369,41416,51456,64592,72296,82369,91889,
281274129680,5093,192962,11769,21153,42683,43044,52366,61420,82319,94940,190826,
281274629680,4999,111065,12195,21801,32376,42075,51129,62397,72266,82593,94809,
281275129680,16182,111900,18916,25387,37653,43084,51854,62666,72612,82294,91655,
281276629680,5228,106215,15593,22187,31537,41066,54052,61287,73671,86975,92270,
281278129680,4176,103803,11467,23700,32804,41555,54525,62437,81653,81997,92415,
281278629680,65113,165257,65213,66050,66271,66429,66644,71062,80063,86205,96829,
281279629680,8121,114929,22244,23360,34990,41304,51818,68866,71359,81510,91652,
281280629680,5567,109060,13492,21696,34025,44802,53047,71061,73259,81401,92219,
281281129680,87630,186385,189501,189813,87921,88232,89069,89494,91692,94672,105937,
281281629680,8367,107216,11904,21189,31644,43514,67975,69836,74442,82043,94785,
281282629680,4021,104963,21554,24842,36855,42357,52125,67704,73364,93111,94233,
281283129680,4825,107954,12901,21101,34473,49419,55529,73050,73832,91295,91835,
281283629680,5910,108043,14743,22887,31262,44561,51012,61560,75899,85672,103560,
281284129680,5420,110964,11695,21285,43474,42578,51704,63499,71518,81143,92702,
281284629680,4270,115837,12466,22443,44495,46149,52594,61880,74057,81814,91476,
281285129680,9157,104976,11555,29509,31735,52130,53706,61996,71698,92257,92855,
281286129680,8148,104089,22694,23385,36367,43136,52737,61725,73569,81815,95421,
281286629680,8354,125034,11912,21737,31411,41576,53136,70998,73011,82145,98199,
281287129680,4293,107944,18810,25728,39521,44207,53048,62719,75513,85137,95417,
281287629680,4371,112092,13776,30397,34151,49644,52827,62559,80551,81487,97207,
281289629680,7453,105246,15546,25272,35298,45357,51146,77468,79180,84085,91295,
281290629680,3787,103539,11413,22843,31672,45087,52969,67515,73495,83840,91463,
281291629680,15023,119118,120375,23685,31287,42431,53474,66626,73943,88713,101858,
281293629680,4637,110742,11621,21687,34988,41737,51937,61553,71823,81619,91198,
281296129680,5139,107561,11240,22382,31436,43428,54781,63665,76153,89947,91478,
281297129680,7842,110725,12223,26564,31845,53353,56429,73438,74819,81534,99966,
281297629680,10518,103380,16451,22507,34535,43733,51714,65014,72706,83272,91266,
281298129680,12044,12450,13720,22200,42868,43092,54970,70038,72214,87726,91591,
281299129680,4540,112104,12083,23580,33523,43170,61371,64021,76038,84831,92614,
281300129680,8675,105137,13817,21174,31286,51288,52413,62892,72238,82177,94758,
281300629680,11583,105029,12372,23107,35952,43080,52176,65472,71175,86525,91400,
281301129680,3120,102467,11181,22244,32928,41646,53761,64924,71304,81256,91815,
281301629680,4740,106484,20712,23576,34577,41381,52787,61298,71921,81979,92116,
281302129680,4435,105431,12507,35497,36065,42953,51220,66379,79658,85383,103777,
281303129680,5061,108486,11105,27116,33046,42281,53675,61804,71155,82483,92446,
281303629680,81745,175168,176316,177147,178368,178443,179261,81620,82152,94642,95241,
281305129680,9675,104529,12943,21312,36545,43281,58984,67756,73579,82717,91383,
281306129680,105586,202071,203954,207261,106546,106586,107890,107683,108100,108567,108357,
281310629680,12839,102871,24868,27403,34942,41371,52101,64761,80933,88730,93191,
281311129680,5418,106275,13217,21445,32026,48685,53310,61390,82018,84472,91310,
281312129680,5564,105572,11214,26181,31214,50033,52310,67496,76857,86427,94011,
281312629680,6850,102571,16211,24495,31191,42718,51168,64757,77056,83303,91258,
281313129680,9903,109134,21108,22114,32246,41449,56485,62879,75709,81215,91492,
281314129680,5450,111620,11715,21207,33283,42134,57956,61477,71676,81421,93250,
281315629680,7922,106623,13666,31237,33526,41238,51609,65767,71373,84046,100014,
281316129680,5402,103707,11368,21281,39589,43669,53567,61918,71220,81220,93676,
281317129680,19137,118619,117127,26774,32173,42615,52086,62537,71490,87981,97074,
281317629680,6640,104623,17557,22519,32214,41778,51301,63092,72719,83686,91991,
281318129680,13676,112988,14559,22819,33606,42167,53451,62472,71723,81104,93230,
281318629680,3586,105090,20063,23261,33535,43110,51531,64813,73189,81432,91183,
281319129680,12081,112770,12205,21284,37852,54063,55142,63293,75787,84867,91974,
281320129680,4853,104873,11959,20917,47824,49667,52574,61682,75287,82267,91134,
281320629680,11284,105820,14254,34382,46650,47690,53893,62311,71983,82294,103931,
281321129680,4540,107153,11091,21815,31124,41457,52926,61261,73643,95553,98850,
281321629680,4742,108075,11802,22689,35603,43155,67059,68635,74053,81435,91278,
281322129680,13146,107273,14677,23383,32076,41841,51499,63193,78999,83637,94430,
281322629680,7726,110567,11358,25476,41261,44444,53258,62720,72543,81579,107909,
281325629680,11164,117430,12654,24246,40914,42585,51459,61356,72149,81593,93744,
281326629680,7799,108009,14085,33125,34454,41748,52050,61877,74013,82036,102638,
281327129680,8181,109748,15259,26545,33373,42241,51991,68708,72595,84624,91688,
281327629680,5095,104797,11428,22195,36810,49425,51978,61538,73710,88147,96927,
281329129680,5275,104427,15940,22079,32571,41616,54152,61837,77158,85568,91314,
281329629680,8166,105512,14680,21485,34655,41693,52431,76758,78992,81306,91716,
281332129680,8543,108833,13094,24588,32367,42549,52225,61864,77657,85728,92654,
281334129680,3714,116786,12782,21254,34288,42244,52723,61579,71285,96895,99479,
281335129680,5123,111814,11529,21307,35090,41122,53755,62013,74592,81250,91463,
281335629680,4145,104936,12966,31451,32454,42888,58005,70641,72424,82908,92828,
281336129680,3658,156008,11557,33545,34703,50752,62231,146550,152066,152188,153002,
281337129680,7463,109300,19306,22575,36213,40937,52236,62420,77269,87167,92359,
281337629680,4506,103799,13048,21700,34900,44161,53228,65274,71628,83467,92646,
281339129680,4878,102947,12918,29501,32501,42840,58954,79113,80719,82506,91313,
281340629680,4798,108917,13686,21819,33462,47174,52664,62527,72776,82587,103111,
281341629680,4246,105094,14918,22950,32777,41689,55757,73729,76316,95265,97685,
281342629680,7436,107647,17680,21305,31196,42394,52770,66786,72579,81761,105361,
281344129680,25926,114021,26169,32716,34633,44509,52023,61937,75447,81534,99759,
281346129680,5197,124014,18571,22834,33289,49712,54506,90668,84544,93690,109670,
281347129680,NULL,NULL,NULL,NULL,NULL,NULL,NULL,NULL,NULL,NULL,NULL,
281348129680,49847,179955,195061,54843,59731,87264,87689,100940,110865,115103,133808,
281348629680,76930,211995,215908,216059,213430,215886,84249,88979,104901,109582,123221,
281354129680,5544,115916,13578,21383,32316,41212,52685,68601,71474,81885,94073,
281355129680,4839,113269,11951,21114,31548,45024,64677,65099,72105,82715,91451,
281355629680,4581,105169,12037,23369,34542,42537,54691,61850,82105,83465,94156,
281356129680,7875,259389,12876,25137,32382,52973,56005,68753,243073,245012,255293,
281357129680,9349,109550,12644,31074,34560,43991,52367,72565,75863,84654,92395,
281357629680,11043,141706,17381,28042,32534,42378,51795,63663,74739,94498,121479,
281358129680,3734,104122,15473,22415,39709,42264,51935,62877,73242,83039,95604,
281358629680,3871,4417,13301,22496,34579,41684,53393,64028,72704,83363,92143,
281360629680,65525,168923,175999,176100,176609,176890,67468,82790,87539,95649,102948,
281362129680,4998,111698,16800,21554,31769,42371,53212,64391,79872,84588,104881,
281362629680,4860,106507,20839,22065,40421,43805,51953,61893,74465,81176,93517,
281364629680,25991,122389,30616,33247,37828,59304,63616,65875,75112,83306,91281,
281366129680,7809,110232,11219,22838,33318,50843,53052,73011,73875,89610,92543,
281366629680,6656,106777,12294,33701,34785,42532,53291,62842,73474,83635,93825,
281367129680,7048,113408,11632,26190,33953,51097,53750,61725,86576,91013,94564,
281367629680,15971,117222,118075,21509,33608,41509,52924,61706,73111,85277,91608,
281368629680,9174,110263,19573,27560,44809,43625,51696,62464,75258,81128,108421,
281369129680,5297,113212,13171,30614,32140,41925,54169,71605,74152,81998,93432,
281370129680,6229,112219,13894,30819,32808,42292,62837,63152,71361,85979,92394,
281371629680,11994,116099,13574,21356,31256,49652,52396,63690,73481,81119,95029,
281372129680,6313,116957,22613,24886,31800,49148,56927,67506,74164,86653,93912,

