,W-0,R-0,R-1,R-2,R-3,R-4,R-5,R-6,R-7,R-8,R-9,
281945802121,1,2,2,1,1,1,1,1,1,1,1,
281946302121,1,2,1,1,1,1,1,1,1,1,1,
281947302121,1,2,2,1,1,1,1,1,1,1,1,
281948302121,1,2,2,1,1,1,1,1,1,1,1,
281949302121,1,2,1,1,1,1,1,1,1,1,1,
281952802121,1,2,1,1,1,1,1,1,1,1,1,
281953302121,1,2,1,1,1,1,1,1,1,1,1,
281954302121,1,2,2,1,1,1,1,1,1,1,1,
281958302121,1,2,1,1,1,1,1,1,1,1,1,
281960802121,1,2,1,1,1,1,1,1,1,1,1,
281961802121,1,2,1,1,1,1,1,1,1,1,1,
281963302121,1,2,1,1,1,1,1,1,1,1,1,
281963802121,1,2,1,1,1,1,1,1,1,1,1,
281964302121,1,2,1,1,1,1,1,1,1,1,1,
281967302121,1,2,1,1,1,1,1,1,1,1,1,
281967802121,1,2,1,1,1,1,1,1,1,1,1,
281968302121,1,2,1,1,1,1,1,1,1,1,1,
281968802121,1,2,1,1,1,1,1,1,1,1,1,
281969802121,1,2,1,1,1,1,1,1,1,1,1,
281972802121,1,2,1,1,1,1,1,1,1,1,1,
281974802121,1,2,1,1,1,1,1,1,1,1,1,
281975302121,1,2,2,1,1,1,1,1,1,1,1,
281975802121,1,2,2,1,1,1,1,1,1,1,1,
281977302121,1,2,1,1,1,1,1,1,1,1,1,
281977802121,1,2,1,1,1,1,1,1,1,1,1,
281980302121,1,2,2,1,1,1,1,1,1,1,1,
281981302121,1,2,1,1,1,1,1,1,1,1,1,
281981802121,1,2,2,1,1,1,1,1,1,1,1,
281983802121,1,2,1,1,1,1,1,1,1,1,1,
281984802121,1,2,1,1,1,1,1,1,1,1,1,
281985302121,1,2,1,1,1,1,1,1,1,1,1,
281986302121,1,2,2,1,1,1,1,1,1,1,1,
281987302121,1,2,1,1,1,1,1,1,1,1,1,
281987802121,1,2,2,2,1,1,1,1,1,1,1,
281989302121,1,2,1,1,1,1,1,1,1,1,1,
281990802121,1,2,1,1,1,1,1,1,1,1,1,
281991302121,1,2,1,1,1,1,1,1,1,1,1,
281993802121,1,2,1,1,1,1,1,1,1,1,1,
281994302121,1,2,2,1,1,1,1,1,1,1,1,
281994802121,1,2,1,1,1,1,1,1,1,1,1,
281995802121,1,2,1,1,1,1,1,1,1,1,1,
281996302121,1,2,1,1,1,1,1,1,1,1,1,
281996802121,1,2,1,1,1,1,1,1,1,1,1,
281998302121,1,2,1,1,1,1,1,1,1,1,1,
281998802121,1,2,2,1,1,1,1,1,1,1,1,
281999802121,1,2,1,1,1,1,1,1,1,1,1,
282000302121,1,2,1,1,1,1,1,1,1,1,1,
282001302121,1,2,2,1,1,1,1,1,1,1,1,
282001802121,1,2,2,1,1,1,1,1,1,1,1,
282002302121,1,2,1,1,1,1,1,1,1,1,1,
282002802121,1,2,1,1,1,1,1,1,1,1,1,
282004302121,1,2,1,1,1,1,1,1,1,1,1,
282006302121,1,2,2,1,1,1,1,1,1,1,1,
282007302121,1,2,1,1,1,1,1,1,1,1,1,
282007802121,1,2,1,1,1,1,1,1,1,1,1,
282008302121,1,2,1,1,1,1,1,1,1,1,1,
282008802121,1,2,2,1,1,1,1,1,1,1,1,
282010302121,1,2,1,1,1,1,1,1,1,1,1,
282012802121,1,2,1,1,1,1,1,1,1,1,1,
282013302121,1,2,1,1,1,1,1,1,1,1,1,
282013802121,1,2,1,1,1,1,1,1,1,1,1,
282014802121,1,2,1,1,1,1,1,1,1,1,1,
282015802121,1,2,2,1,1,1,1,1,1,1,1,
282016302121,1,2,1,1,1,1,1,1,1,1,1,
282016802121,1,2,2,1,1,1,1,1,1,1,1,
282017302121,1,2,2,1,1,1,1,1,1,1,1,
282018302121,1,2,1,1,1,1,1,1,1,1,1,
282019802121,1,2,1,1,1,1,1,1,1,1,1,
282020302121,1,2,1,1,1,1,1,1,1,1,1,
282020802121,1,2,2,2,1,1,1,1,1,1,1,
282021302121,1,2,2,1,1,1,1,1,1,1,1,
282022802121,1,2,1,1,1,1,1,1,1,1,1,
282023802121,1,2,1,1,1,1,1,1,1,1,1,
282024302121,1,2,1,1,1,1,1,1,1,1,1,
282024802121,1,2,1,1,1,1,1,1,1,1,1,
282025302121,1,2,1,1,1,1,1,1,1,1,1,
282026302121,1,2,1,1,1,1,1,1,1,1,1,
282026802121,1,2,1,1,1,1,1,1,1,1,1,
282030802121,1,2,1,1,1,1,1,1,1,1,1,
282031302121,1,2,1,1,1,1,1,1,1,1,1,
282033302121,1,2,1,1,1,1,1,1,1,1,1,
282033802121,1,2,1,1,1,1,1,1,1,1,1,
282034302121,1,2,2,1,1,1,1,1,1,1,1,
282034802121,1,2,2,1,1,1,1,1,1,1,1,
282036302121,1,2,2,2,1,1,1,1,1,1,1,
282037302121,1,2,1,1,1,1,1,1,1,1,1,
282039802121,1,2,2,1,1,1,1,1,1,1,1,
282040302121,1,2,2,1,1,1,1,1,1,1,1,
282040802121,1,2,1,1,1,1,1,1,1,1,1,
282041302121,1,2,2,2,2,2,2,2,2,2,1,
282042302121,1,2,1,1,1,1,1,1,1,1,1,
282042802121,1,2,1,1,1,1,1,1,1,1,1,
282043302121,1,2,2,1,1,1,1,1,1,1,1,
282046802121,1,2,1,1,1,1,1,1,1,1,1,
282047302121,1,2,2,1,1,1,1,1,1,1,1,
282048302121,1,2,1,1,1,1,1,1,1,1,1,
282050802121,1,2,2,2,2,2,2,2,2,2,2,
282051302121,1,2,1,1,1,1,1,1,1,1,1,
282052802121,1,2,2,1,1,1,1,1,1,1,1,
282053802121,1,2,1,1,1,1,1,1,1,1,1,
282054302121,1,2,1,1,1,1,1,1,1,1,1,
282054802121,1,2,1,1,1,1,1,1,1,1,1,
282055802121,1,2,2,1,1,1,1,1,1,1,1,
282056802121,1,2,2,1,1,1,1,1,1,1,1,
282057802121,1,2,1,1,1,1,1,1,1,1,1,
282059302121,1,2,1,1,1,1,1,1,1,1,1,
282059802121,1,2,1,1,1,1,1,1,1,1,1,
282060802121,1,2,1,1,1,1,1,1,1,1,1,
282061302121,1,2,2,1,1,1,1,1,1,1,1,
282061802121,1,2,1,1,1,1,1,1,1,1,1,
282062302121,1,2,1,1,1,1,1,1,1,1,1,
282063302121,1,2,1,1,1,1,1,1,1,1,1,
282064302121,1,2,1,1,1,1,1,1,1,1,1,
282064802121,1,2,1,1,1,1,1,1,1,1,1,
282065302121,1,2,1,1,1,1,1,1,1,1,1,
282065802121,1,2,1,1,1,1,1,1,1,1,1,
282068302121,1,2,1,1,1,1,1,1,1,1,1,
282068802121,1,2,1,1,1,1,1,1,1,1,1,
282070802121,1,2,1,1,1,1,1,1,1,1,1,
282071302121,1,2,1,1,1,1,1,1,1,1,1,
282071802121,1,2,2,1,1,1,1,1,1,1,1,
282072802121,1,2,1,1,1,1,1,1,1,1,1,
282073302121,1,2,1,1,1,1,1,1,1,1,1,
282077302121,1,2,1,1,1,1,1,1,1,1,1,
282077802121,1,2,1,1,1,1,1,1,1,1,1,
282078802121,1,2,2,1,1,1,1,1,1,1,1,
282081302121,1,2,2,2,2,2,2,1,1,1,1,
282082302121,1,2,2,2,1,1,1,1,1,1,1,
282083302121,1,2,1,1,1,1,1,1,1,1,1,
282085302121,1,2,1,1,1,1,1,1,1,1,1,
282085802121,1,2,2,2,2,2,2,2,2,2,2,
282086302121,1,2,1,1,1,1,1,1,1,1,1,
282086802121,1,2,2,1,1,1,1,1,1,1,1,
282087802121,1,2,2,1,1,1,1,1,1,1,1,
282088302121,1,2,1,1,1,1,1,1,1,1,1,
282088802121,1,2,1,1,1,1,1,1,1,1,1,
282089802121,1,2,1,1,1,1,1,1,1,1,1,
282090302121,1,2,1,1,1,1,1,1,1,1,1,
282091302121,1,2,1,1,1,1,1,1,1,1,1,
282091802121,1,1,1,1,1,1,1,1,1,1,1,
282092302121,1,2,1,1,1,1,1,1,1,1,1,
282093802121,1,2,1,1,1,1,1,1,1,1,1,
282094802121,1,2,1,1,1,1,1,1,1,1,1,
282096802121,1,2,1,1,1,1,1,1,1,1,1,
282097302121,1,2,1,1,1,1,1,1,1,1,1,
282097802121,1,2,1,1,1,1,1,1,1,1,1,
282098302121,1,2,1,1,1,1,1,1,1,1,1,
282099302121,1,1,1,1,1,1,1,1,1,1,1,
282100302121,1,2,1,1,1,1,1,1,1,1,1,
282100802121,1,2,1,1,1,1,1,1,1,1,1,
282101802121,1,2,1,1,1,1,1,1,1,1,1,
282102302121,1,2,1,1,1,1,1,1,1,1,1,
282102802121,1,2,2,1,1,1,1,1,1,1,1,
282103302121,1,2,1,1,1,1,1,1,1,1,1,
282104302121,1,2,1,1,1,1,1,1,1,1,1,
282104802121,1,2,1,1,1,1,1,1,1,1,1,
282105802121,1,2,1,1,1,1,1,1,1,1,1,
282106302121,1,2,1,1,1,1,1,1,1,1,1,
282107302121,1,2,1,1,1,1,1,1,1,1,1,
282107802121,1,2,1,1,1,1,1,1,1,1,1,
282108802121,1,2,2,1,1,1,1,1,1,1,1,
282109302121,1,2,1,1,1,1,1,1,1,1,1,
282112302121,1,2,1,1,1,1,1,1,1,1,1,
282114302121,1,2,2,1,1,1,1,1,1,1,1,
282115302121,1,2,1,1,1,1,1,1,1,1,1,
282115802121,1,2,1,1,1,1,1,1,1,1,1,
282116302121,1,2,1,1,1,1,1,1,1,1,1,
282117302121,1,2,1,1,1,1,1,1,1,1,1,
282118302121,1,2,1,1,1,1,1,1,1,1,1,
282118802121,1,2,2,1,1,1,1,1,1,1,1,
282119302121,1,2,1,1,1,1,1,1,1,1,1,
282119802121,1,2,1,1,1,1,1,1,1,1,1,
282120302121,1,2,1,1,1,1,1,1,1,1,1,
282121802121,1,2,1,1,1,1,1,1,1,1,1,
282122802121,1,2,1,1,1,1,1,1,1,1,1,
282123302121,1,2,1,1,1,1,1,1,1,1,1,
282125802121,1,2,1,1,1,1,1,1,1,1,1,
282126802121,1,2,1,1,1,1,1,1,1,1,1,
282128302121,1,2,1,1,1,1,1,1,1,1,1,
282129302121,1,2,1,1,1,1,1,1,1,1,1,
282129802121,1,2,2,1,1,1,1,1,1,1,1,
282131302121,1,2,2,1,1,1,1,1,1,1,1,
282133802121,1,2,1,1,1,1,1,1,1,1,1,
282134302121,1,2,1,1,1,1,1,1,1,1,1,
282134802121,1,2,1,1,1,1,1,1,1,1,1,
282136302121,1,2,1,1,1,1,1,1,1,1,1,
282136802121,1,1,1,1,1,1,1,1,1,1,1,
282138802121,1,2,1,1,1,1,1,1,1,1,1,
282139302121,1,2,1,1,1,1,1,1,1,1,1,
282139802121,1,2,1,1,1,1,1,1,1,1,1,
282140802121,1,2,1,1,1,1,1,1,1,1,1,
282141802121,1,2,2,1,1,1,1,1,1,1,1,
282142302121,1,2,1,1,1,1,1,1,1,1,1,
282142802121,1,2,2,1,1,1,1,1,1,1,1,
282143302121,1,2,1,1,1,1,1,1,1,1,1,
282143802121,1,2,1,1,1,1,1,1,1,1,1,
282144302121,1,2,1,1,1,1,1,1,1,1,1,
282144802121,1,2,1,1,1,1,1,1,1,1,1,
282146302121,1,2,1,1,1,1,1,1,1,1,1,
282147802121,1,2,1,1,1,1,1,1,1,1,1,
282149802121,1,2,1,1,1,1,1,1,1,1,1,
282151302121,1,2,1,1,1,1,1,1,1,1,1,
282151802121,1,2,2,1,1,1,1,1,1,1,1,
282153302121,1,2,1,1,1,1,1,1,1,1,1,
282153802121,1,2,1,1,1,1,1,1,1,1,1,
282155802121,1,2,1,1,1,1,1,1,1,1,1,
282156802121,1,2,1,1,1,1,1,1,1,1,1,
282157802121,1,2,2,1,1,1,1,1,1,1,1,
282158302121,1,2,1,1,1,1,1,1,1,1,1,
282159302121,1,2,1,1,1,1,1,1,1,1,1,
282160302121,1,2,1,1,1,1,1,1,1,1,1,
282160802121,1,2,1,1,1,1,1,1,1,1,1,
282161302121,1,2,2,1,1,1,1,1,1,1,1,
282163802121,1,2,1,1,1,1,1,1,1,1,1,
282167302121,1,2,1,1,1,1,1,1,1,1,1,
282167802121,1,2,1,1,1,1,1,1,1,1,1,
282168302121,1,2,1,1,1,1,1,1,1,1,1,
282169302121,1,2,1,1,1,1,1,1,1,1,1,
282170302121,1,2,1,1,1,1,1,1,1,1,1,
282170802121,1,2,1,1,1,1,1,1,1,1,1,
282171802121,1,2,2,1,1,1,1,1,1,1,1,
282172302121,1,2,1,1,1,1,1,1,1,1,1,
282172802121,1,2,2,2,1,1,1,1,1,1,1,
282173302121,1,2,1,1,1,1,1,1,1,1,1,
282175302121,1,2,2,1,1,1,1,1,1,1,1,
282175802121,1,2,2,1,1,1,1,1,1,1,1,
282177302121,1,2,2,1,1,1,1,1,1,1,1,
282178302121,1,2,2,1,1,1,1,1,1,1,1,
282183802121,1,2,1,1,1,1,1,1,1,1,1,
282185802121,1,2,2,1,1,1,1,1,1,1,1,
282187302121,1,2,2,1,1,1,1,1,1,1,1,
282189802121,1,2,2,1,1,1,1,1,1,1,1,
282192302121,1,2,1,1,1,1,1,1,1,1,1,
282192802121,1,2,2,1,1,1,1,1,1,1,1,
282193302121,1,2,1,1,1,1,1,1,1,1,1,
282193802121,1,2,1,1,1,1,1,1,1,1,1,
282195302121,1,2,1,1,1,1,1,1,1,1,1,
282195802121,1,2,1,1,1,1,1,1,1,1,1,
282196302121,1,2,1,1,1,1,1,1,1,1,1,
282197302121,1,2,1,1,1,1,1,1,1,1,1,
282197802121,1,2,1,1,1,1,1,1,1,1,1,
282198302121,1,2,1,1,1,1,1,1,1,1,1,
282198802121,1,2,2,1,1,1,1,1,1,1,1,
282199802121,1,2,1,1,1,1,1,1,1,1,1,
282200302121,1,2,1,1,1,1,1,1,1,1,1,
282200802121,1,2,2,1,1,1,1,1,1,1,1,
282201302121,1,2,1,1,1,1,1,1,1,1,1,
282201802121,1,2,2,1,1,1,1,1,1,1,1,
282202302121,1,2,1,1,1,1,1,1,1,1,1,
282203802121,1,2,1,1,1,1,1,1,1,1,1,
282204302121,1,2,1,1,1,1,1,1,1,1,1,
282206302121,1,2,2,1,1,1,1,1,1,1,1,
282206802121,1,2,1,1,1,1,1,1,1,1,1,
282208302121,1,2,2,1,1,1,1,1,1,1,1,
282209302121,1,2,1,1,1,1,1,1,1,1,1,
282211802121,1,2,1,1,1,1,1,1,1,1,1,
282212302121,1,2,1,1,1,1,1,1,1,1,1,
282213302121,1,2,1,1,1,1,1,1,1,1,1,
282214802121,1,2,2,1,1,1,1,1,1,1,1,
282215802121,1,2,2,1,1,1,1,1,1,1,1,
282217802121,1,2,2,2,2,2,1,1,1,1,1,
282218302121,1,2,1,1,1,1,1,1,1,1,1,
282218802121,1,2,1,1,1,1,1,1,1,1,1,
282219302121,1,2,2,1,1,1,1,1,1,1,1,
282219802121,1,2,1,1,1,1,1,1,1,1,1,
282220802121,1,2,1,1,1,1,1,1,1,1,1,
282221802121,1,2,1,1,1,1,1,1,1,1,1,
282222302121,1,2,1,1,1,1,1,1,1,1,1,
282223302121,1,2,1,1,1,1,1,1,1,1,1,
282224302121,1,2,2,1,1,1,1,1,1,1,1,
282225302121,1,2,1,1,1,1,1,1,1,1,1,
282225802121,1,2,1,1,1,1,1,1,1,1,1,
282227802121,1,2,2,2,2,1,1,1,1,1,1,
282228302121,1,1,1,1,1,1,1,1,1,1,1,
282228802121,1,2,1,1,1,1,1,1,1,1,1,
282229302121,1,2,1,1,1,1,1,1,1,1,1,
282230802121,1,2,1,1,1,1,1,1,1,1,1,
282231302121,1,2,2,2,2,2,2,2,2,2,2,
282233302121,1,2,1,1,1,1,1,1,1,1,1,
282233802121,1,2,1,1,1,1,1,1,1,1,1,
282235802121,1,2,1,1,1,1,1,1,1,1,1,
282236802121,1,2,2,1,1,1,1,1,1,1,1,
282237302121,1,2,1,1,1,1,1,1,1,1,1,
282237802121,1,2,2,2,2,2,2,2,2,2,2,
282238302121,1,2,1,1,1,1,1,1,1,1,1,
282238802121,1,1,1,1,1,1,1,1,1,1,1,
282240302121,1,2,1,1,1,1,1,1,1,1,1,
282241802121,1,2,2,1,1,1,1,1,1,1,1,
282242302121,1,1,1,1,1,1,1,1,1,1,1,
282243302121,1,2,1,1,1,1,1,1,1,1,1,
282244302121,1,2,2,2,1,1,1,1,1,1,1,
282244802121,1,2,1,1,1,1,1,1,1,1,1,
282246802121,1,2,2,1,1,1,1,1,1,1,1,
282247302121,1,2,2,1,1,1,1,1,1,1,1,
282247802121,1,2,2,1,1,1,1,1,1,1,1,
282248302121,1,2,1,1,1,1,1,1,1,1,1,
282249302121,1,2,1,1,1,1,1,1,1,1,1,
282250802121,1,2,1,1,1,1,1,1,1,1,1,
282251802121,1,2,1,1,1,1,1,1,1,1,1,
282252302121,1,2,1,1,1,1,1,1,1,1,1,
282252802121,1,2,2,2,2,2,2,1,1,1,1,
282253302121,1,2,1,1,1,1,1,1,1,1,1,
282253802121,1,1,1,1,1,1,1,1,1,1,1,
282255302121,1,2,1,1,1,1,1,1,1,1,1,
282256302121,1,2,1,1,1,1,1,1,1,1,1,
282256802121,1,2,2,2,2,2,2,2,2,2,2,
282257802121,1,2,2,2,2,2,2,2,1,1,1,
282258302121,1,2,1,1,1,1,1,1,1,1,1,
282258802121,1,2,1,1,1,1,1,1,1,1,1,
282260302121,1,2,2,2,1,1,1,1,1,1,1,
282260802121,1,2,2,1,1,1,1,1,1,1,1,
282261802121,1,2,2,1,1,1,1,1,1,1,1,
282263302121,1,2,2,2,1,1,1,1,1,1,1,
282264302121,1,2,1,1,1,1,1,1,1,1,1,
282264802121,1,2,2,1,1,1,1,1,1,1,1,
282265302121,1,2,2,2,2,2,2,2,2,2,2,
282266802121,1,2,1,1,1,1,1,1,1,1,1,
282267302121,1,2,2,1,1,1,1,1,1,1,1,
282268802121,1,2,1,1,1,1,1,1,1,1,1,
282269802121,1,2,1,1,1,1,1,1,1,1,1,
282270302121,1,2,2,2,2,2,2,2,2,2,2,
282271302121,1,2,1,1,1,1,1,1,1,1,1,
282272302121,1,2,1,1,1,1,1,1,1,1,1,
282272802121,1,2,2,2,1,1,1,1,1,1,1,
282273302121,1,2,1,1,1,1,1,1,1,1,1,
282275302121,1,2,1,1,1,1,1,1,1,1,1,
282276302121,1,2,1,1,1,1,1,1,1,1,1,
282276802121,1,2,2,1,1,1,1,1,1,1,1,
282277302121,1,2,1,1,1,1,1,1,1,1,1,
282277802121,1,2,2,1,1,1,1,1,1,1,1,
282278802121,1,2,2,1,1,1,1,1,1,1,1,
282279302121,1,2,1,1,1,1,1,1,1,1,1,
282279802121,1,2,1,1,1,1,1,1,1,1,1,
282280302121,1,1,1,1,1,1,1,1,1,1,1,
282280802121,1,2,2,2,2,2,2,2,2,2,2,
282281302121,1,2,1,1,1,1,1,1,1,1,1,
282281802121,1,2,1,1,1,1,1,1,1,1,1,
282282302121,1,2,1,1,1,1,1,1,1,1,1,
282282802121,1,2,2,2,2,2,2,2,2,2,2,
282283302121,1,2,1,1,1,1,1,1,1,1,1,
282283802121,1,2,1,1,1,1,1,1,1,1,1,
282285302121,1,2,1,1,1,1,1,1,1,1,1,
282286802121,1,2,2,2,2,2,2,2,2,2,2,
282287302121,1,2,2,1,1,1,1,1,1,1,1,
282287802121,1,2,1,1,1,1,1,1,1,1,1,
282288302121,1,2,1,1,1,1,1,1,1,1,1,
282288802121,1,2,2,1,1,1,1,1,1,1,1,
282289802121,1,2,1,1,1,1,1,1,1,1,1,
282290302121,1,2,2,2,2,2,2,2,2,2,1,
282293802121,1,2,1,1,1,1,1,1,1,1,1,
282294302121,1,2,2,1,1,1,1,1,1,1,1,
282294802121,1,2,1,1,1,1,1,1,1,1,1,
282295302121,1,1,1,1,1,1,1,1,1,1,1,
282296302121,1,2,1,1,1,1,1,1,1,1,1,
282296802121,1,2,1,1,1,1,1,1,1,1,1,
282297302121,1,2,1,1,1,1,1,1,1,1,1,
282298802121,1,2,2,1,1,1,1,1,1,1,1,
282301802121,1,2,2,1,1,1,1,1,1,1,1,
282303802121,1,2,2,1,1,1,1,1,1,1,1,
282305802121,1,2,1,1,1,1,1,1,1,1,1,
282306302121,1,2,1,1,1,1,1,1,1,1,1,
282306802121,1,2,1,1,1,1,1,1,1,1,1,
282307802121,1,2,1,1,1,1,1,1,1,1,1,
282308302121,1,2,1,1,1,1,1,1,1,1,1,
282309802121,1,2,1,1,1,1,1,1,1,1,1,
282311302121,1,2,2,1,1,1,1,1,1,1,1,
282311802121,1,2,2,1,1,1,1,1,1,1,1,
282312802121,1,2,1,1,1,1,1,1,1,1,1,
282313802121,1,2,1,1,1,1,1,1,1,1,1,
282314302121,1,2,2,1,1,1,1,1,1,1,1,
282315302121,1,2,2,1,1,1,1,1,1,1,1,
282317302121,1,2,2,1,1,1,1,1,1,1,1,
282317802121,1,2,2,2,2,2,2,2,2,2,1,
282318302121,1,2,1,1,1,1,1,1,1,1,1,
282318802121,1,2,1,1,1,1,1,1,1,1,1,
282320302121,1,2,2,2,2,2,2,2,2,1,1,
282321802121,1,2,2,2,2,2,2,2,2,2,2,
282322302121,1,2,1,1,1,1,1,1,1,1,1,
282323302121,1,2,1,1,1,1,1,1,1,1,1,
282324302121,1,2,2,1,1,1,1,1,1,1,1,
282324802121,1,2,1,1,1,1,1,1,1,1,1,
282325302121,1,2,1,1,1,1,1,1,1,1,1,
282326302121,1,2,2,2,2,2,2,2,2,2,1,
282326802121,1,2,2,1,1,1,1,1,1,1,1,
282327302121,1,2,2,1,1,1,1,1,1,1,1,
282327802121,1,2,1,1,1,1,1,1,1,1,1,
282328302121,1,2,1,1,1,1,1,1,1,1,1,
282328802121,1,2,1,1,1,1,1,1,1,1,1,
282329802121,1,2,1,1,1,1,1,1,1,1,1,
282330302121,1,2,2,1,1,1,1,1,1,1,1,
282330802121,1,1,1,1,1,1,1,1,1,1,1,
282331302121,1,2,1,1,1,1,1,1,1,1,1,
282333302121,1,2,1,1,1,1,1,1,1,1,1,
282334302121,1,2,1,1,1,1,1,1,1,1,1,
282335302121,1,2,1,1,1,1,1,1,1,1,1,
282337302121,1,2,1,1,1,1,1,1,1,1,1,
282339802121,1,2,2,1,1,1,1,1,1,1,1,
282340802121,1,2,1,1,1,1,1,1,1,1,1,
282341302121,1,2,1,1,1,1,1,1,1,1,1,
282341802121,1,2,2,1,1,1,1,1,1,1,1,
282342802121,1,2,2,1,1,1,1,1,1,1,1,
282343802121,1,2,1,1,1,1,1,1,1,1,1,
282344302121,1,2,1,1,1,1,1,1,1,1,1,
282344802121,1,2,1,1,1,1,1,1,1,1,1,
282345302121,1,2,1,1,1,1,1,1,1,1,1,
282345802121,1,2,1,1,1,1,1,1,1,1,1,
282346802121,1,2,1,1,1,1,1,1,1,1,1,
282347302121,1,2,1,1,1,1,1,1,1,1,1,
282348802121,1,2,2,1,1,1,1,1,1,1,1,
282349802121,1,2,2,1,1,1,1,1,1,1,1,
282354302121,1,2,2,1,1,1,1,1,1,1,1,
282354802121,1,2,2,1,1,1,1,1,1,1,1,
282355802121,1,2,1,1,1,1,1,1,1,1,1,
282356302121,1,2,1,1,1,1,1,1,1,1,1,
282356802121,1,2,2,1,1,1,1,1,1,1,1,
282357802121,1,2,1,1,1,1,1,1,1,1,1,
282359302121,1,2,1,1,1,1,1,1,1,1,1,
282359802121,1,2,1,1,1,1,1,1,1,1,1,
282360802121,1,2,2,1,1,1,1,1,1,1,1,
282361302121,1,2,2,1,1,1,1,1,1,1,1,
282361802121,1,2,2,1,1,1,1,1,1,1,1,
282362302121,1,2,2,1,1,1,1,1,1,1,1,
282362802121,1,2,1,1,1,1,1,1,1,1,1,
282363802121,1,2,1,1,1,1,1,1,1,1,1,
282364302121,1,1,1,1,1,1,1,1,1,1,1,
282364802121,1,2,1,1,1,1,1,1,1,1,1,
282365302121,1,2,1,1,1,1,1,1,1,1,1,
282365802121,1,2,2,1,1,1,1,1,1,1,1,
282366302121,1,2,1,1,1,1,1,1,1,1,1,
282369302121,1,2,1,1,1,1,1,1,1,1,1,
282370302121,1,2,1,1,1,1,1,1,1,1,1,
282370802121,1,2,1,1,1,1,1,1,1,1,1,
282371302121,1,2,1,1,1,1,1,1,1,1,1,
282372802121,1,2,1,1,1,1,1,1,1,1,1,
282373302121,1,2,1,1,1,1,1,1,1,1,1,
282375802121,1,2,1,1,1,1,1,1,1,1,1,
282377802121,1,2,2,1,1,1,1,1,1,1,1,
282378802121,1,2,1,1,1,1,1,1,1,1,1,
282379302121,1,2,1,1,1,1,1,1,1,1,1,
282379802121,1,2,1,1,1,1,1,1,1,1,1,
282380802121,1,2,2,1,1,1,1,1,1,1,1,
282381302121,1,2,1,1,1,1,1,1,1,1,1,
282382802121,1,2,2,2,1,1,1,1,1,1,1,
282384302121,1,2,2,1,1,1,1,1,1,1,1,
282385302121,1,2,1,1,1,1,1,1,1,1,1,
282386302121,1,2,1,1,1,1,1,1,1,1,1,
282387802121,1,2,1,1,1,1,1,1,1,1,1,
282389802121,1,2,2,1,1,1,1,1,1,1,1,
282390802121,1,1,1,1,1,1,1,1,1,1,1,
282391802121,1,2,1,1,2,2,2,1,1,1,1,
282392302121,1,2,2,2,2,2,2,1,1,1,1,
282397802121,1,2,2,1,1,1,1,1,1,1,1,
282398802121,1,2,2,1,1,1,1,1,1,1,1,
282399302121,1,2,1,1,1,1,1,1,1,1,1,
282399802121,1,2,1,1,1,1,1,1,1,1,1,
282400802121,1,2,2,1,1,1,1,1,1,1,1,
282401302121,1,2,1,1,1,1,1,1,1,1,1,
282401802121,1,2,2,1,1,1,1,1,1,1,1,
282402302121,1,2,2,1,1,1,1,1,1,1,1,
282404302121,1,2,2,1,1,1,1,1,1,1,1,
282405802121,1,2,1,1,1,1,1,1,1,1,1,
282406302121,1,2,2,1,1,1,1,1,1,1,1,
282408302121,1,2,2,1,1,1,1,1,1,1,1,
282409802121,1,2,2,1,1,1,1,1,1,1,1,
282410302121,1,2,1,1,1,1,1,1,1,1,1,
282410802121,1,2,1,1,1,1,1,1,1,1,1,
282411302121,1,2,2,2,1,1,1,1,1,1,1,
282412302121,1,2,1,1,1,1,1,1,1,1,1,
282412802121,1,2,2,1,1,1,1,1,1,1,1,
282413802121,1,2,1,1,1,1,1,1,1,1,1,
282415302121,1,2,2,1,1,1,1,1,1,1,1,
282415802121,1,2,1,1,1,1,1,1,1,1,1,

